digraph G {
color = "black"
0[label = "Index: 0 
P0: 0 0 0 
P1: 0 0 0 
P2: 0 0 0 
P3: 0 0 0 
P4: 0 0 0 
", style="filled", fillcolor = "green"]
1[label = "Index: 1 
P0: 0 -1 0 
P1: 0 0 0 
P2: 0 0 0 
P3: 0 0 0 
P4: 0 0 0 
", color = "orange"]
2[label = "Index: 2 
P0: 0 -1 0 
P1: 1 0 0 
P2: 0 0 0 
P3: 0 0 0 
P4: 0 0 0 
", color = "orange"]
3[label = "Index: 3 
P0: 1 -1 0 
P1: 1 0 0 
P2: 0 0 0 
P3: 0 0 0 
P4: 0 0 0 
"]
4[label = "Index: 4 
P0: 0 -1 0 
P1: 1 0 0 
P2: 0 -1 0 
P3: 0 0 0 
P4: 0 0 0 
", color = "orange"]
5[label = "Index: 5 
P0: 0 -1 0 
P1: 1 0 0 
P2: 0 -1 0 
P3: 1 0 0 
P4: 0 0 0 
", color = "orange"]
6[label = "Index: 6 
P0: 0 -1 0 
P1: 2 0 0 
P2: 0 -1 0 
P3: 1 0 0 
P4: 0 0 0 
"]
7[label = "Index: 7 
P0: 0 -1 0 
P1: 2 0 0 
P2: 0 -1 0 
P3: 2 0 0 
P4: 0 0 0 
", color = "orange"]
8[label = "Index: 8 
P0: 0 -1 0 
P1: 2 0 0 
P2: 0 0 0 
P3: 2 0 0 
P4: 0 0 0 
", color = "orange"]
9[label = "Index: 9 
P0: 1 -1 0 
P1: 2 0 0 
P2: 0 0 0 
P3: 2 0 0 
P4: 0 0 0 
"]
10[label = "Index: 10 
P0: 2 -1 0 
P1: 2 0 0 
P2: 0 0 0 
P3: 2 0 0 
P4: 0 0 0 
", color = "orange"]
11[label = "Index: 11 
P0: 2 -2 0 
P1: 2 0 0 
P2: 0 0 0 
P3: 2 0 0 
P4: 0 0 0 
"]
12[label = "Index: 12 
P0: 2 -2 0 
P1: 2 0 0 
P2: 0 -1 0 
P3: 2 0 0 
P4: 0 0 0 
", color = "orange"]
13[label = "Index: 13 
P0: 2 -2 0 
P1: 2 0 0 
P2: 0 -1 0 
P3: 1 0 0 
P4: 0 0 0 
", color = "orange"]
14[label = "Index: 14 
P0: 2 -2 1 
P1: 2 0 0 
P2: 0 -1 0 
P3: 1 0 0 
P4: 0 0 0 
", style="filled", fillcolor = "red"]
15[label = "Index: 15 
P0: 2 -2 2 
P1: 2 0 0 
P2: 0 -1 0 
P3: 1 0 0 
P4: 0 0 0 
", color = "purple"]
16[label = "Index: 16 
P0: 2 -2 1 
", color = "fuchsia"]
17[label = "Index: 17 
P1: 2 0 0 
P2: 0 -1 0 
P3: 1 0 0 
P4: 0 0 0 
", color = "red"]
18[label = "Index: 18 
P1: 1 0 0 
P2: 0 -1 0 
P3: 1 0 0 
P4: 0 0 0 
"]
19[label = "Index: 19 
P2: 0 -1 0 
", color = "fuchsia"]
20[label = "Index: 20 
P1: 2 0 0 
P3: 1 0 0 
P4: 0 0 0 
", color = "orange"]
21[label = "Index: 21 
P1: 1 0 0 
P3: 1 0 0 
P4: 0 0 0 
", color = "red"]
22[label = "Index: 22 
P1: 2 0 0 
P3: 2 0 0 
P4: 0 0 0 
"]
23[label = "Index: 23 
P1: 1 0 0 
P3: 0 0 0 
P4: 0 0 0 
"]
24[label = "Index: 24 
P1: 1 0 0 
", color = "fuchsia"]
25[label = "Index: 25 
P3: 1 0 0 
P4: 0 0 0 
", color = "red"]
26[label = "Index: 26 
P3: 1 0 0 
", style="filled", fillcolor = "blue"]
27[label = "Index: 27 
P4: 0 0 0 
", color = "fuchsia"]
0 -> 1

1 -> 0
1 -> 2
1 -> 3

2 -> 1
2 -> 3
2 -> 4

3 -> 1
3 -> 2

4 -> 2
4 -> 5
4 -> 6

5 -> 4
5 -> 6
5 -> 7

6 -> 4
6 -> 5
6 -> 7

7 -> 5
7 -> 6
7 -> 8

8 -> 7
8 -> 9
8 -> 10

9 -> 8
9 -> 10

10 -> 8
10 -> 9
10 -> 11
10 -> 12

11 -> 10
11 -> 12

12 -> 10
12 -> 11
12 -> 13

13 -> 12
13 -> 14
13 -> 15

14 -> 13
14 -> 17
14 -> 16

15 -> 13

17 -> 18
17 -> 20
17 -> 19

18 -> 17

20 -> 21
20 -> 22
20 -> 23

21 -> 20
21 -> 25
21 -> 24

22 -> 20

23 -> 20

25 -> 27
25 -> 26

}
