digraph G {
color = "black"
0[label = "Index: 0 
P0: 0 0 0 
P1: 0 0 0 
P2: 0 0 0 
P3: 0 0 0 
P4: 0 0 0 
P5: 0 0 0 
P6: 0 0 0 
", color = "green"]
1[label = "Index: 1 
P0: 0 -1 0 
P1: 0 0 0 
P2: 0 0 0 
P3: 0 0 0 
P4: 0 0 0 
P5: 0 0 0 
P6: 0 0 0 
", color = "orange"]
2[label = "Index: 2 
P0: 0 -1 0 
P1: 0 0 -1 
P2: 0 0 0 
P3: 0 0 0 
P4: 0 0 0 
P5: 0 0 0 
P6: 0 0 0 
"]
3[label = "Index: 3 
P0: 0 -1 0 
P1: 0 0 -1 
P2: 0 0 -1 
P3: 0 0 0 
P4: 0 0 0 
P5: 0 0 0 
P6: 0 0 0 
"]
4[label = "Index: 4 
P0: 0 -1 0 
P1: 0 0 -1 
P2: 0 0 -1 
P3: 0 0 -1 
P4: 0 0 0 
P5: 0 0 0 
P6: 0 0 0 
", color = "orange"]
5[label = "Index: 5 
P0: 0 -1 0 
P1: 0 0 -1 
P2: 0 0 -1 
P3: 0 0 -1 
P4: -1 0 0 
P5: 0 0 0 
P6: 0 0 0 
"]
6[label = "Index: 6 
P0: 0 -1 0 
P1: 0 0 -1 
P2: 0 0 -1 
P3: 0 0 -1 
P4: -1 0 0 
P5: -1 0 0 
P6: 0 0 0 
", color = "orange"]
7[label = "Index: 7 
P0: 0 -2 0 
P1: 0 0 -1 
P2: 0 0 -1 
P3: 0 0 -1 
P4: -1 0 0 
P5: -1 0 0 
P6: 0 0 0 
", color = "orange"]
8[label = "Index: 8 
P0: 1 -2 0 
P1: 0 0 -1 
P2: 0 0 -1 
P3: 0 0 -1 
P4: -1 0 0 
P5: -1 0 0 
P6: 0 0 0 
", color = "red"]
9[label = "Index: 9 
P0: 1 -2 0 
P1: 0 0 -1 
P2: 0 0 -1 
P3: 0 0 -1 
P4: -1 0 0 
P5: 0 0 0 
P6: 0 0 0 
", color = "purple"]
10[label = "Index: 10 
P0: 1 -2 0 
P1: 0 0 -1 
P2: 0 0 -1 
P3: 0 0 -1 
P4: 0 0 0 
P5: 0 0 0 
P6: 0 0 0 
", color = "purple"]
11[label = "Index: 11 
P0: 1 -2 0 
P1: 1 0 -1 
P2: 1 0 -1 
P3: 1 0 -1 
P4: 0 0 0 
P5: 0 0 0 
P6: 0 0 0 
", color = "purple"]
12[label = "Index: 12 
P0: 1 -2 0 
P1: 1 0 -2 
P2: 1 0 -1 
P3: 1 0 -1 
P4: 0 0 0 
P5: 0 0 0 
P6: 0 0 0 
"]
13[label = "Index: 13 
P0: 1 -2 0 
P1: 1 0 -3 
P2: 1 0 -1 
P3: 1 0 -1 
P4: 0 0 0 
P5: 0 0 0 
P6: 0 0 0 
"]
14[label = "Index: 14 
P0: 1 -2 0 
P1: 1 0 -2 
P2: 1 0 -2 
P3: 1 0 -1 
P4: 0 0 0 
P5: 0 0 0 
P6: 0 0 0 
"]
15[label = "Index: 15 
P0: 1 -2 0 
P1: 1 0 -3 
P2: 1 0 -3 
P3: 1 0 -1 
P4: 0 0 0 
P5: 0 0 0 
P6: 0 0 0 
"]
16[label = "Index: 16 
P1: 0 0 -1 
P2: 0 0 -1 
P3: 0 0 -1 
P4: -1 0 0 
P5: -1 0 0 
P6: 0 0 0 
", color = "green"]
17[label = "Index: 17 
P1: 0 0 -1 
P2: 0 0 -1 
P3: 0 0 -1 
P4: -1 0 0 
P5: 0 0 0 
P6: 0 0 0 
"]
18[label = "Index: 18 
P1: 0 0 -1 
P2: 0 0 -1 
P3: 0 0 -1 
P4: 0 0 0 
P5: 0 0 0 
P6: 0 0 0 
"]
19[label = "Index: 19 
P1: 1 0 -1 
P2: 1 0 -1 
P3: 1 0 -1 
P4: 0 0 0 
P5: 0 0 0 
P6: 0 0 0 
", color = "red"]
20[label = "Index: 20 
P1: 0 0 -1 
P2: 0 0 -1 
P3: 0 0 0 
P4: 0 0 0 
P5: 0 0 0 
P6: 0 0 0 
"]
21[label = "Index: 21 
P1: 0 0 -1 
P2: 0 0 0 
P3: 0 0 0 
P4: 0 0 0 
P5: 0 0 0 
P6: 0 0 0 
"]
22[label = "Index: 22 
P1: 0 0 0 
P2: 0 0 0 
P3: 0 0 0 
P4: 0 0 0 
P5: 0 0 0 
P6: 0 0 0 
"]
23[label = "Index: 23 
P1: 1 0 -2 
P2: 1 0 -1 
P3: 1 0 -1 
P4: 0 0 0 
P5: 0 0 0 
P6: 0 0 0 
"]
24[label = "Index: 24 
P1: 1 0 -3 
P2: 1 0 -1 
P3: 1 0 -1 
P4: 0 0 0 
P5: 0 0 0 
P6: 0 0 0 
"]
25[label = "Index: 25 
P1: 1 0 -2 
P2: 1 0 -2 
P3: 1 0 -1 
P4: 0 0 0 
P5: 0 0 0 
P6: 0 0 0 
"]
26[label = "Index: 26 
P1: 1 0 -3 
P2: 1 0 -3 
P3: 1 0 -1 
P4: 0 0 0 
P5: 0 0 0 
P6: 0 0 0 
"]
27[label = "Index: 27 
P4: 0 0 0 
P5: 0 0 0 
P6: 0 0 0 
", color = "red"]
28[label = "Index: 28 
P5: 0 0 0 
P6: 0 0 0 
", color = "red"]
29[label = "Index: 29 
P6: 0 0 0 
", color = "blue"]
0 -> 1

1 -> 0
1 -> 2
1 -> 3
1 -> 4

2 -> 1
2 -> 3
2 -> 4

3 -> 1
3 -> 2
3 -> 4

4 -> 1
4 -> 2
4 -> 3
4 -> 5
4 -> 6

5 -> 4
5 -> 6

6 -> 4
6 -> 5
6 -> 7

7 -> 6
7 -> 8
7 -> 9
7 -> 10
7 -> 11

8 -> 7
8 -> 16

9 -> 7

10 -> 7

11 -> 7
11 -> 12
11 -> 13
11 -> 14
11 -> 15

12 -> 11

13 -> 11

14 -> 11

15 -> 11

16 -> 17
16 -> 18
16 -> 19

17 -> 16
17 -> 18
17 -> 19

18 -> 16
18 -> 17
18 -> 20
18 -> 21
18 -> 19
18 -> 22

19 -> 16
19 -> 17
19 -> 18
19 -> 23
19 -> 24
19 -> 25
19 -> 26
19 -> 27[style=bold label=" Remove P1 P2 P3 "];


20 -> 18

21 -> 18

22 -> 18

23 -> 19

24 -> 19

25 -> 19

26 -> 19

27 -> 28[style=bold label=" Remove P4 "];


28 -> 29[style=bold label=" Remove P5 "];


}
