graph G {
color = "black"
0 [label = "P1: 0 0 0 
P2: 0 0 0 
P3: 0 0 0 
P4: 0 0 0 
",  style="filled", fillcolor = "#96FF96"];
1 [label = "P1: 0 0 1 
P2: 0 0 0 
P3: 0 0 0 
P4: 0 0 0 
"];
2 [label = "P1: 0 0 1 
P2: 0 1 0 
P3: 0 0 0 
P4: 0 0 0 
"];
3 [label = "P1: 0 0 2 
P2: 0 1 0 
P3: 0 0 0 
P4: 0 0 0 
"];
4 [label = "P1: 0 0 2 
P2: 0 2 0 
P3: 0 0 0 
P4: 0 0 0 
"];
5 [label = "P1: -1 0 2 
P2: 0 2 0 
P3: 0 0 0 
P4: 0 0 0 
"];
6 [label = "P1: -1 0 3 
P2: 0 2 1 
P3: 0 0 0 
P4: 0 0 0 
",  style="filled", fillcolor = "#FF9696"];
7 [label = "P1: -1 0 4 
P2: 0 2 2 
P3: 0 0 0 
P4: 0 0 0 
",  style="filled", fillcolor = "#FF9696"];
8 [label = "P1: -1 0 3 
",  style="filled", fillcolor = "#FF96FF"];
9 [label = "P2: 0 2 1 
P3: 0 0 0 
P4: 0 0 0 
"];
10 [label = "P2: 0 2 0 
P3: 0 0 0 
P4: 0 0 0 
"];
11 [label = "P2: 0 2 2 
P3: 0 0 0 
P4: 0 0 0 
"];
12 [label = "P2: 0 1 0 
P3: 0 0 0 
P4: 0 0 0 
"];
13 [label = "P2: 0 0 0 
P3: 0 0 0 
P4: 0 0 0 
"];
14 [label = "P2: 0 2 2 
",  style="filled", fillcolor = "#FF96FF"];
15 [label = "P3: 0 0 0 
P4: 0 0 0 
"];
16 [label = "P3: 1 0 0 
P4: 0 0 0 
"];
17 [label = "P3: 1 -1 0 
P4: 0 0 0 
"];
18 [label = "P3: 2 -1 0 
P4: 0 0 0 
"];
19 [label = "P3: 2 -1 0 
", style="filled", fillcolor = "#9696FF"];
20 [label = "P4: 0 0 0 
",  style="filled", fillcolor = "#FF96FF"];
edge [style=bold];
0 -- 1 [color="#1E96FF", penwidth=4.0];

1 -- 2 [color="#1E96FF", penwidth=4.0];

2 -- 3 [color="#1E96FF", penwidth=4.0];

3 -- 4 [color="#1E96FF", penwidth=4.0];

4 -- 5 [color="#1E96FF", penwidth=4.0];

5 -- 6 [color="#1E96FF", penwidth=4.0];
5 -- 7 [color=black];

6 -- 9 [color=black];
6 -- 8 [color=black];


9 -- 10 [color=black];
9 -- 11 [color="#1E96FF", penwidth=4.0];

10 -- 12 [color=black];
10 -- 13 [color=black];
10 -- 11 [color=black];

11 -- 15 [color="#1E96FF", penwidth=4.0];
11 -- 14 [color=black];



15 -- 16 [color="#1E96FF", penwidth=4.0];

16 -- 17 [color="#1E96FF", penwidth=4.0];

17 -- 18 [color="#1E96FF", penwidth=4.0];

18 -- 20 [color=black];
18 -- 19 [color="#1E96FF", penwidth=4.0];

}
