graph G {
color = "black"
0 [label = "P1: 0 0 0 
P2: 0 0 0 
P3: 0 0 0 
P4: 0 0 0 
P5: 0 0 0 
",  style="filled", fillcolor = "#96FF96"];
1 [label = "P1: 1 0 0 
P2: 0 0 0 
P3: 0 0 0 
P4: 0 0 0 
P5: 0 0 0 
"];
2 [label = "P1: 1 0 0 
P2: 0 0 1 
P3: 0 0 0 
P4: 0 0 0 
P5: 0 0 0 
"];
3 [label = "P1: 1 0 0 
P2: 0 0 1 
P3: 0 0 1 
P4: 0 0 0 
P5: 0 0 0 
"];
4 [label = "P1: 1 0 0 
P2: 0 0 1 
P3: 0 0 0 
P4: 1 0 0 
P5: 0 0 0 
"];
5 [label = "P1: 2 0 0 
P2: 0 0 1 
P3: 0 0 0 
P4: 1 0 0 
P5: 0 0 0 
",  style="filled", fillcolor = "#FF9696"];
6 [label = "P1: 1 0 0 
P2: 0 0 1 
P3: 0 0 1 
P4: 1 0 0 
P5: 0 0 0 
"];
7 [label = "P1: 2 0 0 
P2: 0 0 1 
P3: 0 0 1 
P4: 1 0 0 
P5: 0 0 0 
",  style="filled", fillcolor = "#FF9696"];
8 [label = "P1: 2 0 1 
P2: 0 0 1 
P3: 0 0 0 
P4: 1 0 0 
P5: 0 0 0 
"];
9 [label = "P1: 2 0 1 
P2: 0 0 1 
P3: 0 0 1 
P4: 1 0 0 
P5: 0 0 0 
"];
10 [label = "P3: 0 0 0 
P4: 1 0 0 
P5: 0 0 0 
"];
11 [label = "P3: 0 0 0 
",  style="filled", fillcolor = "#FF96FF"];
12 [label = "P4: 1 0 0 
P5: 0 0 0 
"];
13 [label = "P4: 1 0 0 
", style="filled", fillcolor = "#9696FF"];
14 [label = "P5: 0 0 0 
",  style="filled", fillcolor = "#FF96FF"];
15 [label = "P1: 2 0 0 
P2: 0 0 1 
"];
16 [label = "P2: 0 0 1 
",  style="filled", fillcolor = "#FF96FF"];
17 [label = "P1: 2 0 0 
",  style="filled", fillcolor = "#FF96FF"];
edge [style=bold];
0 -- 1 [color="#1E96FF", penwidth=4.0];

1 -- 2 [color="#1E96FF", penwidth=4.0];
1 -- 3 [color=black];

2 -- 3 [color=black];
2 -- 4 [color=black];
2 -- 5 [color="#1E96FF", penwidth=4.0];

3 -- 6 [color=black];
3 -- 7 [color=black];

4 -- 5 [color=black];
4 -- 6 [color=black];

5 -- 8 [color=black];
5 -- 10 [color="#1E96FF", penwidth=4.0];
5 -- 15 [color=black];

6 -- 7 [color=black];

7 -- 9 [color=black];



10 -- 12 [color="#1E96FF", penwidth=4.0];
10 -- 11 [color=black];

12 -- 14 [color=black];
12 -- 13 [color="#1E96FF", penwidth=4.0];

15 -- 16 [color=black];
15 -- 17 [color=black];

}
