graph G {
color = "black"
0 [label = "P1: 0 0 0 
P2: 0 0 0 
P3: 0 0 0 
P4: 0 0 0 
",  style="filled", fillcolor = "#96FF96"];
1 [label = "P1: 1 0 0 
P2: 0 0 0 
P3: 0 0 0 
P4: 0 0 0 
"];
2 [label = "P1: 2 0 0 
P2: 0 0 0 
P3: 0 0 0 
P4: 0 0 0 
"];
3 [label = "P1: 2 0 0 
P2: 0 1 0 
P3: 0 0 0 
P4: 0 0 0 
"];
4 [label = "P1: 2 0 0 
P2: 0 1 0 
P3: 0 1 0 
P4: 0 0 0 
"];
5 [label = "P1: 3 0 0 
P2: 0 1 0 
P3: 0 1 0 
P4: 0 0 0 
"];
6 [label = "P1: 3 0 0 
P2: 0 2 0 
P3: 0 1 0 
P4: 0 0 0 
"];
7 [label = "P1: 3 0 0 
P2: 0 3 0 
P3: 0 1 0 
P4: 0 0 0 
"];
8 [label = "P1: 3 0 0 
P2: 0 4 0 
P3: 0 1 0 
P4: 0 0 0 
"];
9 [label = "P1: 3 0 0 
P2: 0 2 0 
P3: 0 2 0 
P4: 0 0 0 
"];
10 [label = "P1: 3 0 0 
P2: 0 3 0 
P3: 0 3 0 
P4: 0 0 0 
"];
11 [label = "P1: 3 0 0 
P2: 0 3 0 
P3: 0 2 0 
P4: 0 0 0 
"];
12 [label = "P1: 3 0 0 
P2: 0 4 0 
P3: 0 3 0 
P4: 0 0 0 
"];
13 [label = "P1: 2 0 0 
P2: 0 3 0 
P3: 0 1 0 
P4: 0 0 0 
"];
14 [label = "P1: 3 0 0 
P2: 0 4 0 
P3: 0 2 0 
P4: 0 0 0 
"];
15 [label = "P1: 3 0 0 
P2: -1 3 0 
P3: -1 3 0 
P4: 0 0 0 
"];
16 [label = "P1: 3 0 0 
P2: -2 3 0 
P3: -2 3 0 
P4: 0 0 0 
"];
1616 [label = "P2: -2 3 0 
P3: -2 3 0 
P4: 0 0 0 
",  style="filled", fillcolor = "#FF9696"];
17 [label = "P1: 3 0 0 
P2: -3 3 0 
P3: -3 3 0 
P4: 0 0 0 
"];
1717 [label = "P2: -3 3 0 
P3: -3 3 0 
P4: 0 0 0 
",  style="filled", fillcolor = "#FF9696"];
18 [label = "P1: 2 0 0 
P2: -1 3 0 
P3: -1 3 0 
P4: 0 0 0 
"];
19 [label = "P1: 1 0 0 
P2: -2 3 0 
P3: -2 3 0 
P4: 0 0 0 
"];
20 [label = "P1: 0 0 0 
P2: -3 3 0 
P3: -3 3 0 
P4: 0 0 0 
"];
21 [label = "P1: 3 0 0 
P2: -1 4 0 
P3: -1 3 0 
P4: 0 0 0 
"];
22 [label = "P1: 3 0 0 
P2: -2 4 0 
P3: -2 3 0 
P4: 0 0 0 
"];
2222 [label = "P2: -2 4 0 
P3: -2 3 0 
P4: 0 0 0 
",  style="filled", fillcolor = "#FF9696"];
23 [label = "P1: 3 0 0 
P2: -3 4 0 
P3: -3 3 0 
P4: 0 0 0 
"];
2323 [label = "P2: -3 4 0 
P3: -3 3 0 
P4: 0 0 0 
",  style="filled", fillcolor = "#FF9696"];
24 [label = "P1: 2 0 0 
P2: -1 4 0 
P3: -1 3 0 
P4: 0 0 0 
"];
25 [label = "P1: 1 0 0 
P2: -2 4 0 
P3: -2 3 0 
P4: 0 0 0 
"];
26 [label = "P1: 0 0 0 
P2: -3 4 0 
P3: -3 3 0 
P4: 0 0 0 
"];
27 [label = "P1: 2 0 0 
P2: 0 3 0 
P3: 0 0 0 
P4: 0 0 0 
"];
28 [label = "P1: 3 0 0 
P2: -1 4 0 
P3: -1 4 0 
P4: 0 0 0 
"];
2828 [label = "P1: 3 0 0 
P4: 0 0 0 
",  style="filled", fillcolor = "#FF9696"];
29 [label = "P1: 2 0 0 
P2: -2 3 0 
P3: -2 3 0 
P4: 0 0 0 
"];
30 [label = "P1: 1 0 0 
P2: -3 3 0 
P3: -3 3 0 
P4: 0 0 0 
"];
31 [label = "P1: 2 0 0 
P2: -3 3 0 
P3: -3 3 0 
P4: 0 0 0 
"];
3131 [label = "P1: 2 0 0 
P2: -3 3 +∞ 
P3: -3 3 0 
P4: 0 0 0 
",  style="filled", fillcolor = "#FF9696"];
32 [label = "P1: 2 0 0 
P2: -2 4 0 
P3: -2 3 0 
P4: 0 0 0 
"];
33 [label = "P1: 1 0 0 
P2: -3 4 0 
P3: -3 3 0 
P4: 0 0 0 
"];
34 [label = "P1: 2 0 0 
P2: -3 4 0 
P3: -3 3 0 
P4: 0 0 0 
"];
3434 [label = "P1: 2 0 0 
P2: -3 4 +∞ 
P3: -3 3 0 
P4: 0 0 0 
",  style="filled", fillcolor = "#FF9696"];
35 [label = "P1: 2 0 0 
P2: -2 4 0 
P3: -2 4 0 
P4: 0 0 0 
"];
3535 [label = "P1: 2 0 0 
P4: 0 0 0 
",  style="filled", fillcolor = "#FF9696"];
36 [label = "P1: 1 0 0 
P2: -3 4 0 
P3: -3 4 0 
P4: 0 0 0 
"];
3636 [label = "P1: 1 0 0 
P4: 0 0 0 
",  style="filled", fillcolor = "#FF9696"];
37 [label = "P1: 3 0 0 
P2: -2 4 0 
P3: -2 4 0 
P4: 0 0 0 
"];
38 [label = "P1: 2 0 0 
P2: -3 4 0 
P3: -3 4 0 
P4: 0 0 0 
"];
39 [label = "P1: 3 0 0 
P2: -3 4 0 
P3: -3 4 0 
P4: 0 0 0 
"];
edge [style=bold];
0 -- 1 [color=black];
0 -- 2 [color="#1E96FF", penwidth=4.0];

1 -- 2 [color=black];

2 -- 3 [color=black];
2 -- 4 [color="#1E96FF", penwidth=4.0];

3 -- 4 [color=black];

4 -- 5 [color="#1E96FF", penwidth=4.0];

5 -- 6 [color=black];
5 -- 7 [color=black];
5 -- 8 [color=black];
5 -- 9 [color=black];
5 -- 10 [color="#1E96FF", penwidth=4.0];

6 -- 7 [color=black];
6 -- 8 [color=black];
6 -- 9 [color=black];
6 -- 11 [color=black];
6 -- 12 [color=black];

7 -- 13 [color=black];
7 -- 8 [color=black];
7 -- 11 [color=black];
7 -- 10 [color=black];
7 -- 14 [color=black];

8 -- 14 [color=black];
8 -- 12 [color=black];

9 -- 11 [color=black];
9 -- 14 [color=black];
9 -- 10 [color=black];

10 -- 12 [color=black];
10 -- 11 [color=black];
10 -- 15 [color=black];
10 -- 16 [color="#1E96FF", penwidth=4.0];
10 -- 17 [color=black];
10 -- 18 [color=black];
10 -- 19 [color=black];
10 -- 20 [color=black];

11 -- 14 [color=black];
11 -- 12 [color=black];

12 -- 14 [color=black];
12 -- 21 [color=black];
12 -- 22 [color=black];
12 -- 23 [color=black];
12 -- 24 [color=black];
12 -- 25 [color=black];
12 -- 26 [color=black];

13 -- 27 [color=black];


15 -- 18 [color=black];
15 -- 21 [color=black];
15 -- 16 [color=black];
15 -- 17 [color=black];
15 -- 28 [color=black];
15 -- 29 [color=black];
15 -- 30 [color=black];

16 -- 19 [color=black];
16 -- 29 [color=black];

16 -- 1616 [color="#1E96FF", penwidth=4.0];
17 -- 20 [color=black];
17 -- 30 [color=black];
17 -- 31 [color=black];

17 -- 1717 [color=black];
18 -- 24 [color=black];
18 -- 29 [color=black];
18 -- 31 [color=black];
18 -- 19 [color=black];
18 -- 20 [color=black];

19 -- 29 [color=black];
19 -- 25 [color=black];
19 -- 30 [color=black];
19 -- 20 [color=black];

20 -- 30 [color=black];
20 -- 31 [color=black];
20 -- 26 [color=black];

21 -- 24 [color=black];
21 -- 28 [color=black];
21 -- 22 [color=black];
21 -- 23 [color=black];
21 -- 32 [color=black];
21 -- 33 [color=black];

22 -- 25 [color=black];
22 -- 32 [color=black];

22 -- 2222 [color=black];
23 -- 26 [color=black];
23 -- 33 [color=black];
23 -- 34 [color=black];

23 -- 2323 [color=black];
24 -- 32 [color=black];
24 -- 34 [color=black];
24 -- 25 [color=black];
24 -- 26 [color=black];

25 -- 32 [color=black];
25 -- 33 [color=black];
25 -- 26 [color=black];

26 -- 33 [color=black];
26 -- 34 [color=black];



28 -- 2828 [color=black];
29 -- 32 [color=black];
29 -- 31 [color=black];
29 -- 35 [color=black];
29 -- 30 [color=black];

30 -- 31 [color=black];
30 -- 33 [color=black];
30 -- 36 [color=black];


31 -- 3131 [color=black];
32 -- 35 [color=black];
32 -- 34 [color=black];
32 -- 33 [color=black];

33 -- 34 [color=black];
33 -- 36 [color=black];


34 -- 3434 [color=black];
35 -- 37 [color=black];

35 -- 3535 [color=black];
36 -- 38 [color=black];
36 -- 39 [color=black];

36 -- 3636 [color=black];



}
