digraph G {
color = "black"
0[label = "Index: 0 
P0: 0 0 0 
P1: 0 0 0 
P2: 0 0 0 
P3: 0 0 0 
", style="filled", fillcolor = "green"]
1[label = "Index: 1 
P0: 0 0 1 
P1: 0 0 0 
P2: 0 0 0 
P3: 0 0 0 
", color = "orange"]
2[label = "Index: 2 
P0: 0 0 1 
P1: -1 0 0 
P2: 0 0 0 
P3: 0 0 0 
", color = "orange"]
3[label = "Index: 3 
P0: 0 0 1 
P1: -1 0 0 
P2: 0 0 -1 
P3: 0 0 0 
", color = "orange"]
4[label = "Index: 4 
P0: 0 0 1 
P1: -2 0 0 
P2: 0 0 -1 
P3: 0 0 0 
", color = "orange"]
5[label = "Index: 5 
P0: 0 0 1 
P1: -2 0 0 
P2: 0 0 -2 
P3: 0 0 0 
", color = "orange"]
6[label = "Index: 6 
P0: 0 1 1 
P1: -2 1 0 
P2: 0 1 -2 
P3: 0 0 0 
", color = "orange"]
7[label = "Index: 7 
P0: 0 2 1 
P1: -2 2 0 
P2: 0 2 -2 
P3: 0 0 0 
"]
8[label = "Index: 8 
P0: 0 1 2 
P1: -2 1 0 
P2: 0 1 -2 
P3: 0 0 0 
"]
9[label = "Index: 9 
P0: 0 1 3 
P1: -2 1 0 
P2: 0 1 -2 
P3: 0 0 0 
", style="filled", fillcolor = "red"]
10[label = "Index: 10 
P0: 0 2 2 
P1: -2 2 0 
P2: 0 2 -2 
P3: 0 0 0 
"]
11[label = "Index: 11 
P0: 0 2 3 
P1: -2 2 0 
P2: 0 2 -2 
P3: 0 0 0 
", color = "purple"]
12[label = "Index: 12 
P0: 0 1 3 
", color = "fuchsia"]
13[label = "Index: 13 
P1: -2 1 0 
P2: 0 1 -2 
P3: 0 0 0 
", color = "red"]
14[label = "Index: 14 
P1: -2 1 0 
", color = "fuchsia"]
15[label = "Index: 15 
P2: 0 1 -2 
P3: 0 0 0 
", color = "red"]
16[label = "Index: 16 
P2: 0 1 -2 
", style="filled", fillcolor = "blue"]
17[label = "Index: 17 
P3: 0 0 0 
", color = "fuchsia"]
0 -> 1

1 -> 0
1 -> 2

2 -> 1
2 -> 3

3 -> 2
3 -> 4

4 -> 3
4 -> 5

5 -> 4
5 -> 6
5 -> 7

6 -> 5
6 -> 8
6 -> 9
6 -> 7

7 -> 5
7 -> 6
7 -> 10
7 -> 11

8 -> 6
8 -> 9
8 -> 10

9 -> 6
9 -> 8
9 -> 13
9 -> 12

10 -> 7
10 -> 8
10 -> 11

11 -> 7
11 -> 10

13 -> 15
13 -> 14

15 -> 17
15 -> 16

}
