digraph G {
color = "black"
0[label = "Index: 0 
P0: 0 0 0 
P1: 0 0 0 
P2: 0 0 0 
", style="filled", fillcolor = "green"]
1[label = "Index: 1 
P0: -1 0 0 
P1: 0 0 0 
P2: 0 0 0 
", color = "orange"]
2[label = "Index: 2 
P0: -1 0 0 
P1: 0 1 0 
P2: 0 0 0 
", color = "orange"]
3[label = "Index: 3 
P0: -2 0 0 
P1: 0 1 0 
P2: 0 0 0 
"]
4[label = "Index: 4 
P0: -3 0 0 
P1: 0 1 0 
P2: 0 0 0 
"]
5[label = "Index: 5 
P0: -4 0 0 
P1: 0 1 0 
P2: 0 0 0 
"]
6[label = "Index: 6 
P0: -5 0 0 
P1: 0 1 0 
P2: 0 0 0 
"]
7[label = "Index: 7 
P0: -6 0 0 
P1: 0 1 0 
P2: 0 0 0 
", style="filled", fillcolor = "red"]
8[label = "Index: 8 
P0: -3 0 0 
P1: 0 1 1 
P2: 0 0 0 
", color = "purple"]
9[label = "Index: 9 
P0: -4 0 0 
P1: 0 1 1 
P2: 0 0 0 
", color = "purple"]
10[label = "Index: 10 
P0: -4 0 0 
P1: 0 1 2 
P2: 0 0 0 
", color = "purple"]
11[label = "Index: 11 
P0: -5 0 0 
P1: 0 1 1 
P2: 0 0 0 
", color = "purple"]
12[label = "Index: 12 
P0: -5 0 0 
P1: 0 1 2 
P2: 0 0 0 
", color = "purple"]
13[label = "Index: 13 
P0: -6 0 0 
", color = "fuchsia"]
14[label = "Index: 14 
P1: 0 1 0 
P2: 0 0 0 
", color = "orange"]
15[label = "Index: 15 
P1: 0 0 0 
P2: 0 0 0 
"]
16[label = "Index: 16 
P1: 0 1 1 
P2: 0 0 0 
"]
17[label = "Index: 17 
P1: 0 1 2 
P2: 0 0 0 
", color = "red"]
18[label = "Index: 18 
P1: 0 2 1 
P2: 0 0 0 
"]
19[label = "Index: 19 
P1: 0 1 2 
", style="filled", fillcolor = "blue"]
20[label = "Index: 20 
P2: 0 0 0 
", color = "fuchsia"]
0 -> 1

1 -> 0
1 -> 2

2 -> 1
2 -> 3
2 -> 4
2 -> 5
2 -> 6
2 -> 7

3 -> 2
3 -> 4
3 -> 5
3 -> 6
3 -> 7

4 -> 2
4 -> 3
4 -> 5
4 -> 6
4 -> 7
4 -> 8

5 -> 2
5 -> 3
5 -> 4
5 -> 6
5 -> 7
5 -> 9
5 -> 10

6 -> 2
6 -> 3
6 -> 4
6 -> 5
6 -> 7
6 -> 11
6 -> 12

7 -> 2
7 -> 3
7 -> 4
7 -> 5
7 -> 6
7 -> 14
7 -> 13

8 -> 4

9 -> 5

10 -> 5

11 -> 6

12 -> 6

14 -> 15
14 -> 16
14 -> 17

15 -> 14

16 -> 14
16 -> 18
16 -> 17

17 -> 14
17 -> 16
17 -> 20
17 -> 19

18 -> 16

}
