digraph G {
color = "black"
0[label = "Index: 0 
P0: 0 0 0 
P1: 0 0 0 
P2: 0 0 0 
P3: 0 0 0 
", color = "green"]
1[label = "Index: 1 
P0: 0 0 1 
P1: 0 0 0 
P2: 0 0 0 
P3: 0 0 0 
", color = "orange"]
2[label = "Index: 2 
P0: 0 0 2 
P1: 0 0 0 
P2: 0 0 0 
P3: 0 0 0 
"]
3[label = "Index: 3 
P0: 0 0 1 
P1: -1 0 0 
P2: 0 0 0 
P3: 0 0 0 
", color = "orange"]
4[label = "Index: 4 
P0: 0 0 2 
P1: -1 0 0 
P2: 0 0 0 
P3: 0 0 0 
"]
5[label = "Index: 5 
P0: 0 0 1 
P1: -1 0 0 
P2: 0 -1 0 
P3: 0 0 0 
", color = "orange"]
6[label = "Index: 6 
P0: 0 0 2 
P1: -1 0 0 
P2: 0 -1 0 
P3: 0 0 0 
"]
7[label = "Index: 7 
P0: 0 0 2 
P1: -1 0 1 
P2: 0 -1 1 
P3: 0 0 0 
", color = "orange"]
8[label = "Index: 8 
P0: 0 0 2 
P1: -2 0 1 
P2: 0 -1 1 
P3: 0 0 0 
", color = "red"]
9[label = "Index: 9 
P0: 0 0 1 
P1: -2 0 1 
P2: 0 -1 1 
P3: 0 0 0 
"]
10[label = "Index: 10 
P0: 0 0 2 
P2: 0 -1 1 
P3: 0 0 0 
", color = "green"]
11[label = "Index: 11 
P0: 0 0 1 
P2: 0 -1 1 
P3: 0 0 0 
"]
12[label = "Index: 12 
P0: 0 0 2 
P2: 0 -1 0 
P3: 0 0 0 
", color = "red"]
13[label = "Index: 13 
P0: 0 0 2 
P2: 0 -1 2 
P3: 0 0 0 
"]
14[label = "Index: 14 
P0: 0 0 1 
P2: 0 -1 0 
P3: 0 0 0 
"]
15[label = "Index: 15 
P0: 0 0 0 
P2: 0 -1 0 
P3: 0 0 0 
"]
16[label = "Index: 16 
P0: 0 0 2 
P3: 0 0 0 
", color = "green"]
17[label = "Index: 17 
P0: 0 0 1 
P3: 0 0 0 
", color = "red"]
18[label = "Index: 18 
P0: 0 0 0 
P3: 0 0 0 
"]
19[label = "Index: 19 
P3: 0 0 0 
", color = "blue"]
0 -> 1
0 -> 2

1 -> 0
1 -> 2
1 -> 3

2 -> 0
2 -> 1
2 -> 4

3 -> 1
3 -> 4
3 -> 5

4 -> 2
4 -> 3
4 -> 6

5 -> 3
5 -> 6
5 -> 7

6 -> 4
6 -> 5
6 -> 7

7 -> 5
7 -> 6
7 -> 8

8 -> 7
8 -> 9
8 -> 10

9 -> 8

10 -> 11
10 -> 12
10 -> 13
10 -> 14

11 -> 10
11 -> 14
11 -> 15
11 -> 13

12 -> 10
12 -> 14
12 -> 15
12 -> 16

13 -> 10
13 -> 11

14 -> 10
14 -> 11
14 -> 12

15 -> 11
15 -> 12

16 -> 17
16 -> 18

17 -> 16
17 -> 19[style=bold label=" Remove P0 "];


18 -> 16

}
