digraph G {
color = "black"
0[label = "Index: 0 
P0: 0 0 0 
P1: 0 0 0 
P2: 0 0 0 
P3: 0 0 0 
P4: 0 0 0 
", style="filled", fillcolor = "green"]
1[label = "Index: 1 
P0: 0 0 1 
P1: 0 0 0 
P2: 0 0 0 
P3: 0 0 0 
P4: 0 0 0 
"]
2[label = "Index: 2 
P0: 0 0 2 
P1: 0 0 0 
P2: 0 0 0 
P3: 0 0 0 
P4: 0 0 0 
", color = "orange"]
3[label = "Index: 3 
P0: 0 0 3 
P1: 0 0 0 
P2: 0 0 0 
P3: 0 0 0 
P4: 0 0 0 
"]
4[label = "Index: 4 
P0: 0 0 2 
P1: -1 0 0 
P2: 0 0 0 
P3: 0 0 0 
P4: 0 0 0 
", color = "orange"]
5[label = "Index: 5 
P0: 0 0 3 
P1: -1 0 0 
P2: 0 0 0 
P3: 0 0 0 
P4: 0 0 0 
"]
6[label = "Index: 6 
P0: 0 0 2 
P1: -1 -1 0 
P2: 0 0 0 
P3: 0 0 0 
P4: 0 0 0 
", color = "orange"]
7[label = "Index: 7 
P0: 0 0 3 
P1: -1 -1 0 
P2: 0 0 0 
P3: 0 0 0 
P4: 0 0 0 
"]
8[label = "Index: 8 
P0: 0 0 3 
P1: -1 -1 1 
P2: 0 0 0 
P3: 0 0 0 
P4: 0 0 0 
"]
9[label = "Index: 9 
P0: 0 0 3 
P1: -1 -1 1 
P2: 0 0 1 
P3: 0 0 0 
P4: 0 0 0 
"]
10[label = "Index: 10 
P0: 0 0 3 
P1: -1 -1 1 
P2: 0 0 1 
P3: 0 0 1 
P4: 0 0 0 
", style="filled", fillcolor = "red"]
11[label = "Index: 11 
P0: 0 0 3 
P4: 0 0 0 
", color = "blue"]
12[label = "Index: 12 
P0: 0 0 3 
", color = "fuchsia"]
13[label = "Index: 13 
P4: 0 0 0 
", color = "fuchsia"]
14[label = "Index: 14 
P1: -1 -1 1 
P2: 0 0 1 
P3: 0 0 1 
", color = "orange"]
15[label = "Index: 15 
P1: -1 0 1 
P2: 0 0 1 
P3: 0 0 1 
", color = "orange"]
16[label = "Index: 16 
P1: -1 -1 2 
P2: 0 0 1 
P3: 0 0 1 
"]
17[label = "Index: 17 
P1: -1 -1 2 
P2: 0 0 2 
P3: 0 0 1 
"]
18[label = "Index: 18 
P1: 0 0 1 
P2: 0 0 1 
P3: 0 0 1 
"]
19[label = "Index: 19 
P1: 0 0 1 
P2: 1 0 1 
P3: 0 0 1 
", color = "red"]
20[label = "Index: 20 
P1: 0 0 1 
P3: 0 0 1 
", color = "red"]
21[label = "Index: 21 
P2: 1 0 1 
", color = "fuchsia"]
22[label = "Index: 22 
P3: 0 0 1 
", style="filled", fillcolor = "blue"]
23[label = "Index: 23 
P1: 0 0 1 
", color = "fuchsia"]
0 -> 1
0 -> 2
0 -> 3

1 -> 0
1 -> 2
1 -> 3

2 -> 0
2 -> 1
2 -> 3
2 -> 4

3 -> 0
3 -> 1
3 -> 2
3 -> 5

4 -> 2
4 -> 5
4 -> 6

5 -> 3
5 -> 4
5 -> 7

6 -> 4
6 -> 7
6 -> 8
6 -> 9
6 -> 10

7 -> 5
7 -> 6
7 -> 8
7 -> 9
7 -> 10

8 -> 6
8 -> 7
8 -> 9
8 -> 10

9 -> 6
9 -> 7
9 -> 8
9 -> 10

10 -> 6
10 -> 7
10 -> 8
10 -> 9
10 -> 11
10 -> 14

11 -> 13
11 -> 12

14 -> 15
14 -> 16
14 -> 17

15 -> 14
15 -> 18
15 -> 19

16 -> 14
16 -> 17

17 -> 14
17 -> 16

18 -> 15
18 -> 19

19 -> 15
19 -> 18
19 -> 20
19 -> 21

20 -> 22
20 -> 23

}
