graph G {
color = "black"
0 [label = "P1: 0 0 0 
P2: 0 0 0 
P3: 0 0 0 
P4: 0 0 0 
",  style="filled", fillcolor = "#96FF96"];
1 [label = "P1: 0 0 0 
P2: -1 0 0 
P3: 0 0 0 
P4: 0 0 0 
"];
2 [label = "P1: 0 0 0 
P2: -1 0 0 
P3: 0 0 0 
P4: 0 1 0 
"];
3 [label = "P1: 0 0 -1 
P2: -1 0 -1 
P3: 0 0 0 
P4: 0 1 0 
"];
4 [label = "P1: 0 0 -1 
P2: -1 -1 -1 
P3: 0 0 0 
P4: 0 1 0 
"];
44 [label = "P1: 0 0 -1 
P2: +∞ -1 -1 
P3: 0 0 0 
P4: 0 1 0 
",  style="filled", fillcolor = "#FF9696"];
5 [label = "P1: 0 -2 -1 
P2: -1 -2 -1 
P3: 0 -1 0 
P4: 0 0 0 
"];
6 [label = "P1: 0 -1 -1 
P2: -1 -1 -1 
P3: 0 0 0 
P4: 0 0 0 
"];
7 [label = "P1: 1 -1 -1 
P2: 0 -1 -1 
P3: 1 -1 0 
P4: 0 0 0 
"];
77 [label = "P1: 1 +∞ -1 
P2: 0 +∞ -1 
P3: 1 +∞ 0 
P4: 0 0 0 
",  style="filled", fillcolor = "#FF9696"];
8 [label = "P1: 1 -1 -1 
P2: -1 -2 -1 
P3: 0 -1 0 
P4: 0 0 0 
"];
9 [label = "P1: 0 -2 -1 
P2: 0 -2 -1 
P3: 0 -1 0 
P4: 0 0 0 
"];
10 [label = "P1: 0 -2 -1 
P2: -1 -3 -1 
P3: 0 -1 0 
P4: 0 0 0 
"];
1010 [label = "P1: 0 -2 -1 
P2: +∞ -3 -1 
P3: 0 -1 0 
P4: 0 0 0 
",  style="filled", fillcolor = "#FF9696"];
11 [label = "P1: 0 -2 -2 
P2: -1 -2 -2 
P3: 0 -1 0 
P4: 0 0 0 
"];
1111 [label = "P1: +∞ -2 -2 
P2: +∞ -2 -2 
P3: 0 -1 0 
P4: 0 0 0 
",  style="filled", fillcolor = "#FF9696"];
12 [label = "P1: 0 -1 -1 
P2: -1 -2 -1 
P3: 0 0 0 
P4: 0 0 0 
"];
1212 [label = "P1: 0 -1 -1 
P2: +∞ -2 -1 
P3: 0 0 0 
P4: 0 0 0 
",  style="filled", fillcolor = "#FF9696"];
13 [label = "P1: 1 -2 -1 
P2: 0 -2 -1 
P3: 1 -1 0 
P4: 0 0 0 
"];
1313 [label = "P1: 1 +∞ -1 
P2: 0 +∞ -1 
P3: 1 +∞ 0 
P4: 0 0 0 
",  style="filled", fillcolor = "#FF9696"];
14 [label = "P1: 0 -1 -1 
P2: 0 -1 -1 
P3: 0 0 0 
P4: 0 0 0 
"];
15 [label = "P1: 0 -1 -2 
P2: -1 -1 -2 
P3: 0 0 0 
P4: 0 0 0 
"];
1515 [label = "P1: -∞ -1 -2 
P2: -∞ -1 -2 
P3: 0 0 0 
P4: 0 0 0 
",  style="filled", fillcolor = "#FF9696"];
16 [label = "P1: 1 -1 -1 
P2: 0 -2 -1 
P3: 1 -1 0 
P4: 0 0 0 
"];
17 [label = "P1: 1 -1 -1 
P2: 0 -1 -1 
P3: 1 -1 -1 
P4: 0 0 0 
"];
18 [label = "P1: 0 -1 -1 
P2: 0 -2 -1 
P3: 0 -1 0 
P4: 0 0 0 
"];
1818 [label = "P1: 0 -1 -1 
P2: +∞ -2 -1 
P3: 0 -1 0 
P4: 0 0 0 
",  style="filled", fillcolor = "#FF9696"];
19 [label = "P1: 0 -2 -1 
P2: 0 -3 -1 
P3: 0 -1 0 
P4: 0 0 0 
"];
1919 [label = "P1: 0 -2 -1 
P2: +∞ -3 -1 
P3: 0 -1 0 
P4: 0 0 0 
",  style="filled", fillcolor = "#FF9696"];
20 [label = "P1: 0 -2 -2 
P2: 0 -2 -2 
P3: 0 -1 0 
P4: 0 0 0 
"];
2020 [label = "P1: +∞ -2 -2 
P2: +∞ -2 -2 
P3: 0 -1 0 
P4: 0 0 0 
",  style="filled", fillcolor = "#FF9696"];
21 [label = "P1: 0 -1 -1 
P2: 0 -2 -1 
P3: 0 0 0 
P4: 0 0 0 
"];
2121 [label = "P1: 0 -1 -1 
P2: +∞ -2 -1 
P3: 0 0 0 
P4: 0 0 0 
",  style="filled", fillcolor = "#FF9696"];
22 [label = "P1: 1 -2 -1 
P2: 1 -2 -1 
P3: 1 -1 0 
P4: 0 0 0 
"];
2222 [label = "P1: 1 +∞ -1 
P2: 1 +∞ -1 
P3: 1 +∞ 0 
P4: 0 0 0 
",  style="filled", fillcolor = "#FF9696"];
23 [label = "P1: 0 -2 -2 
P2: -1 -3 -1 
P3: 0 -1 0 
P4: 0 0 0 
"];
24 [label = "P1: -1 -2 -2 
P2: -1 -2 -2 
P3: 0 -1 0 
P4: 0 0 0 
"];
25 [label = "P1: 0 -2 -2 
P2: -1 -3 -2 
P3: 0 -1 0 
P4: 0 0 0 
"];
26 [label = "P1: 0 -1 -2 
P2: -1 -2 -1 
P3: 0 0 0 
P4: 0 0 0 
"];
27 [label = "P1: 1 -2 -1 
P2: 0 -3 -1 
P3: 1 -1 0 
P4: 0 0 0 
"];
28 [label = "P1: 1 -2 -2 
P2: 0 -2 -2 
P3: 1 -1 0 
P4: 0 0 0 
"];
29 [label = "P1: 1 -2 -1 
P2: 0 -2 -1 
P3: 1 -2 0 
P4: 0 0 0 
"];
30 [label = "P1: 1 -2 -1 
P2: 0 -3 -1 
P3: 1 -2 0 
P4: 0 0 0 
"];
31 [label = "P1: 0 -1 -2 
P2: 0 -1 -2 
P3: 0 0 0 
P4: 0 0 0 
"];
3131 [label = "P1: -∞ -1 -2 
P2: -∞ -1 -2 
P3: 0 0 0 
P4: 0 0 0 
",  style="filled", fillcolor = "#FF9696"];
32 [label = "P1: -1 -1 -2 
P2: -1 -1 -2 
P3: 0 0 0 
P4: 0 0 0 
"];
33 [label = "P1: 0 -1 -2 
P2: -1 -2 -2 
P3: 0 0 0 
P4: 0 0 0 
"];
34 [label = "P1: 1 -1 -1 
P2: 0 -2 -1 
P3: 0 -1 0 
P4: 0 0 0 
"];
35 [label = "P1: 1 -2 -2 
P2: 0 -2 -2 
P3: 0 -1 0 
P4: 0 0 0 
"];
36 [label = "P1: 0 -2 -2 
P2: 0 -3 -2 
P3: 0 -1 0 
P4: 0 0 0 
"];
37 [label = "P1: 1 -1 -1 
P2: 1 -2 -1 
P3: 1 -1 0 
P4: 0 0 0 
"];
38 [label = "P1: 1 -2 -1 
P2: 1 -3 -1 
P3: 1 -1 0 
P4: 0 0 0 
"];
39 [label = "P1: 1 -2 -2 
P2: 1 -2 -2 
P3: 1 -1 0 
P4: 0 0 0 
"];
40 [label = "P1: 1 -2 -1 
P2: 1 -3 -1 
P3: 1 -2 0 
P4: 0 0 0 
"];
41 [label = "P1: 1 -1 -2 
P2: 0 -1 -2 
P3: 0 0 0 
P4: 0 0 0 
"];
42 [label = "P1: 0 -1 -2 
P2: 0 -2 -2 
P3: 0 0 0 
P4: 0 0 0 
"];
edge [style=bold];
0 -- 1 [color="#1E96FF", penwidth=4.0];

1 -- 2 [color="#1E96FF", penwidth=4.0];

2 -- 3 [color="#1E96FF", penwidth=4.0];

3 -- 4 [color="#1E96FF", penwidth=4.0];
3 -- 5 [color=black];
3 -- 6 [color=black];
3 -- 7 [color=black];

4 -- 8 [color=black];
4 -- 5 [color=black];
4 -- 6 [color=black];

4 -- 44 [color="#1E96FF", penwidth=4.0];
5 -- 9 [color=black];
5 -- 10 [color=black];
5 -- 11 [color=black];
5 -- 12 [color=black];
5 -- 13 [color=black];
5 -- 6 [color=black];

6 -- 14 [color=black];
6 -- 12 [color=black];
6 -- 15 [color=black];

7 -- 16 [color=black];
7 -- 13 [color=black];
7 -- 17 [color=black];

7 -- 77 [color=black];

9 -- 18 [color=black];
9 -- 19 [color=black];
9 -- 20 [color=black];
9 -- 13 [color=black];
9 -- 21 [color=black];
9 -- 22 [color=black];
9 -- 14 [color=black];

10 -- 23 [color=black];

10 -- 1010 [color=black];
11 -- 24 [color=black];
11 -- 20 [color=black];
11 -- 25 [color=black];

11 -- 1111 [color=black];
12 -- 26 [color=black];

12 -- 1212 [color=black];
13 -- 16 [color=black];
13 -- 22 [color=black];
13 -- 27 [color=black];
13 -- 28 [color=black];
13 -- 29 [color=black];
13 -- 30 [color=black];

13 -- 1313 [color=black];
14 -- 21 [color=black];
14 -- 31 [color=black];
14 -- 18 [color=black];

15 -- 32 [color=black];
15 -- 31 [color=black];
15 -- 33 [color=black];

15 -- 1515 [color=black];


18 -- 34 [color=black];

18 -- 1818 [color=black];

19 -- 1919 [color=black];
20 -- 35 [color=black];
20 -- 36 [color=black];

20 -- 2020 [color=black];

21 -- 2121 [color=black];
22 -- 37 [color=black];
22 -- 38 [color=black];
22 -- 39 [color=black];
22 -- 40 [color=black];

22 -- 2222 [color=black];








31 -- 41 [color=black];
31 -- 42 [color=black];

31 -- 3131 [color=black];











}
