digraph G {
color = "black"
0[label = "Index: 0 
P0: 0 0 0 
P1: 0 0 0 
P2: 0 0 0 
P3: 0 0 0 
P4: 0 0 0 
", style="filled", fillcolor = "green"]
1[label = "Index: 1 
P0: 0 -1 0 
P1: 0 0 0 
P2: 0 0 0 
P3: 0 0 0 
P4: 0 0 0 
", color = "orange"]
2[label = "Index: 2 
P0: 0 -1 0 
P1: 0 0 -1 
P2: 0 0 0 
P3: 0 0 0 
P4: 0 0 0 
"]
3[label = "Index: 3 
P0: 0 -1 0 
P1: 0 0 -2 
P2: 0 0 0 
P3: 0 0 0 
P4: 0 0 0 
", color = "orange"]
4[label = "Index: 4 
P0: 0 -1 0 
P1: 0 0 -2 
P2: 0 -1 0 
P3: 0 0 0 
P4: 0 0 0 
", color = "orange"]
5[label = "Index: 5 
P0: 0 -1 0 
P1: 0 0 -2 
P2: 0 -1 0 
P3: 1 0 0 
P4: 0 0 0 
", color = "orange"]
6[label = "Index: 6 
P0: 0 -2 0 
P1: 0 -1 -2 
P2: 0 -1 0 
P3: 1 0 0 
P4: 0 0 0 
"]
7[label = "Index: 7 
P0: 0 -3 0 
P1: 0 -2 -2 
P2: 0 -1 0 
P3: 1 0 0 
P4: 0 0 0 
"]
8[label = "Index: 8 
P0: 0 -2 0 
P1: 0 -1 -2 
P2: 0 -2 0 
P3: 1 0 0 
P4: 0 0 0 
"]
9[label = "Index: 9 
P0: 0 -1 0 
P1: 0 0 -2 
P2: 0 -1 0 
P3: 1 2 0 
P4: 0 2 0 
", style="filled", fillcolor = "red"]
10[label = "Index: 10 
P0: 0 -3 0 
P1: 0 -2 -2 
P2: 0 -2 0 
P3: 1 0 0 
P4: 0 0 0 
"]
11[label = "Index: 11 
P0: -1 -3 0 
P1: 0 -2 -2 
P2: 0 -1 0 
P3: 1 0 0 
P4: 0 0 0 
"]
12[label = "Index: 12 
P0: -1 -3 0 
P1: -1 -2 -2 
P2: 0 -1 0 
P3: 1 0 0 
P4: 0 0 0 
"]
13[label = "Index: 13 
P0: -1 -3 0 
P1: -1 -2 -2 
P2: 0 -1 0 
P3: 0 0 0 
P4: 0 0 0 
"]
14[label = "Index: 14 
P0: 0 -2 0 
P1: 0 -1 -2 
P2: 0 -2 0 
P3: 2 0 0 
P4: 0 0 0 
"]
15[label = "Index: 15 
P0: 0 -3 0 
P1: 0 -2 -2 
P2: 0 -2 0 
P3: 2 0 0 
P4: 0 0 0 
"]
16[label = "Index: 16 
P0: -1 -3 0 
P1: 0 -2 -3 
P2: 0 -1 0 
P3: 1 0 0 
P4: 0 0 0 
"]
17[label = "Index: 17 
P0: -1 -3 0 
P1: -1 -2 -2 
P2: 0 0 0 
P3: 0 0 0 
P4: 0 0 0 
", color = "purple"]
18[label = "Index: 18 
P0: -1 -2 0 
P1: -1 -1 -2 
P2: 0 0 0 
P3: 0 0 0 
P4: 0 0 0 
"]
19[label = "Index: 19 
P0: 0 -3 0 
P1: 0 -2 -2 
P2: 0 -3 0 
P3: 2 0 0 
P4: 0 0 0 
", color = "purple"]
20[label = "Index: 20 
P0: -1 -3 -1 
P1: -1 -2 -2 
P2: 0 0 0 
P3: 0 0 0 
P4: 0 0 0 
"]
21[label = "Index: 21 
P0: -1 -3 -2 
P1: -1 -2 -2 
P2: 0 0 0 
P3: 0 0 0 
P4: 0 0 0 
"]
22[label = "Index: 22 
P3: 1 0 0 
", color = "fuchsia"]
23[label = "Index: 23 
P0: 0 -1 0 
P1: 0 0 -2 
P2: 0 -1 0 
P4: 0 2 0 
", color = "orange"]
24[label = "Index: 24 
P0: 0 -3 0 
P1: 0 -2 -2 
P2: 0 -2 0 
P4: 0 0 0 
"]
25[label = "Index: 25 
P0: 0 -3 0 
P1: 0 -2 -2 
P2: 0 -1 0 
P4: 0 0 0 
"]
26[label = "Index: 26 
P0: 0 -1 0 
P1: 0 0 -2 
P2: 0 2 0 
P4: 0 2 0 
", color = "red"]
27[label = "Index: 27 
P0: 0 -2 0 
P1: 0 -1 -2 
P2: 0 -2 0 
P4: 0 0 0 
"]
28[label = "Index: 28 
P0: 0 -1 0 
P1: 0 0 -2 
P2: 0 -1 0 
P4: 0 0 0 
"]
29[label = "Index: 29 
P0: 0 -2 0 
P1: 0 -1 -2 
P2: 0 -1 0 
P4: 0 0 0 
"]
30[label = "Index: 30 
P0: 0 -1 0 
P1: 0 0 -2 
P2: 0 0 0 
P4: 0 0 0 
"]
31[label = "Index: 31 
P0: -1 -3 0 
P1: 0 -2 -2 
P2: 0 -1 0 
P4: 0 0 0 
"]
32[label = "Index: 32 
P0: -1 -3 0 
P1: -1 -2 -2 
P2: 0 -1 0 
P4: 0 0 0 
"]
33[label = "Index: 33 
P0: 0 -2 0 
P1: 0 -1 -2 
P2: 0 0 0 
P4: 0 0 0 
"]
34[label = "Index: 34 
P0: -1 -3 0 
P1: 0 -2 -2 
P2: 0 0 0 
P4: 0 0 0 
"]
35[label = "Index: 35 
P0: 0 -3 -1 
P1: 0 -2 -2 
P2: 0 0 0 
P4: 0 0 0 
"]
36[label = "Index: 36 
P0: 0 -3 -2 
P1: 0 -2 -2 
P2: 0 0 0 
P4: 0 0 0 
"]
37[label = "Index: 37 
P2: 0 2 0 
P4: 0 2 0 
", color = "blue"]
38[label = "Index: 38 
P2: 0 0 0 
", color = "fuchsia"]
39[label = "Index: 39 
P4: 0 2 0 
", color = "fuchsia"]
40[label = "Index: 40 
P0: 0 -1 0 
P1: 0 0 -2 
", color = "orange"]
41[label = "Index: 41 
P0: -1 -3 0 
P1: 0 -2 -2 
"]
42[label = "Index: 42 
P0: -2 -3 0 
P1: 0 -2 -2 
"]
43[label = "Index: 43 
P0: -3 -1 0 
P1: 0 0 -2 
", color = "red"]
44[label = "Index: 44 
P0: 0 -3 -1 
P1: 0 -2 -2 
"]
45[label = "Index: 45 
P0: 0 -3 -2 
P1: 0 -2 -2 
"]
46[label = "Index: 46 
P0: -1 -3 1 
P1: 0 -2 -2 
"]
47[label = "Index: 47 
P0: -2 -4 0 
P1: 0 -2 -2 
"]
48[label = "Index: 48 
P0: -2 -3 1 
P1: 0 -2 -2 
"]
49[label = "Index: 49 
P0: -2 -3 2 
P1: 0 -2 -2 
"]
50[label = "Index: 50 
P1: 0 0 -2 
", style="filled", fillcolor = "blue"]
51[label = "Index: 51 
P0: -3 -3 0 
", color = "fuchsia"]
0 -> 1

1 -> 0
1 -> 2
1 -> 3

2 -> 1
2 -> 3

3 -> 1
3 -> 2
3 -> 4

4 -> 3
4 -> 5

5 -> 4
5 -> 6
5 -> 7
5 -> 8
5 -> 9

6 -> 5
6 -> 7
6 -> 8
6 -> 10

7 -> 5
7 -> 6
7 -> 11
7 -> 12
7 -> 10
7 -> 9
7 -> 13

8 -> 5
8 -> 6
8 -> 10
8 -> 9
8 -> 14

9 -> 5
9 -> 7
9 -> 8
9 -> 10
9 -> 23
9 -> 22

10 -> 6
10 -> 7
10 -> 8
10 -> 9
10 -> 15

11 -> 7
11 -> 12
11 -> 16
11 -> 13

12 -> 7
12 -> 11
12 -> 13

13 -> 7
13 -> 11
13 -> 12
13 -> 17
13 -> 18

14 -> 8
14 -> 15
14 -> 19

15 -> 10
15 -> 14
15 -> 19

16 -> 11

17 -> 13
17 -> 20
17 -> 21
17 -> 18

18 -> 13
18 -> 17

19 -> 14
19 -> 15

20 -> 17

21 -> 17

23 -> 24
23 -> 25
23 -> 26
23 -> 27
23 -> 28

24 -> 23
24 -> 27
24 -> 25
24 -> 26
24 -> 29
24 -> 30

25 -> 23
25 -> 24
25 -> 31
25 -> 32
25 -> 29
25 -> 28
25 -> 26
25 -> 33

26 -> 23
26 -> 24
26 -> 25
26 -> 34
26 -> 35
26 -> 36
26 -> 37
26 -> 40

27 -> 23
27 -> 24

28 -> 23
28 -> 25

29 -> 24
29 -> 25

30 -> 24

31 -> 25

32 -> 25

33 -> 25

34 -> 26

35 -> 26

36 -> 26

37 -> 39
37 -> 38

40 -> 41
40 -> 42
40 -> 43
40 -> 44
40 -> 45

41 -> 40
41 -> 42
41 -> 43
41 -> 46

42 -> 40
42 -> 41
42 -> 43
42 -> 47
42 -> 48
42 -> 49

43 -> 40
43 -> 41
43 -> 42
43 -> 50
43 -> 51

44 -> 40

45 -> 40

46 -> 41

47 -> 42

48 -> 42

49 -> 42

}
