digraph G {
color = "black"
0[label = "Index: 0 
P0: 0 0 0 
P1: 0 0 0 
P2: 0 0 0 
", style="filled", fillcolor = "green"]
1[label = "Index: 1 
P0: 0 0 -1 
P1: 0 0 0 
P2: 0 0 0 
"]
2[label = "Index: 2 
P0: 0 0 -2 
P1: 0 0 0 
P2: 0 0 0 
"]
3[label = "Index: 3 
P0: 0 0 -3 
P1: 0 0 0 
P2: 0 0 0 
"]
4[label = "Index: 4 
P0: 0 0 -4 
P1: 0 0 0 
P2: 0 0 0 
", color = "orange"]
5[label = "Index: 5 
P0: 0 0 -5 
P1: 0 0 0 
P2: 0 0 0 
"]
6[label = "Index: 6 
P0: 0 0 -6 
P1: 0 0 0 
P2: 0 0 0 
"]
7[label = "Index: 7 
P0: 0 0 -7 
P1: 0 0 0 
P2: 0 0 0 
"]
8[label = "Index: 8 
P0: 0 0 -8 
P1: 0 0 0 
P2: 0 0 0 
"]
9[label = "Index: 9 
P0: 0 0 -9 
P1: 0 0 0 
P2: 0 0 0 
"]
10[label = "Index: 10 
P0: -1 0 -4 
P1: 0 0 0 
P2: 0 0 0 
"]
11[label = "Index: 11 
P0: -1 0 -4 
P1: -1 0 0 
P2: 0 0 0 
", color = "orange"]
12[label = "Index: 12 
P0: -1 0 -5 
P1: 0 0 0 
P2: 0 0 0 
"]
13[label = "Index: 13 
P0: -1 0 -5 
P1: -1 0 0 
P2: 0 0 0 
"]
14[label = "Index: 14 
P0: -1 0 -6 
P1: 0 0 0 
P2: 0 0 0 
"]
15[label = "Index: 15 
P0: -1 0 -6 
P1: -1 0 0 
P2: 0 0 0 
"]
16[label = "Index: 16 
P0: -1 0 -7 
P1: 0 0 0 
P2: 0 0 0 
"]
17[label = "Index: 17 
P0: -1 0 -7 
P1: -1 0 0 
P2: 0 0 0 
"]
18[label = "Index: 18 
P0: -1 0 -8 
P1: 0 0 0 
P2: 0 0 0 
"]
19[label = "Index: 19 
P0: -1 0 -8 
P1: -1 0 0 
P2: 0 0 0 
"]
20[label = "Index: 20 
P0: -1 0 -9 
P1: 0 0 0 
P2: 0 0 0 
"]
21[label = "Index: 21 
P0: -1 0 -9 
P1: -1 0 0 
P2: 0 0 0 
"]
22[label = "Index: 22 
P0: -1 0 -4 
P1: -1 0 1 
P2: 0 0 0 
"]
23[label = "Index: 23 
P0: -1 0 -4 
P1: -1 0 2 
P2: 0 0 0 
", style="filled", fillcolor = "red"]
24[label = "Index: 24 
P0: -1 0 -4 
P1: -1 0 3 
P2: 0 0 0 
", color = "purple"]
25[label = "Index: 25 
P0: -1 0 -4 
P1: -1 0 4 
P2: 0 0 0 
", color = "purple"]
26[label = "Index: 26 
P0: -1 0 -4 
P1: -1 0 5 
P2: 0 0 0 
", color = "purple"]
27[label = "Index: 27 
P0: -1 0 -5 
P1: -1 0 1 
P2: 0 0 0 
"]
28[label = "Index: 28 
P0: -1 0 -5 
P1: -1 0 2 
P2: 0 0 0 
", color = "purple"]
29[label = "Index: 29 
P0: -1 0 -5 
P1: -1 0 3 
P2: 0 0 0 
", color = "purple"]
30[label = "Index: 30 
P0: -1 0 -5 
P1: -1 0 4 
P2: 0 0 0 
", color = "purple"]
31[label = "Index: 31 
P0: -1 0 -6 
P1: -1 0 1 
P2: 0 0 0 
"]
32[label = "Index: 32 
P0: -1 0 -6 
P1: -1 0 2 
P2: 0 0 0 
", color = "purple"]
33[label = "Index: 33 
P0: -1 0 -6 
P1: -1 0 3 
P2: 0 0 0 
", color = "purple"]
34[label = "Index: 34 
P0: -1 0 -7 
P1: -1 0 1 
P2: 0 0 0 
"]
35[label = "Index: 35 
P0: -1 0 -7 
P1: -1 0 2 
P2: 0 0 0 
", color = "purple"]
36[label = "Index: 36 
P0: -1 0 -8 
P1: -1 0 1 
P2: 0 0 0 
"]
37[label = "Index: 37 
P2: 0 0 0 
", color = "fuchsia"]
38[label = "Index: 38 
P0: -1 0 -4 
P1: -1 0 2 
", color = "red"]
39[label = "Index: 39 
P1: -1 0 2 
", style="filled", fillcolor = "blue"]
40[label = "Index: 40 
P0: -1 0 -4 
", color = "fuchsia"]
0 -> 1
0 -> 2
0 -> 3
0 -> 4
0 -> 5
0 -> 6
0 -> 7
0 -> 8
0 -> 9

1 -> 0
1 -> 2
1 -> 3
1 -> 4
1 -> 5
1 -> 6
1 -> 7
1 -> 8
1 -> 9

2 -> 0
2 -> 1
2 -> 3
2 -> 4
2 -> 5
2 -> 6
2 -> 7
2 -> 8
2 -> 9

3 -> 0
3 -> 1
3 -> 2
3 -> 4
3 -> 5
3 -> 6
3 -> 7
3 -> 8
3 -> 9

4 -> 0
4 -> 1
4 -> 2
4 -> 3
4 -> 10
4 -> 5
4 -> 6
4 -> 7
4 -> 8
4 -> 9
4 -> 11

5 -> 0
5 -> 1
5 -> 2
5 -> 3
5 -> 4
5 -> 12
5 -> 6
5 -> 7
5 -> 8
5 -> 9
5 -> 13

6 -> 0
6 -> 1
6 -> 2
6 -> 3
6 -> 4
6 -> 5
6 -> 14
6 -> 7
6 -> 8
6 -> 9
6 -> 15

7 -> 0
7 -> 1
7 -> 2
7 -> 3
7 -> 4
7 -> 5
7 -> 6
7 -> 16
7 -> 8
7 -> 9
7 -> 17

8 -> 0
8 -> 1
8 -> 2
8 -> 3
8 -> 4
8 -> 5
8 -> 6
8 -> 7
8 -> 18
8 -> 9
8 -> 19

9 -> 0
9 -> 1
9 -> 2
9 -> 3
9 -> 4
9 -> 5
9 -> 6
9 -> 7
9 -> 8
9 -> 20
9 -> 21

10 -> 4
10 -> 12
10 -> 14
10 -> 16
10 -> 18
10 -> 20
10 -> 11

11 -> 4
11 -> 10
11 -> 13
11 -> 15
11 -> 17
11 -> 19
11 -> 21
11 -> 22
11 -> 23
11 -> 24
11 -> 25
11 -> 26

12 -> 5
12 -> 10
12 -> 14
12 -> 16
12 -> 18
12 -> 20
12 -> 13

13 -> 5
13 -> 11
13 -> 12
13 -> 15
13 -> 17
13 -> 19
13 -> 21
13 -> 27
13 -> 28
13 -> 29
13 -> 30
13 -> 22

14 -> 6
14 -> 10
14 -> 12
14 -> 16
14 -> 18
14 -> 20
14 -> 15

15 -> 6
15 -> 11
15 -> 13
15 -> 14
15 -> 17
15 -> 19
15 -> 21
15 -> 31
15 -> 32
15 -> 33
15 -> 27
15 -> 23

16 -> 7
16 -> 10
16 -> 12
16 -> 14
16 -> 18
16 -> 20
16 -> 17

17 -> 7
17 -> 11
17 -> 13
17 -> 15
17 -> 16
17 -> 19
17 -> 21
17 -> 34
17 -> 35
17 -> 31
17 -> 28
17 -> 24

18 -> 8
18 -> 10
18 -> 12
18 -> 14
18 -> 16
18 -> 20
18 -> 19

19 -> 8
19 -> 11
19 -> 13
19 -> 15
19 -> 17
19 -> 18
19 -> 21
19 -> 36
19 -> 34
19 -> 32
19 -> 29
19 -> 25

20 -> 9
20 -> 10
20 -> 12
20 -> 14
20 -> 16
20 -> 18
20 -> 21

21 -> 9
21 -> 11
21 -> 13
21 -> 15
21 -> 17
21 -> 19
21 -> 20
21 -> 36
21 -> 35
21 -> 33
21 -> 30
21 -> 26

22 -> 11
22 -> 13
22 -> 27
22 -> 31
22 -> 34
22 -> 36
22 -> 23
22 -> 24
22 -> 25
22 -> 26

23 -> 11
23 -> 15
23 -> 22
23 -> 28
23 -> 32
23 -> 35
23 -> 24
23 -> 25
23 -> 26
23 -> 27
23 -> 37
23 -> 38

24 -> 11
24 -> 17
24 -> 22
24 -> 23
24 -> 29
24 -> 33
24 -> 25
24 -> 26
24 -> 31

25 -> 11
25 -> 19
25 -> 22
25 -> 23
25 -> 24
25 -> 30
25 -> 26
25 -> 34

26 -> 11
26 -> 21
26 -> 22
26 -> 23
26 -> 24
26 -> 25
26 -> 36

27 -> 13
27 -> 15
27 -> 22
27 -> 31
27 -> 34
27 -> 36
27 -> 28
27 -> 29
27 -> 30
27 -> 23

28 -> 13
28 -> 17
28 -> 23
28 -> 27
28 -> 32
28 -> 35
28 -> 29
28 -> 30
28 -> 31

29 -> 13
29 -> 19
29 -> 24
29 -> 27
29 -> 28
29 -> 33
29 -> 30
29 -> 34

30 -> 13
30 -> 21
30 -> 25
30 -> 27
30 -> 28
30 -> 29
30 -> 36

31 -> 15
31 -> 17
31 -> 22
31 -> 27
31 -> 34
31 -> 36
31 -> 32
31 -> 33
31 -> 28
31 -> 24

32 -> 15
32 -> 19
32 -> 23
32 -> 28
32 -> 31
32 -> 35
32 -> 33
32 -> 34

33 -> 15
33 -> 21
33 -> 24
33 -> 29
33 -> 31
33 -> 32
33 -> 36

34 -> 17
34 -> 19
34 -> 22
34 -> 27
34 -> 31
34 -> 36
34 -> 35
34 -> 32
34 -> 29
34 -> 25

35 -> 17
35 -> 21
35 -> 23
35 -> 28
35 -> 32
35 -> 34
35 -> 36

36 -> 19
36 -> 21
36 -> 22
36 -> 27
36 -> 31
36 -> 34
36 -> 35
36 -> 33
36 -> 30
36 -> 26

38 -> 39
38 -> 40

}
