digraph G {
color = "black"
0[label = "Index: 0 
P0: 0 0 0 
P1: 0 0 0 
P2: 0 0 0 
", style="filled", fillcolor = "green"]
1[label = "Index: 1 
P0: 0 0 1 
P1: 0 0 0 
P2: 0 0 0 
", color = "orange"]
2[label = "Index: 2 
P0: 0 1 1 
P1: 0 0 0 
P2: 0 0 0 
", color = "orange"]
3[label = "Index: 3 
P0: 0 1 1 
P1: -1 0 0 
P2: 0 0 0 
", color = "orange"]
4[label = "Index: 4 
P0: 0 1 2 
P1: -1 0 0 
P2: 0 0 0 
", style="filled", fillcolor = "red"]
5[label = "Index: 5 
P0: 0 1 1 
P1: -1 0 -1 
P2: 0 0 0 
"]
6[label = "Index: 6 
P0: 0 1 2 
P1: -1 0 -1 
P2: 0 0 0 
", color = "purple"]
7[label = "Index: 7 
P0: 0 1 2 
", color = "fuchsia"]
8[label = "Index: 8 
P1: -1 0 0 
P2: 0 0 0 
", color = "orange"]
9[label = "Index: 9 
P1: -2 0 0 
P2: 0 0 0 
"]
10[label = "Index: 10 
P1: -3 0 0 
P2: 0 0 0 
"]
11[label = "Index: 11 
P1: 0 0 0 
P2: 0 0 0 
"]
12[label = "Index: 12 
P1: -1 0 -1 
P2: 0 0 0 
", color = "red"]
13[label = "Index: 13 
P1: -2 0 -1 
P2: 0 0 0 
"]
14[label = "Index: 14 
P1: -2 0 -2 
P2: 0 0 0 
"]
15[label = "Index: 15 
P1: -2 0 -3 
P2: 0 0 0 
"]
16[label = "Index: 16 
P1: -2 0 -4 
P2: 0 0 0 
"]
17[label = "Index: 17 
P1: -3 0 -1 
P2: 0 0 0 
"]
18[label = "Index: 18 
P1: -3 0 -2 
P2: 0 0 0 
"]
19[label = "Index: 19 
P1: -3 0 -3 
P2: 0 0 0 
"]
20[label = "Index: 20 
P1: -3 0 -4 
P2: 0 0 0 
"]
21[label = "Index: 21 
P1: -3 0 -5 
P2: 0 0 0 
"]
22[label = "Index: 22 
P1: -3 0 -6 
P2: 0 0 0 
"]
23[label = "Index: 23 
P1: -1 0 -1 
", style="filled", fillcolor = "blue"]
24[label = "Index: 24 
P2: 0 0 0 
", color = "fuchsia"]
0 -> 1

1 -> 0
1 -> 2

2 -> 1
2 -> 3

3 -> 2
3 -> 4
3 -> 5

4 -> 3
4 -> 5
4 -> 8
4 -> 7

5 -> 3
5 -> 6
5 -> 4

6 -> 5

8 -> 9
8 -> 10
8 -> 11
8 -> 12

9 -> 8
9 -> 10
9 -> 11
9 -> 13
9 -> 14
9 -> 15
9 -> 16

10 -> 8
10 -> 9
10 -> 11
10 -> 17
10 -> 18
10 -> 19
10 -> 20
10 -> 21
10 -> 22

11 -> 8
11 -> 9
11 -> 10

12 -> 8
12 -> 24
12 -> 23

13 -> 9

14 -> 9

15 -> 9

16 -> 9

17 -> 10

18 -> 10

19 -> 10

20 -> 10

21 -> 10

22 -> 10

}
