digraph G {
color = "black"
0[label = "Index: 0 
P0: 0 0 0 
P1: 0 0 0 
P2: 0 0 0 
", style="filled", fillcolor = "green"]
1[label = "Index: 1 
P0: 0 0 -1 
P1: 0 0 0 
P2: 0 0 0 
", color = "orange"]
2[label = "Index: 2 
P0: 0 0 -2 
P1: 0 0 0 
P2: 0 0 0 
"]
3[label = "Index: 3 
P0: 0 0 -3 
P1: 0 0 0 
P2: 0 0 0 
"]
4[label = "Index: 4 
P0: 0 0 -1 
P1: -1 0 0 
P2: 0 0 0 
", color = "orange"]
5[label = "Index: 5 
P0: 0 0 -2 
P1: -1 0 0 
P2: 0 0 0 
"]
6[label = "Index: 6 
P0: 0 0 -2 
P1: -2 0 0 
P2: 0 0 0 
"]
7[label = "Index: 7 
P0: 0 0 -3 
P1: -1 0 0 
P2: 0 0 0 
"]
8[label = "Index: 8 
P0: 0 0 -3 
P1: -2 0 0 
P2: 0 0 0 
"]
9[label = "Index: 9 
P0: 0 0 -2 
P1: -1 0 -1 
P2: 0 0 0 
"]
10[label = "Index: 10 
P0: 0 0 -3 
P1: -1 0 -2 
P2: 0 0 0 
", style="filled", fillcolor = "red"]
11[label = "Index: 11 
P0: 0 0 -3 
P1: -1 0 -1 
P2: 0 0 0 
"]
12[label = "Index: 12 
P0: 0 0 -3 
P1: -2 0 -1 
P2: 0 0 0 
", color = "purple"]
13[label = "Index: 13 
P0: 0 0 -2 
P1: -1 -1 -1 
P2: 0 0 0 
"]
14[label = "Index: 14 
P0: 0 -1 -2 
P1: -1 -1 -1 
P2: 0 0 0 
", color = "purple"]
15[label = "Index: 15 
P0: 0 -2 -2 
P1: -1 -2 -1 
P2: 0 0 0 
", color = "purple"]
16[label = "Index: 16 
P0: 0 -3 -2 
P1: -1 -3 -1 
P2: 0 0 0 
", color = "purple"]
17[label = "Index: 17 
P0: 0 0 -3 
P1: -1 -1 -2 
P2: 0 0 0 
", color = "purple"]
18[label = "Index: 18 
P0: 0 0 -3 
P1: -1 -1 -1 
P2: 0 0 0 
", color = "purple"]
19[label = "Index: 19 
P0: 0 0 -3 
P1: -1 -2 -1 
P2: 0 0 0 
", color = "purple"]
20[label = "Index: 20 
P0: 0 0 -3 
P1: -1 -3 -1 
P2: 0 0 0 
", color = "purple"]
21[label = "Index: 21 
P0: 0 -1 -3 
P1: -1 -1 -1 
P2: 0 0 0 
", color = "purple"]
22[label = "Index: 22 
P0: 0 -2 -3 
P1: -1 -2 -1 
P2: 0 0 0 
", color = "purple"]
23[label = "Index: 23 
P0: 0 -3 -3 
P1: -1 -3 -1 
P2: 0 0 0 
", color = "purple"]
24[label = "Index: 24 
P0: 0 0 -3 
P1: -2 -1 -1 
P2: 0 0 0 
"]
25[label = "Index: 25 
P0: 0 0 -3 
P1: -2 -2 -1 
P2: 0 0 0 
"]
26[label = "Index: 26 
P0: 0 0 -3 
P1: -2 -3 -1 
P2: 0 0 0 
"]
27[label = "Index: 27 
P0: 0 0 -2 
P1: -2 -1 -1 
P2: 0 0 0 
", color = "purple"]
28[label = "Index: 28 
P0: 0 -1 -2 
P1: -1 -2 -1 
P2: 0 0 0 
", color = "purple"]
29[label = "Index: 29 
P0: 0 -2 -2 
P1: -1 -3 -1 
P2: 0 0 0 
", color = "purple"]
30[label = "Index: 30 
P0: -1 -1 -2 
P1: -1 -1 -1 
P2: 0 0 0 
"]
31[label = "Index: 31 
P0: 0 -1 -2 
P1: 0 -1 -1 
P2: 0 0 0 
"]
32[label = "Index: 32 
P0: -1 -2 -2 
P1: -1 -2 -1 
P2: 0 0 0 
"]
33[label = "Index: 33 
P0: -1 -3 -2 
P1: -1 -3 -1 
P2: 0 0 0 
"]
34[label = "Index: 34 
P0: 0 -1 -3 
P1: -1 -1 -2 
P2: 0 0 0 
"]
35[label = "Index: 35 
P0: 0 0 -3 
P1: -2 -1 -2 
P2: 0 0 0 
"]
36[label = "Index: 36 
P0: 0 -1 -3 
P1: -1 -2 -1 
P2: 0 0 0 
"]
37[label = "Index: 37 
P0: 0 -1 -3 
P1: -1 -3 -1 
P2: 0 0 0 
"]
38[label = "Index: 38 
P0: 0 -2 -3 
P1: -1 -3 -1 
P2: 0 0 0 
"]
39[label = "Index: 39 
P0: 0 0 -2 
P1: -1 -3 -1 
P2: 0 0 0 
"]
40[label = "Index: 40 
P0: -1 -1 -3 
P1: -1 -1 -1 
P2: 0 0 0 
"]
41[label = "Index: 41 
P0: 0 -1 -3 
P1: -2 -1 -1 
P2: 0 0 0 
"]
42[label = "Index: 42 
P0: 0 -1 -3 
P1: 0 -1 -1 
P2: 0 0 0 
"]
43[label = "Index: 43 
P0: -1 -2 -3 
P1: -1 -2 -1 
P2: 0 0 0 
"]
44[label = "Index: 44 
P0: 0 -2 -3 
P1: -2 -2 -1 
P2: 0 0 0 
"]
45[label = "Index: 45 
P0: 0 -2 -3 
P1: -1 -2 -2 
P2: 0 0 0 
"]
46[label = "Index: 46 
P0: -1 -3 -3 
P1: -1 -3 -1 
P2: 0 0 0 
"]
47[label = "Index: 47 
P0: 1 -3 -3 
P1: -1 -3 -1 
P2: 0 0 0 
"]
48[label = "Index: 48 
P0: 0 -3 -3 
P1: -2 -3 -1 
P2: 0 0 0 
"]
49[label = "Index: 49 
P0: 0 -3 -3 
P1: -1 -3 -2 
P2: 0 0 0 
"]
50[label = "Index: 50 
P0: 0 -1 -2 
P1: -2 -2 -1 
P2: 0 0 0 
"]
51[label = "Index: 51 
P0: 0 -2 -2 
P1: -2 -3 -1 
P2: 0 0 0 
"]
52[label = "Index: 52 
P2: 0 0 0 
", color = "fuchsia"]
53[label = "Index: 53 
P0: 0 0 -3 
P1: -1 0 -2 
", color = "orange"]
54[label = "Index: 54 
P0: -1 0 -3 
P1: -1 0 -2 
"]
55[label = "Index: 55 
P0: 0 1 -3 
P1: -1 0 -2 
", color = "orange"]
56[label = "Index: 56 
P0: 0 0 -4 
P1: -1 0 -2 
"]
57[label = "Index: 57 
P0: 0 0 -5 
P1: -1 0 -2 
"]
58[label = "Index: 58 
P0: -1 0 -4 
P1: -1 0 -2 
"]
59[label = "Index: 59 
P0: -1 0 -5 
P1: -1 0 -2 
"]
60[label = "Index: 60 
P0: -1 0 -2 
P1: -1 0 -2 
"]
61[label = "Index: 61 
P0: 1 1 -3 
P1: -1 0 -2 
"]
62[label = "Index: 62 
P0: 0 1 -4 
P1: -1 0 -2 
", color = "red"]
63[label = "Index: 63 
P0: 0 1 -5 
P1: -1 0 -2 
"]
64[label = "Index: 64 
P0: 0 1 -6 
P1: -1 0 -2 
"]
65[label = "Index: 65 
P0: 1 0 -4 
P1: -1 0 -2 
"]
66[label = "Index: 66 
P0: 0 2 -4 
P1: -1 0 -2 
"]
67[label = "Index: 67 
P0: 0 3 -4 
P1: -1 0 -2 
"]
68[label = "Index: 68 
P0: 1 0 -5 
P1: -1 0 -2 
"]
69[label = "Index: 69 
P0: 0 2 -5 
P1: -1 0 -2 
"]
70[label = "Index: 70 
P0: 0 3 -5 
P1: -1 0 -2 
"]
71[label = "Index: 71 
P0: -1 1 -4 
P1: -1 0 -2 
"]
72[label = "Index: 72 
P0: -1 2 -4 
P1: -1 0 -2 
"]
73[label = "Index: 73 
P0: -1 1 -5 
P1: -1 0 -2 
"]
74[label = "Index: 74 
P0: -1 2 -5 
P1: -1 0 -2 
"]
75[label = "Index: 75 
P0: 1 1 -4 
P1: -1 0 -2 
"]
76[label = "Index: 76 
P0: 1 1 -5 
P1: -1 0 -2 
"]
77[label = "Index: 77 
P1: -1 0 -2 
", style="filled", fillcolor = "blue"]
78[label = "Index: 78 
P0: 0 1 -4 
", color = "fuchsia"]
0 -> 1
0 -> 2
0 -> 3

1 -> 0
1 -> 2
1 -> 3
1 -> 4

2 -> 0
2 -> 1
2 -> 3
2 -> 5
2 -> 6

3 -> 0
3 -> 1
3 -> 2
3 -> 7
3 -> 8

4 -> 1
4 -> 5
4 -> 7
4 -> 9
4 -> 10

5 -> 2
5 -> 4
5 -> 7
5 -> 6
5 -> 9
5 -> 11

6 -> 2
6 -> 5
6 -> 8
6 -> 12

7 -> 3
7 -> 4
7 -> 5
7 -> 8
7 -> 11
7 -> 10

8 -> 3
8 -> 6
8 -> 7
8 -> 12

9 -> 4
9 -> 5
9 -> 11
9 -> 13
9 -> 14
9 -> 15
9 -> 16
9 -> 10

10 -> 4
10 -> 7
10 -> 9
10 -> 17
10 -> 11
10 -> 52
10 -> 53

11 -> 5
11 -> 7
11 -> 9
11 -> 10
11 -> 12
11 -> 18
11 -> 19
11 -> 20
11 -> 21
11 -> 22
11 -> 23

12 -> 6
12 -> 8
12 -> 11
12 -> 24
12 -> 25
12 -> 26

13 -> 9
13 -> 14
13 -> 18
13 -> 27
13 -> 28
13 -> 29
13 -> 17

14 -> 9
14 -> 13
14 -> 30
14 -> 21
14 -> 31
14 -> 28

15 -> 9
15 -> 32
15 -> 28
15 -> 22
15 -> 29

16 -> 9
16 -> 33
16 -> 29
16 -> 23

17 -> 10
17 -> 13
17 -> 34
17 -> 35
17 -> 18

18 -> 11
18 -> 13
18 -> 21
18 -> 17

19 -> 11
19 -> 36
19 -> 22

20 -> 11
20 -> 37
20 -> 38
20 -> 23
20 -> 39

21 -> 11
21 -> 14
21 -> 18
21 -> 40
21 -> 41
21 -> 42
21 -> 36
21 -> 37
21 -> 34

22 -> 11
22 -> 15
22 -> 19
22 -> 43
22 -> 36
22 -> 44
22 -> 38
22 -> 45

23 -> 11
23 -> 16
23 -> 20
23 -> 46
23 -> 47
23 -> 38
23 -> 37
23 -> 48
23 -> 49

24 -> 12
24 -> 27

25 -> 12

26 -> 12

27 -> 13
27 -> 24

28 -> 13
28 -> 14
28 -> 15
28 -> 36
28 -> 50

29 -> 13
29 -> 15
29 -> 16
29 -> 38
29 -> 51

30 -> 14

31 -> 14

32 -> 15

33 -> 16

34 -> 21
34 -> 17

35 -> 17

36 -> 19
36 -> 21
36 -> 22
36 -> 28

37 -> 20
37 -> 21
37 -> 23

38 -> 20
38 -> 22
38 -> 23
38 -> 29

39 -> 20

40 -> 21

41 -> 21

42 -> 21

43 -> 22

44 -> 22

45 -> 22

46 -> 23

47 -> 23

48 -> 23

49 -> 23

50 -> 28

51 -> 29

53 -> 54
53 -> 55
53 -> 56
53 -> 57

54 -> 53
54 -> 58
54 -> 59
54 -> 60

55 -> 53
55 -> 61
55 -> 62
55 -> 63
55 -> 64

56 -> 53
56 -> 58
56 -> 65
56 -> 62
56 -> 66
56 -> 67
56 -> 57

57 -> 53
57 -> 56
57 -> 59
57 -> 68
57 -> 63
57 -> 69
57 -> 70

58 -> 54
58 -> 56
58 -> 65
58 -> 71
58 -> 72
58 -> 59
58 -> 60

59 -> 54
59 -> 57
59 -> 58
59 -> 68
59 -> 73
59 -> 74
59 -> 60

60 -> 54
60 -> 58
60 -> 59

61 -> 55
61 -> 75
61 -> 76

62 -> 55
62 -> 56
62 -> 77
62 -> 78

63 -> 55
63 -> 57

64 -> 55

65 -> 56
65 -> 58

66 -> 56

67 -> 56

68 -> 57
68 -> 59

69 -> 57

70 -> 57

71 -> 58

72 -> 58

73 -> 59

74 -> 59

75 -> 61

76 -> 61

}
