digraph G {
color = "black"
0[label = "Index: 0 
P0: 0 0 0 
P1: 0 0 0 
P2: 0 0 0 
P3: 0 0 0 
P4: 0 0 0 
P5: 0 0 0 
", color = "green"]
1[label = "Index: 1 
P0: 0 0 1 
P1: 0 0 0 
P2: 0 0 0 
P3: 0 0 0 
P4: 0 0 0 
P5: 0 0 0 
", color = "orange"]
2[label = "Index: 2 
P0: 0 0 1 
P1: 0 -1 0 
P2: 0 0 0 
P3: 0 0 0 
P4: 0 0 0 
P5: 0 0 0 
"]
3[label = "Index: 3 
P0: 0 0 1 
P1: 0 -1 0 
P2: 0 -1 0 
P3: 0 0 0 
P4: 0 0 0 
P5: 0 0 0 
", color = "orange"]
4[label = "Index: 4 
P0: 0 0 2 
P1: 0 -1 0 
P2: 0 -1 0 
P3: 0 0 0 
P4: 0 0 0 
P5: 0 0 0 
", color = "orange"]
5[label = "Index: 5 
P0: 0 0 2 
P1: 0 -1 0 
P2: 0 -1 0 
P3: 1 0 0 
P4: 0 0 0 
P5: 0 0 0 
"]
6[label = "Index: 6 
P0: 0 0 2 
P1: 0 -1 0 
P2: 0 -1 0 
P3: 2 0 0 
P4: 0 0 0 
P5: 0 0 0 
", color = "orange"]
7[label = "Index: 7 
P0: 0 0 1 
P1: 0 -1 0 
P2: 0 -1 0 
P3: 2 0 0 
P4: 0 0 0 
P5: 0 0 0 
", color = "orange"]
8[label = "Index: 8 
P0: 0 0 1 
P1: 0 -1 0 
P2: 0 0 0 
P3: 2 0 0 
P4: 0 0 0 
P5: 0 0 0 
"]
9[label = "Index: 9 
P0: 0 0 1 
P1: 0 0 0 
P2: 0 0 0 
P3: 2 0 0 
P4: 0 0 0 
P5: 0 0 0 
"]
10[label = "Index: 10 
P0: 0 0 1 
P1: 0 0 0 
P2: 0 0 0 
P3: 2 0 0 
P4: 0 1 0 
P5: 0 0 0 
"]
11[label = "Index: 11 
P0: 0 0 1 
P1: 0 0 0 
P2: 0 0 0 
P3: 2 1 0 
P4: 0 1 0 
P5: 0 0 0 
", color = "red"]
12[label = "Index: 12 
P0: 0 0 1 
P1: 0 0 0 
P2: 0 0 0 
P4: 0 1 0 
P5: 0 0 0 
", color = "green"]
13[label = "Index: 13 
P0: 0 0 1 
P1: 0 0 0 
P2: 0 0 0 
P4: 0 0 0 
P5: 0 0 0 
"]
14[label = "Index: 14 
P0: 0 0 1 
P1: 0 -1 0 
P2: 0 0 0 
P4: 0 0 0 
P5: 0 0 0 
"]
15[label = "Index: 15 
P0: 0 0 1 
P1: 0 -1 0 
P2: 0 -1 0 
P4: 0 0 0 
P5: 0 0 0 
", color = "orange"]
16[label = "Index: 16 
P0: 0 0 0 
P1: 0 0 0 
P2: 0 0 0 
P4: 0 0 0 
P5: 0 0 0 
"]
17[label = "Index: 17 
P0: 0 0 2 
P1: 0 -1 0 
P2: 0 -1 0 
P4: 0 0 0 
P5: 0 0 0 
"]
18[label = "Index: 18 
P0: 0 0 2 
P1: 0 -1 1 
P2: 0 -1 1 
P4: 0 0 0 
P5: 0 0 0 
", color = "red"]
19[label = "Index: 19 
P0: 0 0 3 
P1: 0 -1 1 
P2: 0 -1 1 
P4: 0 0 0 
P5: 0 0 0 
"]
20[label = "Index: 20 
P0: 0 0 2 
P2: 0 -1 1 
P4: 0 0 0 
P5: 0 0 0 
", color = "red"]
21[label = "Index: 21 
P2: 0 -1 1 
P4: 0 0 0 
P5: 0 0 0 
", color = "red"]
22[label = "Index: 22 
P4: 0 0 0 
P5: 0 0 0 
", color = "red"]
23[label = "Index: 23 
P5: 0 0 0 
", color = "blue"]
0 -> 1

1 -> 0
1 -> 2
1 -> 3

2 -> 1
2 -> 3

3 -> 1
3 -> 2
3 -> 4

4 -> 3
4 -> 5
4 -> 6

5 -> 4
5 -> 6

6 -> 4
6 -> 5
6 -> 7

7 -> 6
7 -> 8
7 -> 9
7 -> 10
7 -> 11

8 -> 7
8 -> 9
8 -> 10
8 -> 11

9 -> 7
9 -> 8
9 -> 10
9 -> 11

10 -> 7
10 -> 8
10 -> 9
10 -> 11

11 -> 7
11 -> 8
11 -> 9
11 -> 10
11 -> 12

12 -> 13
12 -> 14
12 -> 15

13 -> 12
13 -> 16
13 -> 14
13 -> 15

14 -> 12
14 -> 13
14 -> 15

15 -> 12
15 -> 13
15 -> 14
15 -> 17
15 -> 18

16 -> 13

17 -> 15
17 -> 18
17 -> 19

18 -> 15
18 -> 17
18 -> 19
18 -> 20[style=bold label=" Remove P1 "];


19 -> 17
19 -> 18

20 -> 21[style=bold label=" Remove P0 "];


21 -> 22[style=bold label=" Remove P2 "];


22 -> 23[style=bold label=" Remove P4 "];


}
