digraph G {
color = "black"
0[label = "Index: 0 
P0: 0 0 0 
P1: 0 0 0 
P2: 0 0 0 
P3: 0 0 0 
", style="filled", fillcolor = "green"]
1[label = "Index: 1 
P0: 0 0 -1 
P1: 0 0 0 
P2: 0 0 0 
P3: 0 0 0 
", color = "orange"]
2[label = "Index: 2 
P0: 0 -1 -1 
P1: 0 -1 0 
P2: 0 -1 0 
P3: 0 0 0 
", color = "orange"]
3[label = "Index: 3 
P0: 0 -1 -2 
P1: 0 -1 0 
P2: 0 -1 0 
P3: 0 0 0 
", color = "orange"]
4[label = "Index: 4 
P0: 0 -2 -2 
P1: 0 -1 0 
P2: 0 -1 0 
P3: 0 0 0 
", color = "orange"]
5[label = "Index: 5 
P0: 0 -2 -2 
P1: 0 -2 0 
P2: 0 -1 0 
P3: 0 0 0 
"]
6[label = "Index: 6 
P0: 0 -1 -2 
P1: 0 -1 0 
P2: 0 0 0 
P3: 0 0 0 
"]
7[label = "Index: 7 
P0: 0 -1 -2 
P1: 0 0 0 
P2: 0 0 0 
P3: 0 0 0 
"]
8[label = "Index: 8 
P0: 0 -2 -2 
P1: 0 -2 0 
P2: 0 -2 0 
P3: 0 0 0 
"]
9[label = "Index: 9 
P0: 0 -2 -3 
P1: 0 -1 0 
P2: 0 -1 0 
P3: 0 0 0 
", color = "orange"]
10[label = "Index: 10 
P0: 0 -2 -2 
P1: 0 -1 0 
P2: 0 0 0 
P3: 0 0 0 
"]
11[label = "Index: 11 
P0: 0 -2 -2 
P1: 0 -2 0 
P2: 0 0 0 
P3: 0 0 0 
"]
12[label = "Index: 12 
P0: 0 -3 -3 
P1: 0 -2 0 
P2: 0 -1 0 
P3: 0 0 0 
", color = "orange"]
13[label = "Index: 13 
P0: 0 -2 -3 
P1: 0 -1 0 
P2: 0 0 0 
P3: 0 0 0 
"]
14[label = "Index: 14 
P0: 0 -3 -3 
P1: 0 -2 0 
P2: 0 -2 0 
P3: 0 0 0 
"]
15[label = "Index: 15 
P0: 0 -3 -3 
P1: 0 -2 0 
P2: 0 0 0 
P3: 0 0 0 
", color = "orange"]
16[label = "Index: 16 
P0: 1 -3 -3 
P1: 0 -2 0 
P2: 0 0 0 
P3: 0 0 0 
", style="filled", fillcolor = "red"]
17[label = "Index: 17 
P0: 1 -3 -3 
", color = "fuchsia"]
18[label = "Index: 18 
P1: 0 -2 0 
P2: 0 0 0 
P3: 0 0 0 
", color = "red"]
19[label = "Index: 19 
P1: 0 -1 0 
P2: 0 0 0 
P3: 0 0 0 
"]
20[label = "Index: 20 
P1: 0 0 0 
P2: 0 0 0 
P3: 0 0 0 
"]
21[label = "Index: 21 
P1: 0 -2 0 
P2: 0 -1 0 
P3: 0 0 0 
"]
22[label = "Index: 22 
P1: 0 -2 0 
P2: 0 -2 0 
P3: 0 0 0 
"]
23[label = "Index: 23 
P3: 0 0 0 
", color = "fuchsia"]
24[label = "Index: 24 
P1: 0 -2 0 
P2: 0 0 0 
", color = "orange"]
25[label = "Index: 25 
P1: 1 -2 0 
P2: 0 0 0 
", color = "red"]
26[label = "Index: 26 
P1: 0 -1 0 
P2: 0 0 0 
"]
27[label = "Index: 27 
P1: 0 0 0 
P2: 0 0 0 
"]
28[label = "Index: 28 
P2: 0 0 0 
", style="filled", fillcolor = "blue"]
29[label = "Index: 29 
P1: 1 -2 0 
", color = "fuchsia"]
0 -> 1

1 -> 0
1 -> 2

2 -> 1
2 -> 3

3 -> 2
3 -> 4
3 -> 5
3 -> 6
3 -> 7
3 -> 8

4 -> 3
4 -> 9
4 -> 5
4 -> 10
4 -> 6
4 -> 8
4 -> 7

5 -> 3
5 -> 4
5 -> 8
5 -> 11
5 -> 10
5 -> 6

6 -> 3
6 -> 4
6 -> 5
6 -> 10
6 -> 7
6 -> 11

7 -> 3
7 -> 4
7 -> 6
7 -> 10

8 -> 3
8 -> 4
8 -> 5
8 -> 11

9 -> 4
9 -> 12
9 -> 13
9 -> 14

10 -> 4
10 -> 5
10 -> 6
10 -> 7
10 -> 13
10 -> 11

11 -> 5
11 -> 6
11 -> 8
11 -> 10

12 -> 9
12 -> 14
12 -> 15
12 -> 13

13 -> 9
13 -> 10
13 -> 12
13 -> 15

14 -> 9
14 -> 12
14 -> 15

15 -> 12
15 -> 13
15 -> 14
15 -> 16

16 -> 15
16 -> 18
16 -> 17

18 -> 19
18 -> 20
18 -> 21
18 -> 22
18 -> 23
18 -> 24

19 -> 18

20 -> 18

21 -> 18

22 -> 18

24 -> 25
24 -> 26
24 -> 27

25 -> 24
25 -> 28
25 -> 29

26 -> 24

27 -> 24

}
