digraph G {
color = "black"
0[label = "Index: 0 
P0: 0 0 0 
P1: 0 0 0 
P2: 0 0 0 
P3: 0 0 0 
", style="filled", fillcolor = "green"]
1[label = "Index: 1 
P0: 0 0 -1 
P1: 0 0 0 
P2: 0 0 0 
P3: 0 0 0 
", color = "orange"]
2[label = "Index: 2 
P0: 0 0 -2 
P1: 0 0 0 
P2: 0 0 0 
P3: 0 0 0 
"]
3[label = "Index: 3 
P0: 0 0 -1 
P1: 1 0 0 
P2: 0 0 0 
P3: 0 0 0 
", color = "orange"]
4[label = "Index: 4 
P0: 0 0 -2 
P1: 1 0 0 
P2: 0 0 0 
P3: 0 0 0 
"]
5[label = "Index: 5 
P0: 0 0 -1 
P1: 1 0 0 
P2: 0 -1 0 
P3: 0 0 0 
", color = "orange"]
6[label = "Index: 6 
P0: 0 0 -2 
P1: 1 0 0 
P2: 0 -1 0 
P3: 0 0 0 
"]
7[label = "Index: 7 
P0: 0 0 -1 
P1: 1 0 1 
P2: 0 -1 0 
P3: 0 0 0 
", color = "orange"]
8[label = "Index: 8 
P0: 0 0 -2 
P1: 1 0 1 
P2: 0 -1 0 
P3: 0 0 0 
"]
9[label = "Index: 9 
P0: 0 0 -1 
P1: 2 0 1 
P2: 0 -1 0 
P3: 0 0 0 
"]
10[label = "Index: 10 
P0: 0 0 -1 
P1: 2 0 1 
P2: 1 -1 0 
P3: 0 0 0 
", style="filled", fillcolor = "red"]
11[label = "Index: 11 
P0: 0 0 -2 
P1: 2 0 1 
P2: 0 -1 0 
P3: 0 0 0 
"]
12[label = "Index: 12 
P0: 0 0 -2 
P1: 2 0 1 
P2: 1 -1 0 
P3: 0 0 0 
", color = "purple"]
13[label = "Index: 13 
P0: 0 0 0 
P1: 2 0 1 
P2: 1 -1 0 
P3: 0 0 0 
"]
14[label = "Index: 14 
P2: 1 -1 0 
", color = "fuchsia"]
15[label = "Index: 15 
P0: 0 0 -1 
P1: 2 0 1 
P3: 0 0 0 
", color = "red"]
16[label = "Index: 16 
P0: 0 0 -2 
P1: 2 0 1 
P3: 0 0 0 
"]
17[label = "Index: 17 
P0: 0 0 0 
P1: 2 0 1 
P3: 0 0 0 
"]
18[label = "Index: 18 
P1: 2 0 1 
", color = "fuchsia"]
19[label = "Index: 19 
P0: 0 0 -1 
P3: 0 0 0 
", color = "orange"]
20[label = "Index: 20 
P0: 0 0 -2 
P3: 0 0 0 
"]
21[label = "Index: 21 
P0: 0 0 0 
P3: 0 0 0 
", color = "red"]
22[label = "Index: 22 
P0: 0 0 0 
", style="filled", fillcolor = "blue"]
23[label = "Index: 23 
P3: 0 0 0 
", color = "fuchsia"]
0 -> 1
0 -> 2

1 -> 0
1 -> 2
1 -> 3

2 -> 0
2 -> 1
2 -> 4

3 -> 1
3 -> 4
3 -> 5

4 -> 2
4 -> 3
4 -> 6

5 -> 3
5 -> 6
5 -> 7

6 -> 4
6 -> 5
6 -> 8
6 -> 7

7 -> 5
7 -> 6
7 -> 8
7 -> 9
7 -> 10

8 -> 6
8 -> 7
8 -> 11
8 -> 12

9 -> 7
9 -> 11
9 -> 10

10 -> 7
10 -> 9
10 -> 12
10 -> 13
10 -> 15
10 -> 14

11 -> 8
11 -> 9
11 -> 12

12 -> 8
12 -> 10
12 -> 11
12 -> 13

13 -> 10
13 -> 12

15 -> 16
15 -> 17
15 -> 19
15 -> 18

16 -> 15

17 -> 15

19 -> 20
19 -> 21

20 -> 19
20 -> 21

21 -> 19
21 -> 20
21 -> 23
21 -> 22

}
