graph G {
color = "black"
0 [label = "P1: 0 0 0 
P2: 0 0 0 
P3: 0 0 0 
P4: 0 0 0 
P5: 0 0 0 
",  style="filled", fillcolor = "#96FF96"];
1 [label = "P1: 0 1 0 
P2: 0 0 0 
P3: 0 0 0 
P4: 0 0 0 
P5: 0 0 0 
"];
2 [label = "P1: 0 1 0 
P2: 0 0 -1 
P3: 0 0 0 
P4: 0 0 0 
P5: 0 0 0 
"];
3 [label = "P1: 0 1 0 
P2: 0 0 -1 
P3: 0 1 0 
P4: 0 0 0 
P5: 0 0 0 
"];
4 [label = "P1: 0 1 0 
P2: 0 0 -1 
P3: 0 1 0 
P4: 1 0 0 
P5: 0 0 0 
"];
5 [label = "P1: 0 2 0 
P2: 0 0 -1 
P3: 0 1 0 
P4: 1 0 0 
P5: 0 0 0 
"];
6 [label = "P1: 0 2 0 
P2: -1 0 -1 
P3: 0 1 0 
P4: 1 0 0 
P5: 0 0 0 
"];
7 [label = "P1: 0 2 0 
P2: -1 0 -1 
P3: 0 1 0 
P4: 1 -1 0 
P5: 0 -1 0 
"];
8 [label = "P1: 0 3 0 
P2: -1 1 -1 
P3: 0 2 0 
P4: 1 1 0 
P5: 0 0 0 
"];
9 [label = "P1: 0 2 0 
P2: -1 0 -1 
P3: 0 1 0 
P4: 0 -1 0 
P5: 0 -1 0 
"];
10 [label = "P1: 0 2 0 
P2: -1 0 -1 
P3: 0 1 0 
P4: 0 -1 1 
P5: 0 -1 1 
",  style="filled", fillcolor = "#FF9696"];
11 [label = "P1: 0 3 -2 
P2: -1 1 -3 
P3: 0 2 -2 
P4: 0 0 0 
P5: 0 0 0 
",  style="filled", fillcolor = "#FF9696"];
12 [label = "P4: 0 -2 1 
P5: 0 -2 1 
"];
13 [label = "P4: 1 -2 1 
P5: 0 -2 1 
"];
14 [label = "P4: 1 -1 1 
P5: 0 -2 1 
"];
15 [label = "P4: 2 -1 1 
P5: 0 -2 1 
"];
16 [label = "P4: 3 1 0 
P5: 0 0 0 
"];
17 [label = "P4: 2 -1 1 
", style="filled", fillcolor = "#9696FF"];
18 [label = "P5: 0 0 0 
",  style="filled", fillcolor = "#FF96FF"];
19 [label = "P1: 0 2 0 
P2: -1 0 -1 
P3: 0 1 0 
"];
20 [label = "P1: 0 2 0 
P2: 0 0 -1 
P3: 0 1 0 
"];
21 [label = "P1: 0 2 -1 
P2: 0 1 -2 
P3: 0 2 -1 
"];
22 [label = "P1: 0 3 -1 
P2: 0 2 -2 
P3: 0 2 -1 
"];
23 [label = "P1: 0 2 0 
P2: 0 0 -1 
P3: 0 0 0 
"];
24 [label = "P1: 0 3 -1 
P2: 0 2 -1 
P3: 0 2 -1 
"];
25 [label = "P1: 0 4 -2 
P2: 0 2 -2 
P3: 0 2 -1 
"];
26 [label = "P1: 0 4 -1 
P2: 0 2 -1 
P3: 0 2 -1 
"];
27 [label = "P3: 0 2 -1 
",  style="filled", fillcolor = "#FF96FF"];
28 [label = "P1: 0 2 0 
P2: 0 0 -1 
"];
29 [label = "P2: 0 0 -1 
",  style="filled", fillcolor = "#FF96FF"];
30 [label = "P1: 0 4 -1 
",  style="filled", fillcolor = "#FF96FF"];
edge [style=bold];
0 -- 1 [color="#1E96FF", penwidth=4.0];

1 -- 2 [color="#1E96FF", penwidth=4.0];

2 -- 3 [color="#1E96FF", penwidth=4.0];

3 -- 4 [color="#1E96FF", penwidth=4.0];

4 -- 5 [color="#1E96FF", penwidth=4.0];

5 -- 6 [color="#1E96FF", penwidth=4.0];

6 -- 7 [color="#1E96FF", penwidth=4.0];
6 -- 8 [color=black];

7 -- 9 [color="#1E96FF", penwidth=4.0];
7 -- 8 [color=black];


9 -- 10 [color="#1E96FF", penwidth=4.0];
9 -- 11 [color=black];

10 -- 12 [color=black];
10 -- 19 [color=black];


12 -- 13 [color="#1E96FF", penwidth=4.0];

13 -- 14 [color="#1E96FF", penwidth=4.0];

14 -- 15 [color="#1E96FF", penwidth=4.0];
14 -- 16 [color=black];

15 -- 18 [color=black];
15 -- 17 [color="#1E96FF", penwidth=4.0];


19 -- 20 [color=black];

20 -- 21 [color=black];
20 -- 22 [color=black];
20 -- 23 [color="#1E96FF", penwidth=4.0];

21 -- 22 [color=black];

22 -- 23 [color=black];
22 -- 24 [color=black];

23 -- 25 [color=black];
23 -- 26 [color=black];
23 -- 27 [color=black];
23 -- 28 [color="#1E96FF", penwidth=4.0];




28 -- 29 [color=black];
28 -- 30 [color=black];

}
