graph G {
color = "black"
0 [label = "P1: 0 0 0 
P2: 0 0 0 
P3: 0 0 0 
",  style="filled", fillcolor = "#96FF96"];
1 [label = "P1: 0 0 1 
P2: 0 0 0 
P3: 0 0 0 
"];
2 [label = "P1: 0 0 1 
P2: 0 -1 0 
P3: 0 0 0 
"];
3 [label = "P1: 0 0 2 
P2: 0 -1 0 
P3: 0 0 0 
"];
4 [label = "P1: 0 0 2 
P2: 0 -1 0 
P3: -1 0 0 
"];
5 [label = "P1: 1 0 2 
P2: 1 -2 0 
P3: 0 0 0 
"];
6 [label = "P1: 1 0 2 
P2: 1 -1 1 
P3: 0 0 0 
"];
7 [label = "P1: 0 0 2 
P2: 0 -1 0 
P3: -1 0 -1 
"];
8 [label = "P1: 0 1 2 
P2: 0 -1 0 
P3: -1 0 -1 
"];
9 [label = "P1: 1 1 2 
P2: 0 -1 0 
P3: -1 0 -1 
",  style="filled", fillcolor = "#FF9696"];
10 [label = "P1: 2 1 3 
",  style="filled", fillcolor = "#FF96FF"];
11 [label = "P2: 0 -1 0 
P3: -1 0 -1 
"];
12 [label = "P2: 0 -1 -1 
P3: -1 0 -1 
"];
13 [label = "P2: 0 -1 0 
P3: 0 0 0 
"];
14 [label = "P2: 0 -2 -1 
P3: -1 0 -1 
"];
15 [label = "P2: 0 0 0 
P3: 0 0 0 
"];
16 [label = "P2: 0 -2 -2 
P3: -1 0 -1 
"];
17 [label = "P2: -1 -2 -2 
P3: -1 0 -1 
"];
18 [label = "P2: -1 -2 -2 
", style="filled", fillcolor = "#9696FF"];
19 [label = "P3: 0 0 0 
",  style="filled", fillcolor = "#FF96FF"];
edge [style=bold];
0 -- 1 [color="#1E96FF", penwidth=4.0];

1 -- 2 [color="#1E96FF", penwidth=4.0];

2 -- 3 [color="#1E96FF", penwidth=4.0];

3 -- 4 [color="#1E96FF", penwidth=4.0];

4 -- 5 [color=black];
4 -- 6 [color=black];
4 -- 7 [color="#1E96FF", penwidth=4.0];


6 -- 7 [color=black];

7 -- 8 [color="#1E96FF", penwidth=4.0];

8 -- 9 [color="#1E96FF", penwidth=4.0];

9 -- 11 [color=black];
9 -- 10 [color=black];

11 -- 12 [color="#1E96FF", penwidth=4.0];

12 -- 13 [color=black];
12 -- 14 [color="#1E96FF", penwidth=4.0];

13 -- 15 [color=black];

14 -- 16 [color="#1E96FF", penwidth=4.0];


16 -- 17 [color="#1E96FF", penwidth=4.0];

17 -- 19 [color=black];
17 -- 18 [color="#1E96FF", penwidth=4.0];

}
