digraph G {
color = "black"
0[label = "Index: 0 
P0: 0 0 0 
P1: 0 0 0 
P2: 0 0 0 
P3: 0 0 0 
", style="filled", fillcolor = "green"]
1[label = "Index: 1 
P0: 0 0 -1 
P1: 0 0 0 
P2: 0 0 0 
P3: 0 0 0 
", color = "orange"]
2[label = "Index: 2 
P0: 0 0 -1 
P1: 1 0 0 
P2: 0 0 0 
P3: 0 0 0 
", color = "orange"]
3[label = "Index: 3 
P0: 0 0 -2 
P1: 1 0 0 
P2: 0 0 0 
P3: 0 0 0 
", color = "orange"]
4[label = "Index: 4 
P0: 0 1 -1 
P1: 1 1 0 
P2: 0 1 0 
P3: 0 0 0 
"]
5[label = "Index: 5 
P0: 0 0 -2 
P1: 1 0 0 
P2: 0 1 0 
P3: 0 0 0 
", color = "orange"]
6[label = "Index: 6 
P0: 0 1 -2 
P1: 1 1 0 
P2: 0 1 0 
P3: 0 0 0 
"]
7[label = "Index: 7 
P0: 0 1 -2 
P1: 1 1 0 
P2: 0 2 0 
P3: 0 0 0 
", color = "orange"]
8[label = "Index: 8 
P0: -1 1 -2 
P1: 1 1 0 
P2: -1 2 0 
P3: 0 0 0 
", color = "orange"]
9[label = "Index: 9 
P0: -1 2 -2 
P1: 1 1 0 
P2: -1 2 0 
P3: 0 0 0 
", color = "orange"]
10[label = "Index: 10 
P0: -1 1 -2 
P1: 1 0 0 
P2: -1 2 0 
P3: 0 0 0 
"]
11[label = "Index: 11 
P0: -1 1 -2 
P1: 1 1 0 
P2: -1 3 0 
P3: 0 0 0 
"]
12[label = "Index: 12 
P0: -1 2 -2 
P1: 1 1 0 
P2: -1 3 0 
P3: 0 0 0 
"]
13[label = "Index: 13 
P0: -1 2 -2 
P1: 1 0 0 
P2: -1 2 0 
P3: 0 0 0 
"]
14[label = "Index: 14 
P0: -2 2 -2 
P1: 1 1 0 
P2: -2 2 0 
P3: 0 0 0 
", style="filled", fillcolor = "red"]
15[label = "Index: 15 
P0: -1 3 -2 
P1: 1 1 0 
P2: -1 3 0 
P3: 0 0 0 
"]
16[label = "Index: 16 
P0: -2 2 -2 
P1: 1 1 0 
P2: -2 3 0 
P3: 0 0 0 
", color = "purple"]
17[label = "Index: 17 
P0: -2 2 -2 
P1: 1 0 0 
P2: -2 2 0 
P3: 0 0 0 
", color = "purple"]
18[label = "Index: 18 
P0: -2 2 -2 
P1: 0 0 0 
P2: -2 2 0 
P3: 0 0 0 
"]
19[label = "Index: 19 
P0: -2 2 -1 
P1: 1 1 0 
P2: -2 2 0 
P3: 0 0 0 
"]
20[label = "Index: 20 
P0: -1 3 -1 
P1: 1 1 0 
P2: -1 3 0 
P3: 0 0 0 
"]
21[label = "Index: 21 
P0: -2 3 -2 
P1: 1 1 0 
P2: -2 3 0 
P3: 0 0 0 
", color = "purple"]
22[label = "Index: 22 
P0: -1 3 -1 
P1: 1 1 1 
P2: -1 3 1 
P3: 0 0 0 
", color = "purple"]
23[label = "Index: 23 
P0: -2 2 -2 
P1: 1 0 0 
P2: -2 3 0 
P3: 0 0 0 
"]
24[label = "Index: 24 
P0: -2 2 -1 
P1: 1 0 0 
P2: -2 2 0 
P3: 0 0 0 
", color = "purple"]
25[label = "Index: 25 
P0: -2 2 -1 
P1: 0 0 0 
P2: -2 2 0 
P3: 0 0 0 
"]
26[label = "Index: 26 
P0: -2 3 -1 
P1: 1 1 0 
P2: -2 3 0 
P3: 0 0 0 
", color = "purple"]
27[label = "Index: 27 
P0: -1 3 0 
P1: 1 1 1 
P2: -1 3 1 
P3: 0 0 0 
", color = "purple"]
28[label = "Index: 28 
P0: -2 3 0 
P1: 1 1 0 
P2: -2 3 0 
P3: 0 0 0 
"]
29[label = "Index: 29 
P0: -2 3 -2 
P1: 1 0 0 
P2: -2 3 0 
P3: 0 0 0 
"]
30[label = "Index: 30 
P0: -2 3 -1 
P1: 1 0 0 
P2: -2 3 0 
P3: 0 0 0 
"]
31[label = "Index: 31 
P0: -2 3 -1 
P1: 1 1 0 
P2: -2 3 1 
P3: 0 0 0 
"]
32[label = "Index: 32 
P2: -2 2 0 
", color = "fuchsia"]
33[label = "Index: 33 
P0: -2 2 -2 
P1: 1 1 0 
P3: 0 0 0 
", color = "red"]
34[label = "Index: 34 
P0: -2 2 -2 
", color = "fuchsia"]
35[label = "Index: 35 
P1: 1 1 0 
P3: 0 0 0 
", color = "orange"]
36[label = "Index: 36 
P1: 1 0 0 
P3: 0 0 0 
"]
37[label = "Index: 37 
P1: 1 1 1 
P3: 0 0 0 
", color = "red"]
38[label = "Index: 38 
P1: 0 0 0 
P3: 0 0 0 
"]
39[label = "Index: 39 
P1: 1 1 1 
", style="filled", fillcolor = "blue"]
40[label = "Index: 40 
P3: 0 0 0 
", color = "fuchsia"]
0 -> 1

1 -> 0
1 -> 2

2 -> 1
2 -> 3
2 -> 4

3 -> 2
3 -> 5
3 -> 6

4 -> 2
4 -> 6

5 -> 3
5 -> 6
5 -> 7

6 -> 3
6 -> 4
6 -> 5
6 -> 7

7 -> 5
7 -> 6
7 -> 8

8 -> 7
8 -> 9
8 -> 10
8 -> 11
8 -> 12

9 -> 8
9 -> 13
9 -> 10
9 -> 12
9 -> 14
9 -> 15

10 -> 8
10 -> 9
10 -> 13
10 -> 11
10 -> 12

11 -> 8
11 -> 10
11 -> 12
11 -> 15

12 -> 8
12 -> 9
12 -> 10
12 -> 11
12 -> 15
12 -> 16
12 -> 13

13 -> 9
13 -> 10
13 -> 12
13 -> 17
13 -> 18
13 -> 15

14 -> 9
14 -> 19
14 -> 17
14 -> 33
14 -> 32

15 -> 9
15 -> 11
15 -> 12
15 -> 13
15 -> 20
15 -> 21
15 -> 22

16 -> 12
16 -> 21
16 -> 23

17 -> 13
17 -> 14
17 -> 24
17 -> 18

18 -> 13
18 -> 17
18 -> 25

19 -> 14
19 -> 24

20 -> 15
20 -> 26
20 -> 22
20 -> 27

21 -> 15
21 -> 16
21 -> 26
21 -> 28
21 -> 29

22 -> 15
22 -> 20
22 -> 27

23 -> 16

24 -> 17
24 -> 25
24 -> 19

25 -> 18
25 -> 24

26 -> 20
26 -> 21
26 -> 28
26 -> 30
26 -> 31

27 -> 20
27 -> 22

28 -> 21
28 -> 26

29 -> 21

30 -> 26

31 -> 26

33 -> 35
33 -> 34

35 -> 36
35 -> 37

36 -> 35
36 -> 38

37 -> 35
37 -> 40
37 -> 39

38 -> 36

}
