digraph G {
color = "black"
0[label = "Index: 0 
P0: 0 0 0 
P1: 0 0 0 
P2: 0 0 0 
", style="filled", fillcolor = "green"]
1[label = "Index: 1 
P0: 0 1 0 
P1: 0 0 0 
P2: 0 0 0 
", color = "orange"]
2[label = "Index: 2 
P0: 0 1 0 
P1: 0 0 -1 
P2: 0 0 0 
", color = "orange"]
3[label = "Index: 3 
P0: 0 0 0 
P1: 0 -1 -1 
P2: 0 0 0 
", color = "orange"]
4[label = "Index: 4 
P0: 0 0 0 
P1: 0 -1 -2 
P2: 0 0 0 
", color = "orange"]
5[label = "Index: 5 
P0: 0 1 0 
P1: 0 -1 -2 
P2: 0 0 0 
"]
6[label = "Index: 6 
P0: 0 0 0 
P1: 0 -2 -2 
P2: 0 0 0 
", color = "orange"]
7[label = "Index: 7 
P0: 0 0 0 
P1: 0 -2 -3 
P2: 0 0 0 
", style="filled", fillcolor = "red"]
8[label = "Index: 8 
P0: 0 0 0 
", color = "fuchsia"]
9[label = "Index: 9 
P1: 0 -2 -3 
P2: 0 0 0 
", color = "red"]
10[label = "Index: 10 
P1: 0 -2 -3 
", style="filled", fillcolor = "blue"]
11[label = "Index: 11 
P2: 0 0 0 
", color = "fuchsia"]
0 -> 1

1 -> 0
1 -> 2

2 -> 1
2 -> 3

3 -> 2
3 -> 4

4 -> 3
4 -> 5
4 -> 6

5 -> 4
5 -> 6

6 -> 4
6 -> 5
6 -> 7

7 -> 6
7 -> 9
7 -> 8

9 -> 11
9 -> 10

}
