digraph G {
color = "black"
0[label = "Index: 0 
P0: 0 0 0 
P1: 0 0 0 
P2: 0 0 0 
P3: 0 0 0 
", color = "green"]
1[label = "Index: 1 
P0: 0 0 -1 
P1: 0 0 0 
P2: 0 0 0 
P3: 0 0 0 
", color = "orange"]
2[label = "Index: 2 
P0: 0 0 -1 
P1: 1 0 0 
P2: 0 0 0 
P3: 0 0 0 
"]
3[label = "Index: 3 
P0: 0 0 -1 
P1: 1 0 0 
P2: 1 0 0 
P3: 0 0 0 
", color = "orange"]
4[label = "Index: 4 
P0: 0 0 -1 
P1: 2 0 0 
P2: 1 0 0 
P3: 0 0 0 
"]
5[label = "Index: 5 
P0: 0 0 0 
P1: 1 0 1 
P2: 1 0 1 
P3: 0 0 0 
", color = "orange"]
6[label = "Index: 6 
P0: 0 0 0 
P1: 2 0 1 
P2: 1 0 1 
P3: 0 0 0 
"]
7[label = "Index: 7 
P0: 0 0 0 
P1: 2 0 1 
P2: 2 0 1 
P3: 0 0 0 
", color = "orange"]
8[label = "Index: 8 
P0: 0 0 0 
P1: 3 0 1 
P2: 2 0 1 
P3: 0 0 0 
"]
9[label = "Index: 9 
P0: 0 0 -1 
P1: 2 0 1 
P2: 2 0 1 
P3: 0 0 0 
", color = "red"]
10[label = "Index: 10 
P0: 0 0 -1 
P1: 3 0 1 
P2: 2 0 1 
P3: 0 0 0 
", color = "purple"]
11[label = "Index: 11 
P0: 0 0 -1 
P2: 2 0 1 
P3: 0 0 0 
", color = "red"]
12[label = "Index: 12 
P0: 0 0 0 
P2: 2 0 1 
P3: 0 0 0 
"]
13[label = "Index: 13 
P0: 0 0 -1 
P3: 0 0 0 
", color = "green"]
14[label = "Index: 14 
P0: 0 0 -2 
P3: 0 0 0 
", color = "red"]
15[label = "Index: 15 
P0: 0 0 0 
P3: 0 0 0 
"]
16[label = "Index: 16 
P3: 0 0 0 
", color = "blue"]
0 -> 1

1 -> 0
1 -> 2
1 -> 3

2 -> 1
2 -> 3
2 -> 4

3 -> 1
3 -> 2
3 -> 4
3 -> 5

4 -> 2
4 -> 3
4 -> 6

5 -> 3
5 -> 6
5 -> 7

6 -> 4
6 -> 5
6 -> 7
6 -> 8

7 -> 5
7 -> 6
7 -> 9
7 -> 8

8 -> 6
8 -> 7
8 -> 10

9 -> 7
9 -> 11[style=bold label=" Remove P1 "];


10 -> 8

11 -> 12
11 -> 13

12 -> 11

13 -> 14
13 -> 15

14 -> 13
14 -> 16[style=bold label=" Remove P0 "];


15 -> 13

}
