graph G {
color = "black"
0 [label = "P1: 0 0 0 
P2: 0 0 0 
P3: 0 0 0 
P4: 0 0 0 
P5: 0 0 0 
",  style="filled", fillcolor = "#96FF96"];
1 [label = "P1: -1 0 0 
P2: 0 0 0 
P3: 0 0 0 
P4: 0 0 0 
P5: 0 0 0 
"];
2 [label = "P1: -1 0 0 
P2: 0 -1 0 
P3: 0 0 0 
P4: 0 0 0 
P5: 0 0 0 
"];
3 [label = "P1: -2 0 0 
P2: 0 -1 0 
P3: 0 0 0 
P4: 0 0 0 
P5: 0 0 0 
"];
4 [label = "P1: -3 0 0 
P2: 0 -1 0 
P3: 0 0 0 
P4: 0 0 0 
P5: 0 0 0 
"];
5 [label = "P1: -2 0 0 
P2: 0 -2 0 
P3: 0 0 0 
P4: 0 0 0 
P5: 0 0 0 
",  style="filled", fillcolor = "#FF9696"];
6 [label = "P1: -3 0 0 
P2: 0 -2 0 
P3: 0 0 0 
P4: 0 0 0 
P5: 0 0 0 
",  style="filled", fillcolor = "#FF9696"];
7 [label = "P1: -2 0 0 
P2: 0 -2 0 
P3: -1 0 0 
P4: 0 0 0 
P5: 0 0 0 
"];
8 [label = "P1: -3 0 0 
P2: 0 -2 0 
P3: -1 0 0 
P4: 0 0 0 
P5: 0 0 0 
"];
9 [label = "P1: -2 0 0 
P2: 0 -2 0 
P3: -1 0 0 
P4: -1 0 0 
P5: 0 0 0 
"];
10 [label = "P1: -3 0 0 
P2: 0 -2 0 
P3: -1 0 0 
P4: -1 0 0 
P5: 0 0 0 
"];
11 [label = "P1: -3 0 0 
P2: -1 -2 0 
P3: -1 0 0 
P4: -1 0 0 
P5: 0 0 0 
"];
12 [label = "P5: 0 0 0 
",  style="filled", fillcolor = "#FF96FF"];
13 [label = "P1: -2 0 0 
P2: 0 -2 0 
P3: 0 0 0 
P4: 0 0 0 
"];
14 [label = "P1: -3 0 0 
P2: 0 -2 0 
P3: 0 0 0 
P4: 0 0 0 
"];
15 [label = "P1: -2 0 0 
P2: 1 -2 0 
P3: 0 0 0 
P4: 0 0 0 
"];
16 [label = "P1: -2 0 0 
P2: 0 -1 0 
P3: 0 0 0 
P4: 0 0 0 
"];
17 [label = "P1: -1 0 0 
P2: 1 -2 0 
P3: 0 0 0 
P4: 0 0 0 
"];
18 [label = "P1: -2 0 0 
P2: 0 -2 0 
P3: -1 0 0 
P4: 0 0 0 
"];
19 [label = "P1: -3 0 0 
P2: 0 -2 0 
P3: -1 0 0 
P4: 0 0 0 
"];
20 [label = "P1: -3 0 0 
P2: 0 -1 0 
P3: 0 0 0 
P4: 0 0 0 
"];
21 [label = "P1: -3 0 0 
P2: 0 -2 1 
P3: 0 0 0 
P4: 0 0 0 
"];
22 [label = "P1: -1 0 0 
P2: 0 -1 0 
P3: 0 0 0 
P4: 0 0 0 
"];
23 [label = "P1: -2 0 0 
P2: 0 -1 1 
P3: 0 0 0 
P4: 0 0 0 
"];
24 [label = "P1: -3 0 0 
P2: 0 -1 1 
P3: 0 0 0 
P4: 0 0 0 
"];
25 [label = "P2: 0 -2 1 
P3: 0 0 0 
P4: 0 0 0 
"];
26 [label = "P1: -3 0 0 
",  style="filled", fillcolor = "#FF96FF"];
27 [label = "P3: 0 0 0 
P4: 0 0 0 
"];
28 [label = "P2: 0 -2 1 
",  style="filled", fillcolor = "#FF96FF"];
29 [label = "P4: 0 0 0 
", style="filled", fillcolor = "#9696FF"];
30 [label = "P3: 0 0 0 
",  style="filled", fillcolor = "#FF96FF"];
edge [style=bold];
0 -- 1 [color="#1E96FF", penwidth=4.0];

1 -- 2 [color="#1E96FF", penwidth=4.0];

2 -- 3 [color="#1E96FF", penwidth=4.0];
2 -- 4 [color=black];

3 -- 4 [color=black];
3 -- 5 [color="#1E96FF", penwidth=4.0];

4 -- 6 [color=black];

5 -- 6 [color=black];
5 -- 7 [color=black];
5 -- 8 [color=black];
5 -- 9 [color=black];
5 -- 10 [color=black];
5 -- 12 [color=black];
5 -- 13 [color=black];

6 -- 8 [color=black];
6 -- 10 [color=black];
6 -- 11 [color=black];






13 -- 14 [color="#1E96FF", penwidth=4.0];
13 -- 15 [color=black];
13 -- 16 [color=black];
13 -- 17 [color=black];
13 -- 18 [color=black];
13 -- 19 [color=black];

14 -- 20 [color=black];
14 -- 21 [color="#1E96FF", penwidth=4.0];
14 -- 15 [color=black];
14 -- 19 [color=black];

15 -- 17 [color=black];
15 -- 18 [color=black];
15 -- 19 [color=black];

16 -- 20 [color=black];
16 -- 22 [color=black];
16 -- 23 [color=black];

17 -- 18 [color=black];

18 -- 19 [color=black];


20 -- 22 [color=black];
20 -- 24 [color=black];

21 -- 25 [color="#1E96FF", penwidth=4.0];
21 -- 26 [color=black];




25 -- 27 [color="#1E96FF", penwidth=4.0];
25 -- 28 [color=black];

27 -- 29 [color="#1E96FF", penwidth=4.0];
27 -- 30 [color=black];

}
