graph G {
color = "black"
0 [label = "P1: 0 0 0 
P2: 0 0 0 
P3: 0 0 0 
P4: 0 0 0 
",  style="filled", fillcolor = "#96FF96"];
1 [label = "P1: 0 1 0 
P2: 0 0 0 
P3: 0 0 0 
P4: 0 0 0 
"];
2 [label = "P1: 0 1 0 
P2: 1 0 0 
P3: 0 0 0 
P4: 0 0 0 
"];
3 [label = "P1: 0 1 0 
P2: 1 0 0 
P3: 0 1 0 
P4: 0 0 0 
"];
33 [label = "P1: 0 1 0 
P2: -∞ 0 0 
P3: 0 1 0 
P4: 0 0 0 
",  style="filled", fillcolor = "#FF9696"];
4 [label = "P1: 0 2 0 
P2: 1 0 0 
P3: 0 1 0 
P4: 0 0 0 
"];
44 [label = "P1: 0 2 0 
P2: -∞ 0 0 
P3: 0 1 0 
P4: 0 0 0 
",  style="filled", fillcolor = "#FF9696"];
edge [style=bold];
0 -- 1 [color="#1E96FF", penwidth=4.0];

1 -- 2 [color="#1E96FF", penwidth=4.0];

2 -- 3 [color="#1E96FF", penwidth=4.0];
2 -- 4 [color=black];

3 -- 4 [color=black];

3 -- 33 [color="#1E96FF", penwidth=4.0];

4 -- 44 [color=black];
}
