digraph G {
color = "black"
0[label = "Index: 0 
P0: 0 0 0 
P1: 0 0 0 
P2: 0 0 0 
P3: 0 0 0 
P4: 0 0 0 
", style="filled", fillcolor = "green"]
1[label = "Index: 1 
P0: -1 0 0 
P1: 0 0 0 
P2: 0 0 0 
P3: 0 0 0 
P4: 0 0 0 
", color = "orange"]
2[label = "Index: 2 
P0: -1 0 0 
P1: 0 -1 0 
P2: 0 0 0 
P3: 0 0 0 
P4: 0 0 0 
"]
3[label = "Index: 3 
P0: -1 0 0 
P1: 0 -2 0 
P2: 0 0 0 
P3: 0 0 0 
P4: 0 0 0 
", color = "orange"]
4[label = "Index: 4 
P0: -1 0 0 
P1: 0 -2 0 
P2: 1 0 0 
P3: 0 0 0 
P4: 0 0 0 
"]
5[label = "Index: 5 
P0: -1 0 0 
P1: 0 -2 0 
P2: 1 0 0 
P3: 1 0 0 
P4: 0 0 0 
", color = "orange"]
6[label = "Index: 6 
P0: -1 -1 0 
P1: 0 -3 0 
P2: 1 -1 0 
P3: 1 -1 0 
P4: 0 0 0 
", style="filled", fillcolor = "red"]
7[label = "Index: 7 
P0: -2 -1 0 
P1: 0 -3 0 
P2: 1 -1 0 
P3: 1 -1 0 
P4: 0 0 0 
"]
8[label = "Index: 8 
P4: 0 0 0 
", color = "fuchsia"]
9[label = "Index: 9 
P0: -1 -1 0 
P1: 0 -3 0 
P2: 1 -1 0 
P3: 1 -1 0 
", color = "orange"]
10[label = "Index: 10 
P0: -2 -1 0 
P1: 0 -3 0 
P2: 1 -1 0 
P3: 1 -1 0 
", color = "orange"]
11[label = "Index: 11 
P0: -1 -1 0 
P1: 1 -3 0 
P2: 1 -1 0 
P3: 1 -1 0 
"]
12[label = "Index: 12 
P0: 0 -1 0 
P1: 1 -3 0 
P2: 1 -1 0 
P3: 1 -1 0 
"]
13[label = "Index: 13 
P0: -1 -1 0 
P1: 1 -3 0 
P2: 2 -1 0 
P3: 1 -1 0 
"]
14[label = "Index: 14 
P0: 0 -1 0 
P1: 1 -3 0 
P2: 2 -1 0 
P3: 1 -1 0 
"]
15[label = "Index: 15 
P0: -2 -1 1 
P1: 0 -3 0 
P2: 1 -1 0 
P3: 1 -1 0 
", color = "red"]
16[label = "Index: 16 
P0: -2 -1 0 
P1: 0 -3 -1 
P2: 1 -1 0 
P3: 1 -1 0 
"]
17[label = "Index: 17 
P0: -1 -1 0 
P1: 1 -2 0 
P2: 1 -1 0 
P3: 1 -1 0 
"]
18[label = "Index: 18 
P0: -1 -1 0 
P1: 1 -1 0 
P2: 1 -1 0 
P3: 1 -1 0 
"]
19[label = "Index: 19 
P0: -1 -1 0 
P1: 1 -3 -1 
P2: 1 -1 0 
P3: 1 -1 0 
"]
20[label = "Index: 20 
P0: -1 0 0 
P1: 1 -2 0 
P2: 1 -1 0 
P3: 1 -1 0 
"]
21[label = "Index: 21 
P0: -1 1 0 
P1: 1 -1 0 
P2: 1 -1 0 
P3: 1 -1 0 
"]
22[label = "Index: 22 
P0: -1 0 0 
P1: 1 -2 0 
P2: 1 0 0 
P3: 1 -1 0 
"]
23[label = "Index: 23 
P0: -1 1 0 
P1: 1 -1 0 
P2: 1 1 0 
P3: 1 -1 0 
"]
24[label = "Index: 24 
P0: 0 -1 0 
P1: 1 -2 0 
P2: 1 -1 0 
P3: 1 -1 0 
"]
25[label = "Index: 25 
P0: 0 -1 0 
P1: 1 -1 0 
P2: 1 -1 0 
P3: 1 -1 0 
"]
26[label = "Index: 26 
P0: 0 0 0 
P1: 1 -2 0 
P2: 1 0 0 
P3: 1 -1 0 
"]
27[label = "Index: 27 
P0: 0 1 0 
P1: 1 -1 0 
P2: 1 1 0 
P3: 1 -1 0 
"]
28[label = "Index: 28 
P0: -1 -1 1 
P1: 1 -3 0 
P2: 2 -1 0 
P3: 1 -1 0 
"]
29[label = "Index: 29 
P0: -1 -1 0 
P1: 1 -3 -1 
P2: 2 -1 0 
P3: 1 -1 0 
"]
30[label = "Index: 30 
P0: -1 0 0 
P1: 1 -2 0 
P2: 2 0 0 
P3: 1 -1 0 
"]
31[label = "Index: 31 
P0: -1 1 0 
P1: 1 -1 0 
P2: 2 1 0 
P3: 1 -1 0 
"]
32[label = "Index: 32 
P0: 0 0 0 
P1: 1 -2 0 
P2: 2 0 0 
P3: 1 -1 0 
"]
33[label = "Index: 33 
P0: 0 1 0 
P1: 1 -1 0 
P2: 2 1 0 
P3: 1 -1 0 
"]
34[label = "Index: 34 
P1: 0 -3 0 
P2: 1 -1 0 
P3: 1 -1 0 
", color = "red"]
35[label = "Index: 35 
P0: -2 -1 1 
", color = "fuchsia"]
36[label = "Index: 36 
P2: 1 -1 0 
P3: 1 -1 0 
", color = "orange"]
37[label = "Index: 37 
P1: 0 -3 0 
", color = "fuchsia"]
38[label = "Index: 38 
P2: 2 -1 0 
P3: 1 -1 0 
"]
39[label = "Index: 39 
P2: 3 -1 0 
P3: 1 -1 0 
"]
40[label = "Index: 40 
P2: 1 0 0 
P3: 1 -1 0 
", color = "red"]
41[label = "Index: 41 
P2: 1 1 0 
P3: 1 -1 0 
"]
42[label = "Index: 42 
P2: 1 2 0 
P3: 1 -1 0 
"]
43[label = "Index: 43 
P2: 1 3 0 
P3: 1 -1 0 
"]
44[label = "Index: 44 
P2: 1 4 0 
P3: 1 -1 0 
"]
45[label = "Index: 45 
P2: 2 0 0 
P3: 1 -1 0 
"]
46[label = "Index: 46 
P2: 2 1 0 
P3: 1 -1 0 
"]
47[label = "Index: 47 
P2: 2 2 0 
P3: 1 -1 0 
"]
48[label = "Index: 48 
P2: 2 3 0 
P3: 1 -1 0 
"]
49[label = "Index: 49 
P2: 2 4 0 
P3: 1 -1 0 
"]
50[label = "Index: 50 
P2: 3 0 0 
P3: 1 -1 0 
"]
51[label = "Index: 51 
P2: 3 1 0 
P3: 1 -1 0 
"]
52[label = "Index: 52 
P2: 3 2 0 
P3: 1 -1 0 
"]
53[label = "Index: 53 
P2: 3 3 0 
P3: 1 -1 0 
"]
54[label = "Index: 54 
P2: 3 4 0 
P3: 1 -1 0 
"]
55[label = "Index: 55 
P3: 1 -1 0 
", style="filled", fillcolor = "blue"]
56[label = "Index: 56 
P2: 1 0 0 
", color = "fuchsia"]
0 -> 1

1 -> 0
1 -> 2
1 -> 3

2 -> 1
2 -> 3

3 -> 1
3 -> 2
3 -> 4
3 -> 5

4 -> 3
4 -> 5

5 -> 3
5 -> 4
5 -> 6

6 -> 5
6 -> 7
6 -> 8
6 -> 9

7 -> 6

9 -> 10
9 -> 11
9 -> 12
9 -> 13
9 -> 14

10 -> 9
10 -> 15
10 -> 16
10 -> 11
10 -> 13

11 -> 9
11 -> 10
11 -> 12
11 -> 17
11 -> 18
11 -> 19
11 -> 20
11 -> 21
11 -> 13
11 -> 14
11 -> 22
11 -> 23

12 -> 9
12 -> 11
12 -> 24
12 -> 25
12 -> 14
12 -> 26
12 -> 27

13 -> 9
13 -> 10
13 -> 11
13 -> 14
13 -> 28
13 -> 29
13 -> 30
13 -> 31

14 -> 9
14 -> 11
14 -> 12
14 -> 13
14 -> 32
14 -> 33

15 -> 10
15 -> 34
15 -> 35

16 -> 10

17 -> 11

18 -> 11

19 -> 11

20 -> 11

21 -> 11

22 -> 11

23 -> 11

24 -> 12

25 -> 12

26 -> 12

27 -> 12

28 -> 13

29 -> 13

30 -> 13

31 -> 13

32 -> 14

33 -> 14

34 -> 36
34 -> 37

36 -> 38
36 -> 39
36 -> 40
36 -> 41
36 -> 42
36 -> 43
36 -> 44

38 -> 36
38 -> 39
38 -> 45
38 -> 46
38 -> 47
38 -> 48
38 -> 49

39 -> 36
39 -> 38
39 -> 50
39 -> 51
39 -> 52
39 -> 53
39 -> 54

40 -> 36
40 -> 55
40 -> 56

41 -> 36

42 -> 36

43 -> 36

44 -> 36

45 -> 38

46 -> 38

47 -> 38

48 -> 38

49 -> 38

50 -> 39

51 -> 39

52 -> 39

53 -> 39

54 -> 39

}
