graph G {
color = "black"
0 [label = "P1: 0 0 0 
P2: 0 0 0 
P3: 0 0 0 
P4: 0 0 0 
P5: 0 0 0 
",  style="filled", fillcolor = "#96FF96"];
1 [label = "P1: -1 0 0 
P2: 0 0 0 
P3: 0 0 0 
P4: 0 0 0 
P5: 0 0 0 
"];
2 [label = "P1: -1 0 0 
P2: 0 -1 0 
P3: 0 0 0 
P4: 0 0 0 
P5: 0 0 0 
"];
3 [label = "P1: -1 0 0 
P2: 0 -1 0 
P3: 0 -1 0 
P4: 0 0 0 
P5: 0 0 0 
"];
4 [label = "P1: -1 0 0 
P2: 0 -1 0 
P3: 0 -1 0 
P4: 0 -1 0 
P5: 0 0 0 
",  style="filled", fillcolor = "#FF9696"];
5 [label = "P1: -1 0 0 
",  style="filled", fillcolor = "#FF96FF"];
6 [label = "P2: 0 -1 0 
P3: 0 -1 0 
P4: 0 -1 0 
P5: 0 0 0 
"];
7 [label = "P2: 0 -1 0 
P3: 0 -1 0 
P4: 0 0 0 
P5: 0 0 0 
"];
8 [label = "P2: 0 -1 0 
P3: 0 0 0 
P4: 0 0 0 
P5: 0 0 0 
"];
9 [label = "P5: 0 0 0 
",  style="filled", fillcolor = "#FF96FF"];
10 [label = "P2: 0 -1 0 
P3: 0 -1 0 
P4: 0 -1 0 
"];
11 [label = "P2: 0 -2 0 
P3: 0 -1 0 
P4: 0 -1 0 
"];
12 [label = "P2: -1 -1 0 
P3: -1 -1 0 
P4: 0 -1 0 
"];
13 [label = "P2: 0 -2 0 
P3: 0 -2 0 
P4: 0 -1 0 
"];
14 [label = "P2: -1 -2 0 
P3: -1 -1 0 
P4: 0 -1 0 
"];
15 [label = "P2: -1 -2 0 
P3: -1 -2 0 
P4: 0 -1 0 
"];
16 [label = "P4: 0 -1 0 
",  style="filled", fillcolor = "#FF96FF"];
17 [label = "P2: -1 -2 0 
P3: -1 -2 0 
"];
18 [label = "P2: -1 -3 0 
P3: -1 -2 0 
"];
19 [label = "P2: -1 -4 0 
P3: -1 -2 0 
"];
20 [label = "P2: -1 -5 0 
P3: -1 -2 0 
"];
21 [label = "P2: -1 -6 0 
P3: -1 -2 0 
"];
22 [label = "P3: -1 -2 0 
", style="filled", fillcolor = "#9696FF"];
23 [label = "P2: -1 -4 0 
",  style="filled", fillcolor = "#FF96FF"];
edge [style=bold];
0 -- 1 [color="#1E96FF", penwidth=4.0];

1 -- 2 [color=black];
1 -- 3 [color=black];
1 -- 4 [color="#1E96FF", penwidth=4.0];

2 -- 3 [color=black];
2 -- 4 [color=black];

3 -- 4 [color=black];

4 -- 6 [color="#1E96FF", penwidth=4.0];
4 -- 5 [color=black];

6 -- 7 [color=black];
6 -- 8 [color=black];
6 -- 9 [color=black];
6 -- 10 [color="#1E96FF", penwidth=4.0];



10 -- 11 [color=black];
10 -- 12 [color="#1E96FF", penwidth=4.0];
10 -- 13 [color=black];

11 -- 13 [color=black];
11 -- 14 [color=black];

12 -- 14 [color=black];
12 -- 15 [color="#1E96FF", penwidth=4.0];

13 -- 15 [color=black];

14 -- 15 [color=black];

15 -- 16 [color=black];
15 -- 17 [color="#1E96FF", penwidth=4.0];

17 -- 18 [color=black];
17 -- 19 [color="#1E96FF", penwidth=4.0];
17 -- 20 [color=black];
17 -- 21 [color=black];

18 -- 19 [color=black];
18 -- 20 [color=black];
18 -- 21 [color=black];

19 -- 22 [color="#1E96FF", penwidth=4.0];
19 -- 23 [color=black];



}
