digraph G {
color = "black"
0[label = "Index: 0 
P0: 0 0 0 
P1: 0 0 0 
P2: 0 0 0 
P3: 0 0 0 
P4: 0 0 0 
", style="filled", fillcolor = "green"]
1[label = "Index: 1 
P0: 0 -1 0 
P1: 0 0 0 
P2: 0 0 0 
P3: 0 0 0 
P4: 0 0 0 
", color = "orange"]
2[label = "Index: 2 
P0: 0 -1 1 
P1: 0 0 0 
P2: 0 0 0 
P3: 0 0 0 
P4: 0 0 0 
"]
3[label = "Index: 3 
P0: 0 -1 2 
P1: 0 0 0 
P2: 0 0 0 
P3: 0 0 0 
P4: 0 0 0 
", color = "orange"]
4[label = "Index: 4 
P0: 0 -1 3 
P1: 0 0 0 
P2: 0 0 0 
P3: 0 0 0 
P4: 0 0 0 
"]
5[label = "Index: 5 
P0: 1 -1 2 
P1: 0 0 0 
P2: 0 0 0 
P3: 0 0 0 
P4: 0 0 0 
"]
6[label = "Index: 6 
P0: 1 -1 2 
P1: 1 0 0 
P2: 0 0 0 
P3: 0 0 0 
P4: 0 0 0 
"]
7[label = "Index: 7 
P0: 1 -1 2 
P1: 1 0 0 
P2: 1 0 0 
P3: 0 0 0 
P4: 0 0 0 
", color = "orange"]
8[label = "Index: 8 
P0: 1 -1 2 
P1: 1 0 0 
P2: 1 0 0 
P3: 0 1 0 
P4: 0 0 0 
", color = "orange"]
9[label = "Index: 9 
P0: 1 -1 3 
P1: 1 0 0 
P2: 1 0 0 
P3: 0 1 0 
P4: 0 0 0 
"]
10[label = "Index: 10 
P0: 0 -1 2 
P1: 0 0 0 
P2: 0 0 0 
P3: -1 1 0 
P4: 0 0 0 
", color = "orange"]
11[label = "Index: 11 
P0: 0 -1 3 
P1: 0 0 0 
P2: 0 0 0 
P3: -1 1 0 
P4: 0 0 0 
"]
12[label = "Index: 12 
P0: 0 -1 2 
P1: 0 0 0 
P2: 0 0 0 
P3: -1 2 0 
P4: 0 0 0 
", style="filled", fillcolor = "red"]
13[label = "Index: 13 
P0: 0 -1 3 
P1: 0 0 0 
P2: 0 0 0 
P3: -1 2 0 
P4: 0 0 0 
", color = "purple"]
14[label = "Index: 14 
P0: 0 -1 2 
", color = "fuchsia"]
15[label = "Index: 15 
P1: 0 0 0 
P2: 0 0 0 
P3: -1 2 0 
P4: 0 0 0 
", color = "red"]
16[label = "Index: 16 
P3: -1 2 0 
", color = "fuchsia"]
17[label = "Index: 17 
P1: 0 0 0 
P2: 0 0 0 
P4: 0 0 0 
", color = "red"]
18[label = "Index: 18 
P1: 1 0 0 
P2: 0 0 0 
P4: 0 0 0 
"]
19[label = "Index: 19 
P4: 0 0 0 
", color = "fuchsia"]
20[label = "Index: 20 
P1: 0 0 0 
P2: 0 0 0 
", color = "orange"]
21[label = "Index: 21 
P1: 1 0 0 
P2: 0 0 0 
", color = "orange"]
22[label = "Index: 22 
P1: 1 1 0 
P2: 0 0 0 
", color = "orange"]
23[label = "Index: 23 
P1: 2 1 0 
P2: 0 0 0 
", color = "orange"]
24[label = "Index: 24 
P1: 2 1 1 
P2: 0 0 0 
", color = "red"]
25[label = "Index: 25 
P1: 2 1 2 
P2: 0 0 0 
"]
26[label = "Index: 26 
P2: 0 0 0 
", style="filled", fillcolor = "blue"]
27[label = "Index: 27 
P1: 2 1 1 
", color = "fuchsia"]
0 -> 1

1 -> 0
1 -> 2
1 -> 3
1 -> 4

2 -> 1
2 -> 3
2 -> 4

3 -> 1
3 -> 2
3 -> 5
3 -> 4
3 -> 6
3 -> 7

4 -> 1
4 -> 2
4 -> 3

5 -> 3
5 -> 6
5 -> 7

6 -> 3
6 -> 5
6 -> 7

7 -> 3
7 -> 5
7 -> 6
7 -> 8

8 -> 7
8 -> 9
8 -> 10

9 -> 8
9 -> 11

10 -> 8
10 -> 11
10 -> 12

11 -> 9
11 -> 10
11 -> 13

12 -> 10
12 -> 15
12 -> 14

13 -> 11

15 -> 17
15 -> 16

17 -> 18
17 -> 19
17 -> 20

18 -> 17

20 -> 21

21 -> 20
21 -> 22

22 -> 21
22 -> 23

23 -> 22
23 -> 24
23 -> 25

24 -> 23
24 -> 26
24 -> 27

25 -> 23

}
