digraph G {
color = "black"
0[label = "Index: 0 
P0: 0 0 0 
P1: 0 0 0 
P2: 0 0 0 
P3: 0 0 0 
", style="filled", fillcolor = "green"]
1[label = "Index: 1 
P0: 1 0 0 
P1: 0 0 0 
P2: 0 0 0 
P3: 0 0 0 
", color = "orange"]
2[label = "Index: 2 
P0: 1 0 0 
P1: 0 1 0 
P2: 0 0 0 
P3: 0 0 0 
", color = "orange"]
3[label = "Index: 3 
P0: 1 0 0 
P1: 0 1 0 
P2: 0 0 1 
P3: 0 0 0 
", color = "orange"]
4[label = "Index: 4 
P0: 1 0 0 
P1: 0 1 1 
P2: 0 0 1 
P3: 0 0 0 
"]
5[label = "Index: 5 
P0: 1 0 0 
P1: 0 1 1 
P2: 0 0 2 
P3: 0 0 0 
", color = "orange"]
6[label = "Index: 6 
P0: 1 0 0 
P1: 0 2 1 
P2: 0 1 2 
P3: 0 0 0 
", color = "orange"]
7[label = "Index: 7 
P0: 1 0 0 
P1: 0 2 2 
P2: 0 1 2 
P3: 0 0 0 
", color = "orange"]
8[label = "Index: 8 
P0: 1 0 0 
P1: 0 2 2 
P2: 0 1 3 
P3: 0 0 0 
"]
9[label = "Index: 9 
P0: 1 0 0 
P1: -1 2 2 
P2: 0 1 2 
P3: 0 0 0 
", style="filled", fillcolor = "red"]
10[label = "Index: 10 
P0: 0 0 0 
P1: -1 2 2 
P2: 0 1 2 
P3: 0 0 0 
", color = "purple"]
11[label = "Index: 11 
P0: 1 0 0 
P1: -1 2 2 
P2: -1 1 2 
P3: 0 0 0 
", color = "purple"]
12[label = "Index: 12 
P0: 0 0 0 
P1: -1 2 2 
P2: -1 1 2 
P3: 0 0 0 
"]
13[label = "Index: 13 
P0: 1 0 0 
P1: -1 2 2 
P2: 0 1 3 
P3: 0 0 0 
", color = "purple"]
14[label = "Index: 14 
P0: 0 0 0 
P1: -1 2 2 
P2: 0 1 3 
P3: 0 0 0 
", color = "purple"]
15[label = "Index: 15 
P0: 1 0 0 
P1: -1 2 2 
P2: -1 1 3 
P3: 0 0 0 
", color = "purple"]
16[label = "Index: 16 
P0: 0 0 0 
P1: -1 2 2 
P2: -1 1 3 
P3: 0 0 0 
"]
17[label = "Index: 17 
P0: 1 0 0 
P1: -1 2 3 
P2: -1 1 3 
P3: 0 0 0 
"]
18[label = "Index: 18 
P1: -1 2 2 
", color = "fuchsia"]
19[label = "Index: 19 
P0: 1 0 0 
P2: 0 1 2 
P3: 0 0 0 
", color = "red"]
20[label = "Index: 20 
P0: 0 0 0 
P2: 0 1 2 
P3: 0 0 0 
"]
21[label = "Index: 21 
P2: 0 1 2 
", color = "fuchsia"]
22[label = "Index: 22 
P0: 1 0 0 
P3: 0 0 0 
", color = "orange"]
23[label = "Index: 23 
P0: 0 0 0 
P3: 0 0 0 
", color = "orange"]
24[label = "Index: 24 
P0: 0 -1 0 
P3: 0 0 0 
", color = "red"]
25[label = "Index: 25 
P0: 0 -1 0 
", style="filled", fillcolor = "blue"]
26[label = "Index: 26 
P3: 0 0 0 
", color = "fuchsia"]
0 -> 1

1 -> 0
1 -> 2

2 -> 1
2 -> 3
2 -> 4

3 -> 2
3 -> 4
3 -> 5

4 -> 2
4 -> 3
4 -> 5

5 -> 3
5 -> 4
5 -> 6

6 -> 5
6 -> 7
6 -> 8

7 -> 6
7 -> 9
7 -> 10
7 -> 8
7 -> 11
7 -> 12

8 -> 6
8 -> 7
8 -> 13
8 -> 14
8 -> 15
8 -> 16

9 -> 7
9 -> 10
9 -> 11
9 -> 12
9 -> 19
9 -> 18

10 -> 7
10 -> 9
10 -> 12

11 -> 7
11 -> 12
11 -> 9
11 -> 15

12 -> 7
12 -> 11
12 -> 10
12 -> 16
12 -> 9

13 -> 8
13 -> 14
13 -> 15
13 -> 16

14 -> 8
14 -> 13
14 -> 16

15 -> 8
15 -> 11
15 -> 16
15 -> 17
15 -> 13

16 -> 8
16 -> 12
16 -> 15
16 -> 14
16 -> 13

17 -> 15

19 -> 20
19 -> 22
19 -> 21

20 -> 19

22 -> 23

23 -> 22
23 -> 24

24 -> 23
24 -> 26
24 -> 25

}
