digraph G {
color = "black"
0[label = "Index: 0 
P0: 0 0 0 
P1: 0 0 0 
P2: 0 0 0 
P3: 0 0 0 
", color = "green"]
1[label = "Index: 1 
P0: -1 0 0 
P1: 0 0 0 
P2: 0 0 0 
P3: 0 0 0 
", color = "orange"]
2[label = "Index: 2 
P0: -1 0 0 
P1: 0 0 -1 
P2: 0 0 0 
P3: 0 0 0 
"]
3[label = "Index: 3 
P0: -1 0 0 
P1: 0 0 -2 
P2: 0 0 0 
P3: 0 0 0 
"]
4[label = "Index: 4 
P0: -1 0 0 
P1: 0 0 -1 
P2: 0 0 -1 
P3: 0 0 0 
"]
5[label = "Index: 5 
P0: -1 0 0 
P1: 0 0 -2 
P2: 0 0 -2 
P3: 0 0 0 
", color = "orange"]
6[label = "Index: 6 
P0: -1 0 0 
P1: 0 0 -2 
P2: 0 0 -1 
P3: 0 0 0 
"]
7[label = "Index: 7 
P0: -2 0 0 
P1: 0 0 -2 
P2: 0 0 -2 
P3: 0 0 0 
"]
8[label = "Index: 8 
P0: -2 0 0 
P1: -1 0 -2 
P2: -1 0 -2 
P3: 0 0 0 
"]
9[label = "Index: 9 
P0: -3 0 0 
P1: -2 0 -2 
P2: -2 0 -2 
P3: 0 0 0 
", color = "red"]
10[label = "Index: 10 
P0: -3 0 0 
P1: -1 0 -2 
P2: -1 0 -2 
P3: 0 0 0 
"]
11[label = "Index: 11 
P0: -4 0 0 
P1: -2 0 -2 
P2: -2 0 -2 
P3: 0 0 0 
", color = "purple"]
12[label = "Index: 12 
P0: -2 0 0 
P1: -1 1 -2 
P2: -1 1 -2 
P3: 0 0 0 
"]
13[label = "Index: 13 
P0: -2 1 0 
P1: -1 1 -2 
P2: -1 1 -2 
P3: 0 0 0 
"]
14[label = "Index: 14 
P0: -3 0 0 
P1: -2 1 -2 
P2: -2 1 -2 
P3: 0 0 0 
", color = "purple"]
15[label = "Index: 15 
P0: -3 0 0 
P1: -2 2 -2 
P2: -2 2 -2 
P3: 0 0 0 
"]
16[label = "Index: 16 
P0: -3 0 0 
P1: -2 3 -2 
P2: -2 3 -2 
P3: 0 0 0 
"]
17[label = "Index: 17 
P0: -3 0 0 
P1: -1 1 -2 
P2: -1 1 -2 
P3: 0 0 0 
", color = "purple"]
18[label = "Index: 18 
P0: -3 1 0 
P1: -1 1 -2 
P2: -1 1 -2 
P3: 0 0 0 
", color = "purple"]
19[label = "Index: 19 
P0: -4 0 0 
P1: -2 0 -3 
P2: -2 0 -2 
P3: 0 0 0 
"]
20[label = "Index: 20 
P0: -4 0 0 
P1: -2 0 -4 
P2: -2 0 -2 
P3: 0 0 0 
"]
21[label = "Index: 21 
P0: -3 1 0 
P1: -2 1 -2 
P2: -2 1 -2 
P3: 0 0 0 
", color = "purple"]
22[label = "Index: 22 
P0: -4 0 0 
P1: -2 1 -2 
P2: -2 1 -2 
P3: 0 0 0 
"]
23[label = "Index: 23 
P0: -3 0 0 
P1: -1 1 -3 
P2: -1 1 -2 
P3: 0 0 0 
"]
24[label = "Index: 24 
P0: -3 0 0 
P1: -1 1 -4 
P2: -1 1 -2 
P3: 0 0 0 
"]
25[label = "Index: 25 
P0: -3 1 0 
P1: -1 1 -3 
P2: -1 1 -2 
P3: 0 0 0 
"]
26[label = "Index: 26 
P0: -3 1 0 
P1: -1 1 -4 
P2: -1 1 -2 
P3: 0 0 0 
"]
27[label = "Index: 27 
P0: -4 1 0 
P1: -2 1 -2 
P2: -2 1 -2 
P3: 0 0 0 
"]
28[label = "Index: 28 
P0: -3 1 0 
P1: -2 2 -2 
P2: -2 2 -2 
P3: 0 0 0 
"]
29[label = "Index: 29 
P0: -3 1 0 
P1: -2 3 -2 
P2: -2 3 -2 
P3: 0 0 0 
"]
30[label = "Index: 30 
P0: -3 1 0 
P1: -2 4 -2 
P2: -2 4 -2 
P3: 0 0 0 
"]
31[label = "Index: 31 
P3: 0 0 0 
", color = "blue"]
32[label = "Index: 32 
P0: -3 0 0 
P1: -2 0 -2 
P2: -2 0 -2 
", color = "green"]
33[label = "Index: 33 
P0: -4 0 0 
P1: -2 0 -2 
P2: -2 0 -2 
", color = "red"]
34[label = "Index: 34 
P0: -3 -1 0 
P1: -2 0 -2 
P2: -2 0 -2 
"]
35[label = "Index: 35 
P0: -3 -2 0 
P1: -2 0 -2 
P2: -2 0 -2 
"]
36[label = "Index: 36 
P0: -3 -3 0 
P1: -2 0 -2 
P2: -2 0 -2 
"]
37[label = "Index: 37 
P0: -3 0 -1 
P1: -2 0 -2 
P2: -2 0 -2 
"]
38[label = "Index: 38 
P0: -3 0 -2 
P1: -2 0 -2 
P2: -2 0 -2 
"]
39[label = "Index: 39 
P0: -3 0 -1 
P1: -2 0 -3 
P2: -2 0 -2 
"]
40[label = "Index: 40 
P0: -3 0 -2 
P1: -2 0 -4 
P2: -2 0 -2 
"]
41[label = "Index: 41 
P1: -2 0 -2 
P2: -2 0 -2 
", color = "green"]
42[label = "Index: 42 
P0: -4 0 0 
"]
43[label = "Index: 43 
P1: -2 0 -3 
P2: -2 0 -2 
"]
44[label = "Index: 44 
P1: -2 0 -4 
P2: -2 0 -2 
"]
0 -> 1

1 -> 0
1 -> 2
1 -> 3
1 -> 4
1 -> 5

2 -> 1
2 -> 3
2 -> 4
2 -> 6

3 -> 1
3 -> 2
3 -> 6
3 -> 5

4 -> 1
4 -> 2
4 -> 6
4 -> 5

5 -> 1
5 -> 3
5 -> 4
5 -> 7
5 -> 6
5 -> 8
5 -> 9

6 -> 2
6 -> 3
6 -> 4
6 -> 5

7 -> 5
7 -> 8
7 -> 10
7 -> 11

8 -> 5
8 -> 7
8 -> 10
8 -> 12
8 -> 9
8 -> 13

9 -> 5
9 -> 8
9 -> 11
9 -> 10
9 -> 14
9 -> 15
9 -> 16
9 -> 31[style=bold label=" Remove P0 P1 P2 "];

9 -> 32

10 -> 7
10 -> 8
10 -> 9
10 -> 17
10 -> 11
10 -> 18

11 -> 7
11 -> 9
11 -> 10
11 -> 19
11 -> 20

12 -> 8
12 -> 17
12 -> 13
12 -> 14

13 -> 8
13 -> 12
13 -> 18
13 -> 21

14 -> 9
14 -> 12
14 -> 22
14 -> 21
14 -> 17
14 -> 15
14 -> 16

15 -> 9
15 -> 14

16 -> 9
16 -> 14

17 -> 10
17 -> 12
17 -> 18
17 -> 23
17 -> 24
17 -> 14

18 -> 10
18 -> 13
18 -> 17
18 -> 25
18 -> 26
18 -> 21

19 -> 11

20 -> 11

21 -> 13
21 -> 14
21 -> 27
21 -> 18
21 -> 28
21 -> 29
21 -> 30

22 -> 14

23 -> 17

24 -> 17

25 -> 18

26 -> 18

27 -> 21

28 -> 21

29 -> 21

30 -> 21

32 -> 33
32 -> 34
32 -> 35
32 -> 36
32 -> 37
32 -> 38
32 -> 39
32 -> 40

33 -> 32
33 -> 41
33 -> 42

34 -> 32

35 -> 32

36 -> 32

37 -> 32

38 -> 32

39 -> 32

40 -> 32

41 -> 43
41 -> 44

43 -> 41
43 -> 44

44 -> 41
44 -> 43

}
