graph G {
color = "black"
0 [label = "P1: 0 0 0 
P2: 0 0 0 
P3: 0 0 0 
",  style="filled", fillcolor = "#96FF96"];
1 [label = "P1: 1 0 0 
P2: 0 0 0 
P3: 0 0 0 
"];
2 [label = "P1: 2 0 0 
P2: 0 0 0 
P3: 0 0 0 
"];
3 [label = "P1: 2 0 0 
P2: 0 1 0 
P3: 0 0 0 
"];
4 [label = "P1: 3 0 0 
P2: 0 1 0 
P3: 0 0 0 
"];
5 [label = "P1: 3 0 0 
P2: 0 2 0 
P3: 0 0 0 
"];
6 [label = "P1: 3 1 0 
P2: 0 2 0 
P3: 0 0 0 
"];
7 [label = "P1: 3 0 0 
P2: 0 2 0 
P3: 0 -1 0 
"];
8 [label = "P1: 3 0 0 
P2: 0 2 -1 
P3: 0 -1 0 
"];
9 [label = "P1: 3 0 0 
P2: 0 3 -1 
P3: 0 0 0 
"];
10 [label = "P1: 3 0 0 
P2: 0 3 -1 
P3: 0 -1 0 
"];
11 [label = "P1: 3 0 0 
P2: 0 3 -2 
P3: 0 -1 0 
"];
12 [label = "P1: 3 0 0 
P2: -1 3 -2 
P3: 0 -1 0 
"];
1212 [label = "P1: 3 0 0 
P2: -1 3 +∞ 
P3: 0 -1 0 
",  style="filled", fillcolor = "#FF9696"];
13 [label = "P1: 3 0 0 
P2: -1 4 -2 
P3: 0 0 0 
"];
edge [style=bold];
0 -- 1 [color=black];
0 -- 2 [color="#1E96FF", penwidth=4.0];

1 -- 2 [color=black];

2 -- 3 [color="#1E96FF", penwidth=4.0];

3 -- 4 [color="#1E96FF", penwidth=4.0];

4 -- 5 [color="#1E96FF", penwidth=4.0];
4 -- 6 [color=black];

5 -- 6 [color=black];
5 -- 7 [color="#1E96FF", penwidth=4.0];

6 -- 7 [color=black];

7 -- 8 [color="#1E96FF", penwidth=4.0];

8 -- 9 [color=black];
8 -- 10 [color="#1E96FF", penwidth=4.0];

9 -- 10 [color=black];

10 -- 11 [color="#1E96FF", penwidth=4.0];

11 -- 12 [color="#1E96FF", penwidth=4.0];

12 -- 13 [color=black];

12 -- 1212 [color="#1E96FF", penwidth=4.0];

}
