digraph G {
color = "black"
0[label = "Index: 0 
P0: 0 0 0 
P1: 0 0 0 
P2: 0 0 0 
P3: 0 0 0 
", style="filled", fillcolor = "green"]
1[label = "Index: 1 
P0: 1 0 0 
P1: 0 0 0 
P2: 0 0 0 
P3: 0 0 0 
"]
2[label = "Index: 2 
P0: 2 0 0 
P1: 0 0 0 
P2: 0 0 0 
P3: 0 0 0 
", color = "orange"]
3[label = "Index: 3 
P0: 2 0 0 
P1: 0 0 1 
P2: 0 0 0 
P3: 0 0 0 
"]
4[label = "Index: 4 
P0: 2 0 0 
P1: 0 0 2 
P2: 0 0 0 
P3: 0 0 0 
"]
5[label = "Index: 5 
P0: 2 0 0 
P1: 0 0 1 
P2: 0 0 1 
P3: 0 0 0 
"]
6[label = "Index: 6 
P0: 2 0 0 
P1: 0 0 2 
P2: 0 0 2 
P3: 0 0 0 
", color = "orange"]
7[label = "Index: 7 
P0: 2 0 0 
P1: 0 0 2 
P2: 0 0 1 
P3: 0 0 0 
"]
8[label = "Index: 8 
P0: 2 0 0 
P1: 0 0 2 
P2: -1 0 2 
P3: 0 0 0 
", color = "orange"]
9[label = "Index: 9 
P0: 1 0 0 
P1: -1 0 2 
P2: -1 0 2 
P3: 0 0 0 
"]
10[label = "Index: 10 
P0: 2 0 0 
P1: 0 1 2 
P2: -1 0 2 
P3: 0 0 0 
", color = "orange"]
11[label = "Index: 11 
P0: 1 0 0 
P1: 0 1 2 
P2: -1 0 2 
P3: 0 0 0 
"]
12[label = "Index: 12 
P0: 3 0 0 
P1: 0 1 2 
P2: -1 0 2 
P3: 0 0 0 
"]
13[label = "Index: 13 
P0: 4 0 0 
P1: 0 1 2 
P2: -1 0 2 
P3: 0 0 0 
", style="filled", fillcolor = "red"]
14[label = "Index: 14 
P0: 5 0 0 
P1: 0 1 2 
P2: -1 0 2 
P3: 0 0 0 
", color = "purple"]
15[label = "Index: 15 
P0: 6 0 0 
P1: 0 1 2 
P2: -1 0 2 
P3: 0 0 0 
", color = "purple"]
16[label = "Index: 16 
P0: 7 0 0 
P1: 0 1 2 
P2: -1 0 2 
P3: 0 0 0 
", color = "purple"]
17[label = "Index: 17 
P0: 2 0 0 
P1: 1 1 2 
P2: -1 0 2 
P3: 0 0 0 
", color = "purple"]
18[label = "Index: 18 
P0: 2 0 0 
P1: 0 1 3 
P2: -1 0 2 
P3: 0 0 0 
"]
19[label = "Index: 19 
P0: 2 0 0 
P1: 1 1 2 
P2: 0 0 2 
P3: 0 0 0 
"]
20[label = "Index: 20 
P0: 2 0 0 
P1: 0 1 3 
P2: -1 0 3 
P3: 0 0 0 
"]
21[label = "Index: 21 
P0: 3 0 0 
P1: 1 1 2 
P2: 0 0 2 
P3: 0 0 0 
"]
22[label = "Index: 22 
P0: 3 0 0 
P1: 1 1 2 
P2: -1 0 2 
P3: 0 0 0 
", color = "purple"]
23[label = "Index: 23 
P0: 3 0 0 
P1: 0 1 3 
P2: -1 0 2 
P3: 0 0 0 
"]
24[label = "Index: 24 
P0: 3 0 0 
P1: 0 1 4 
P2: -1 0 2 
P3: 0 0 0 
", color = "purple"]
25[label = "Index: 25 
P0: 4 0 0 
P1: 1 1 2 
P2: -1 0 2 
P3: 0 0 0 
", color = "purple"]
26[label = "Index: 26 
P0: 3 0 0 
P1: 0 1 3 
P2: -1 0 3 
P3: 0 0 0 
"]
27[label = "Index: 27 
P0: 3 0 0 
P1: 0 1 4 
P2: -1 0 4 
P3: 0 0 0 
", color = "purple"]
28[label = "Index: 28 
P0: 4 0 0 
P1: 1 1 2 
P2: 0 0 2 
P3: 0 0 0 
"]
29[label = "Index: 29 
P0: 5 0 0 
P1: 1 1 2 
P2: -1 0 2 
P3: 0 0 0 
"]
30[label = "Index: 30 
P0: 6 0 0 
P1: 1 1 2 
P2: -1 0 2 
P3: 0 0 0 
"]
31[label = "Index: 31 
P0: 7 0 0 
P1: 1 1 2 
P2: -1 0 2 
P3: 0 0 0 
"]
32[label = "Index: 32 
P0: 8 0 0 
P1: 1 1 2 
P2: -1 0 2 
P3: 0 0 0 
"]
33[label = "Index: 33 
P0: 4 0 0 
P1: 0 1 3 
P2: -1 0 2 
P3: 0 0 0 
", color = "purple"]
34[label = "Index: 34 
P0: 5 0 0 
P1: 0 1 3 
P2: -1 0 2 
P3: 0 0 0 
", color = "purple"]
35[label = "Index: 35 
P0: 6 0 0 
P1: 0 1 3 
P2: -1 0 2 
P3: 0 0 0 
", color = "purple"]
36[label = "Index: 36 
P0: 7 0 0 
P1: 0 1 3 
P2: -1 0 2 
P3: 0 0 0 
", color = "purple"]
37[label = "Index: 37 
P0: 3 0 0 
P1: 1 1 3 
P2: -1 0 2 
P3: 0 0 0 
", color = "purple"]
38[label = "Index: 38 
P0: 3 0 0 
P1: 1 1 3 
P2: 0 0 2 
P3: 0 0 0 
"]
39[label = "Index: 39 
P0: 5 0 0 
P1: 1 1 2 
P2: 0 0 2 
P3: 0 0 0 
", color = "purple"]
40[label = "Index: 40 
P0: 6 0 0 
P1: 1 1 2 
P2: 0 0 2 
P3: 0 0 0 
", color = "purple"]
41[label = "Index: 41 
P0: 7 0 0 
P1: 1 1 2 
P2: 0 0 2 
P3: 0 0 0 
", color = "purple"]
42[label = "Index: 42 
P0: 8 0 0 
P1: 1 1 2 
P2: 0 0 2 
P3: 0 0 0 
", color = "purple"]
43[label = "Index: 43 
P0: 2 0 0 
P1: 1 1 2 
P2: 0 0 1 
P3: 0 0 0 
"]
44[label = "Index: 44 
P0: 2 0 0 
P1: 1 1 2 
P2: 0 0 0 
P3: 0 0 0 
"]
45[label = "Index: 45 
P0: 2 0 0 
P1: 1 1 1 
P2: 0 0 1 
P3: 0 0 0 
"]
46[label = "Index: 46 
P0: 2 0 0 
P1: 1 1 0 
P2: 0 0 0 
P3: 0 0 0 
"]
47[label = "Index: 47 
P0: 4 0 0 
P1: 0 1 3 
P2: -1 0 3 
P3: 0 0 0 
", color = "purple"]
48[label = "Index: 48 
P0: 5 0 0 
P1: 0 1 3 
P2: -1 0 3 
P3: 0 0 0 
", color = "purple"]
49[label = "Index: 49 
P0: 6 0 0 
P1: 0 1 3 
P2: -1 0 3 
P3: 0 0 0 
", color = "purple"]
50[label = "Index: 50 
P0: 7 0 0 
P1: 0 1 3 
P2: -1 0 3 
P3: 0 0 0 
", color = "purple"]
51[label = "Index: 51 
P0: 3 0 0 
P1: 1 1 3 
P2: -1 0 3 
P3: 0 0 0 
", color = "purple"]
52[label = "Index: 52 
P0: 3 0 0 
P1: 1 1 3 
P2: 0 0 3 
P3: 0 0 0 
"]
53[label = "Index: 53 
P0: 3 0 0 
P1: 1 1 2 
P2: 0 0 1 
P3: 0 0 0 
"]
54[label = "Index: 54 
P0: 3 0 0 
P1: 1 1 2 
P2: 0 0 0 
P3: 0 0 0 
"]
55[label = "Index: 55 
P0: 3 0 0 
P1: 1 1 1 
P2: 0 0 1 
P3: 0 0 0 
"]
56[label = "Index: 56 
P0: 3 0 0 
P1: 0 0 3 
P2: -1 0 2 
P3: 0 0 0 
", color = "purple"]
57[label = "Index: 57 
P0: 3 0 0 
P1: 0 1 4 
P2: -1 0 3 
P3: 0 0 0 
", color = "purple"]
58[label = "Index: 58 
P0: 3 0 0 
P1: 0 0 3 
P2: -1 0 3 
P3: 0 0 0 
", color = "purple"]
59[label = "Index: 59 
P0: 4 0 0 
P1: 1 1 3 
P2: 0 0 2 
P3: 0 0 0 
"]
60[label = "Index: 60 
P0: 4 0 0 
P1: 1 1 4 
P2: 0 0 2 
P3: 0 0 0 
", color = "purple"]
61[label = "Index: 61 
P0: 4 0 0 
P1: 1 1 2 
P2: 0 0 1 
P3: 0 0 0 
"]
62[label = "Index: 62 
P0: 4 0 0 
P1: 1 1 2 
P2: 0 0 0 
P3: 0 0 0 
"]
63[label = "Index: 63 
P0: 4 0 0 
P1: 1 1 1 
P2: 0 0 1 
P3: 0 0 0 
"]
64[label = "Index: 64 
P0: 4 0 0 
P1: 1 1 3 
P2: 0 0 3 
P3: 0 0 0 
"]
65[label = "Index: 65 
P0: 4 0 0 
P1: 1 1 4 
P2: 0 0 4 
P3: 0 0 0 
", color = "purple"]
66[label = "Index: 66 
P0: 4 0 0 
P1: 1 1 3 
P2: -1 0 2 
P3: 0 0 0 
", color = "purple"]
67[label = "Index: 67 
P0: 5 0 0 
P1: 1 1 3 
P2: -1 0 2 
P3: 0 0 0 
"]
68[label = "Index: 68 
P0: 6 0 0 
P1: 1 1 3 
P2: -1 0 2 
P3: 0 0 0 
"]
69[label = "Index: 69 
P0: 7 0 0 
P1: 1 1 3 
P2: -1 0 2 
P3: 0 0 0 
"]
70[label = "Index: 70 
P0: 8 0 0 
P1: 1 1 3 
P2: -1 0 2 
P3: 0 0 0 
"]
71[label = "Index: 71 
P0: 5 0 0 
P1: 1 1 3 
P2: 0 0 2 
P3: 0 0 0 
", color = "purple"]
72[label = "Index: 72 
P0: 6 0 0 
P1: 1 1 3 
P2: 0 0 2 
P3: 0 0 0 
", color = "purple"]
73[label = "Index: 73 
P0: 7 0 0 
P1: 1 1 3 
P2: 0 0 2 
P3: 0 0 0 
", color = "purple"]
74[label = "Index: 74 
P0: 8 0 0 
P1: 1 1 3 
P2: 0 0 2 
P3: 0 0 0 
", color = "purple"]
75[label = "Index: 75 
P0: 3 0 0 
P1: 1 1 3 
P2: 0 0 1 
P3: 0 0 0 
"]
76[label = "Index: 76 
P0: 3 0 0 
P1: 1 1 3 
P2: 0 0 0 
P3: 0 0 0 
"]
77[label = "Index: 77 
P0: 3 0 0 
P1: 1 1 1 
P2: 0 0 0 
P3: 0 0 0 
"]
78[label = "Index: 78 
P0: 5 0 0 
P1: 1 1 2 
P2: 0 0 1 
P3: 0 0 0 
", color = "purple"]
79[label = "Index: 79 
P0: 6 0 0 
P1: 1 1 2 
P2: 0 0 1 
P3: 0 0 0 
", color = "purple"]
80[label = "Index: 80 
P0: 7 0 0 
P1: 1 1 2 
P2: 0 0 1 
P3: 0 0 0 
", color = "purple"]
81[label = "Index: 81 
P0: 8 0 0 
P1: 1 1 2 
P2: 0 0 1 
P3: 0 0 0 
", color = "purple"]
82[label = "Index: 82 
P0: 2 0 0 
P1: 1 1 1 
P2: 0 0 0 
P3: 0 0 0 
"]
83[label = "Index: 83 
P0: 5 0 0 
P1: 1 1 2 
P2: 0 0 0 
P3: 0 0 0 
", color = "purple"]
84[label = "Index: 84 
P0: 6 0 0 
P1: 1 1 2 
P2: 0 0 0 
P3: 0 0 0 
", color = "purple"]
85[label = "Index: 85 
P0: 7 0 0 
P1: 1 1 2 
P2: 0 0 0 
P3: 0 0 0 
", color = "purple"]
86[label = "Index: 86 
P0: 8 0 0 
P1: 1 1 2 
P2: 0 0 0 
P3: 0 0 0 
", color = "purple"]
87[label = "Index: 87 
P0: 5 0 0 
P1: 1 1 1 
P2: 0 0 1 
P3: 0 0 0 
", color = "purple"]
88[label = "Index: 88 
P0: 6 0 0 
P1: 1 1 1 
P2: 0 0 1 
P3: 0 0 0 
", color = "purple"]
89[label = "Index: 89 
P0: 4 0 0 
P1: 1 1 3 
P2: -1 0 3 
P3: 0 0 0 
", color = "purple"]
90[label = "Index: 90 
P0: 5 0 0 
P1: 1 1 3 
P2: -1 0 3 
P3: 0 0 0 
"]
91[label = "Index: 91 
P0: 6 0 0 
P1: 1 1 3 
P2: -1 0 3 
P3: 0 0 0 
"]
92[label = "Index: 92 
P0: 7 0 0 
P1: 1 1 3 
P2: -1 0 3 
P3: 0 0 0 
"]
93[label = "Index: 93 
P0: 8 0 0 
P1: 1 1 3 
P2: -1 0 3 
P3: 0 0 0 
"]
94[label = "Index: 94 
P0: 5 0 0 
P1: 1 1 3 
P2: 0 0 3 
P3: 0 0 0 
", color = "purple"]
95[label = "Index: 95 
P0: 6 0 0 
P1: 1 1 3 
P2: 0 0 3 
P3: 0 0 0 
", color = "purple"]
96[label = "Index: 96 
P0: 7 0 0 
P1: 1 1 3 
P2: 0 0 3 
P3: 0 0 0 
", color = "purple"]
97[label = "Index: 97 
P0: 8 0 0 
P1: 1 1 3 
P2: 0 0 3 
P3: 0 0 0 
", color = "purple"]
98[label = "Index: 98 
P0: 4 0 0 
P1: 1 1 3 
P2: 0 0 1 
P3: 0 0 0 
"]
99[label = "Index: 99 
