digraph G {
color = "black"
0[label = "Index: 0 
P0: 0 0 0 
P1: 0 0 0 
P2: 0 0 0 
P3: 0 0 0 
P4: 0 0 0 
P5: 0 0 0 
", style="filled", fillcolor = "green"]
1[label = "Index: 1 
P0: 1 0 0 
P1: 0 0 0 
P2: 0 0 0 
P3: 0 0 0 
P4: 0 0 0 
P5: 0 0 0 
", color = "orange"]
2[label = "Index: 2 
P0: 1 0 0 
P1: 0 0 -1 
P2: 0 0 0 
P3: 0 0 0 
P4: 0 0 0 
P5: 0 0 0 
"]
3[label = "Index: 3 
P0: 1 0 0 
P1: 0 0 -1 
P2: 0 0 -1 
P3: 0 0 0 
P4: 0 0 0 
P5: 0 0 0 
", style="filled", fillcolor = "red"]
4[label = "Index: 4 
P0: 1 0 0 
P1: 0 0 -1 
P2: 0 0 -1 
P3: 0 -1 0 
P4: 0 0 0 
P5: 0 0 0 
"]
5[label = "Index: 5 
P4: 0 0 0 
", color = "fuchsia"]
6[label = "Index: 6 
P0: 1 0 0 
P1: 0 0 -1 
P2: 0 0 -1 
P3: 0 0 0 
P5: 0 0 0 
", color = "red"]
7[label = "Index: 7 
P0: 1 0 0 
", color = "fuchsia"]
8[label = "Index: 8 
P1: 0 0 -1 
P2: 0 0 -1 
P3: 0 0 0 
P5: 0 0 0 
", color = "red"]
9[label = "Index: 9 
P1: 0 0 -1 
", color = "fuchsia"]
10[label = "Index: 10 
P2: 0 0 -1 
P3: 0 0 0 
P5: 0 0 0 
", color = "red"]
11[label = "Index: 11 
P2: 0 0 -1 
", color = "fuchsia"]
12[label = "Index: 12 
P3: 0 0 0 
P5: 0 0 0 
", color = "red"]
13[label = "Index: 13 
P3: 0 0 0 
", style="filled", fillcolor = "blue"]
14[label = "Index: 14 
P5: 0 0 0 
", color = "fuchsia"]
0 -> 1

1 -> 0
1 -> 2
1 -> 3

2 -> 1
2 -> 3

3 -> 1
3 -> 2
3 -> 4
3 -> 6
3 -> 5

4 -> 3

6 -> 8
6 -> 7

8 -> 10
8 -> 9

10 -> 12
10 -> 11

12 -> 14
12 -> 13

}
