digraph G {
color = "black"
0[label = "Index: 0 
P0: 0 0 0 
P1: 0 0 0 
P2: 0 0 0 
P3: 0 0 0 
P4: 0 0 0 
P5: 0 0 0 
P6: 0 0 0 
", style="filled", fillcolor = "green"]
1[label = "Index: 1 
P0: 0 0 1 
P1: 0 0 0 
P2: 0 0 0 
P3: 0 0 0 
P4: 0 0 0 
P5: 0 0 0 
P6: 0 0 0 
", color = "orange"]
2[label = "Index: 2 
P0: 0 0 1 
P1: -1 0 0 
P2: 0 0 0 
P3: 0 0 0 
P4: 0 0 0 
P5: 0 0 0 
P6: 0 0 0 
"]
3[label = "Index: 3 
P0: 0 0 1 
P1: -1 0 0 
P2: -1 0 0 
P3: 0 0 0 
P4: 0 0 0 
P5: 0 0 0 
P6: 0 0 0 
", color = "orange"]
4[label = "Index: 4 
P0: 0 0 1 
P1: -1 0 0 
P2: -1 0 0 
P3: 0 0 0 
P4: -1 0 0 
P5: -1 0 0 
P6: 0 0 0 
"]
5[label = "Index: 5 
P0: 0 0 1 
P1: -1 0 0 
P2: 0 0 0 
P3: 0 -1 0 
P4: 0 0 0 
P5: 0 0 0 
P6: 0 0 0 
"]
6[label = "Index: 6 
P0: 0 0 1 
P1: -1 0 0 
P2: -1 0 0 
P3: 0 -1 0 
P4: 0 0 0 
P5: 0 0 0 
P6: 0 0 0 
", color = "orange"]
7[label = "Index: 7 
P0: 0 0 1 
P1: -1 0 0 
P2: -1 0 0 
P3: 0 -1 0 
P4: -1 0 0 
P5: -1 0 0 
P6: 0 0 0 
"]
8[label = "Index: 8 
P0: 0 0 1 
P1: -1 0 0 
P2: -1 0 0 
P3: 0 -1 0 
P4: 0 0 -1 
P5: 0 0 0 
P6: 0 0 0 
", color = "orange"]
9[label = "Index: 9 
P0: 0 0 1 
P1: -1 0 0 
P2: -1 0 0 
P3: 0 -1 0 
P4: 0 0 -1 
P5: -1 0 0 
P6: 0 0 0 
", color = "orange"]
10[label = "Index: 10 
P0: 0 0 1 
P1: -1 0 0 
P2: -1 0 0 
P3: 0 -1 0 
P4: 0 0 -1 
P5: -1 -1 0 
P6: 0 0 0 
"]
11[label = "Index: 11 
P0: 0 0 1 
P1: -1 0 0 
P2: -1 0 0 
P3: 0 -1 0 
P4: 0 0 -1 
P5: -1 -2 0 
P6: 0 0 0 
", style="filled", fillcolor = "red"]
12[label = "Index: 12 
P5: -1 -2 0 
", color = "fuchsia"]
13[label = "Index: 13 
P0: 0 0 1 
P1: -1 0 0 
P2: -1 0 0 
P3: 0 -1 0 
P4: 0 0 -1 
P6: 0 0 0 
", color = "orange"]
14[label = "Index: 14 
P0: 0 0 1 
P1: -1 0 0 
P2: -1 0 0 
P3: 0 -1 0 
P4: 0 0 0 
P6: 0 0 0 
"]
15[label = "Index: 15 
P0: 0 0 1 
P1: -1 0 0 
P2: -1 0 1 
P3: 0 -1 0 
P4: 0 0 0 
P6: 0 0 0 
", color = "red"]
16[label = "Index: 16 
P0: 0 0 1 
P1: -1 0 0 
P2: 0 0 0 
P3: 0 -1 0 
P4: 0 0 0 
P6: 0 0 0 
"]
17[label = "Index: 17 
P0: 0 0 1 
P1: -1 0 0 
P2: -1 0 0 
P3: 0 0 0 
P4: 0 0 0 
P6: 0 0 0 
"]
18[label = "Index: 18 
P0: 0 0 1 
P1: -1 0 0 
P2: -1 0 0 
P3: 0 -1 0 
P4: -1 0 0 
P6: 0 0 0 
"]
19[label = "Index: 19 
P3: 0 -1 0 
", color = "fuchsia"]
20[label = "Index: 20 
P0: 0 0 1 
P1: -1 0 0 
P2: -1 0 1 
P4: 0 0 0 
P6: 0 0 0 
", color = "red"]
21[label = "Index: 21 
P1: -1 0 0 
", color = "fuchsia"]
22[label = "Index: 22 
P0: 0 0 1 
P2: -1 0 1 
P4: 0 0 0 
P6: 0 0 0 
", color = "red"]
23[label = "Index: 23 
P0: 0 0 0 
P2: -1 0 1 
P4: 0 0 0 
P6: 0 0 0 
"]
24[label = "Index: 24 
P2: -1 0 1 
", color = "fuchsia"]
25[label = "Index: 25 
P0: 0 0 1 
P4: 0 0 0 
P6: 0 0 0 
", color = "red"]
26[label = "Index: 26 
P0: 0 0 0 
P4: 0 0 0 
P6: 0 0 0 
"]
27[label = "Index: 27 
P4: 0 0 0 
", color = "fuchsia"]
28[label = "Index: 28 
P0: 0 0 1 
P6: 0 0 0 
", color = "orange"]
29[label = "Index: 29 
P0: 0 0 0 
P6: 0 0 0 
", color = "red"]
30[label = "Index: 30 
P0: 0 0 0 
", style="filled", fillcolor = "blue"]
31[label = "Index: 31 
P6: 0 0 0 
", color = "fuchsia"]
0 -> 1

1 -> 0
1 -> 2
1 -> 3
1 -> 4

2 -> 1
2 -> 3
2 -> 5
2 -> 4

3 -> 1
3 -> 2
3 -> 6
3 -> 4

4 -> 1
4 -> 2
4 -> 3
4 -> 7

5 -> 2
5 -> 6
5 -> 7

6 -> 3
6 -> 5
6 -> 8
6 -> 7

7 -> 4
7 -> 5
7 -> 6

8 -> 6
8 -> 9

9 -> 8
9 -> 10
9 -> 11

10 -> 9
10 -> 11

11 -> 9
11 -> 10
11 -> 13
11 -> 12

13 -> 14
13 -> 15

14 -> 13
14 -> 16
14 -> 15
14 -> 17
14 -> 18

15 -> 13
15 -> 14
15 -> 20
15 -> 19

16 -> 14

17 -> 14

18 -> 14

20 -> 22
20 -> 21

22 -> 23
22 -> 25
22 -> 24

23 -> 22

25 -> 26
25 -> 28
25 -> 27

26 -> 25

28 -> 29

29 -> 28
29 -> 31
29 -> 30

}
