digraph G {
color = "black"
0[label = "Index: 0 
P0: 0 0 0 
P1: 0 0 0 
P2: 0 0 0 
", style="filled", fillcolor = "green"]
1[label = "Index: 1 
P0: -1 0 0 
P1: 0 0 0 
P2: 0 0 0 
", color = "orange"]
2[label = "Index: 2 
P0: -1 0 0 
P1: 0 0 -1 
P2: 0 0 0 
", color = "orange"]
3[label = "Index: 3 
P0: -2 0 0 
P1: 0 0 -1 
P2: 0 0 0 
", color = "orange"]
4[label = "Index: 4 
P0: -2 0 0 
P1: 0 0 -2 
P2: 0 0 0 
", color = "orange"]
5[label = "Index: 5 
P0: -2 0 0 
P1: 1 0 -2 
P2: 0 0 0 
", color = "orange"]
6[label = "Index: 6 
P0: -1 0 0 
P1: 1 0 -2 
P2: 0 0 0 
"]
7[label = "Index: 7 
P0: -2 0 0 
P1: 1 0 -3 
P2: 0 0 0 
", color = "orange"]
8[label = "Index: 8 
P0: -2 0 0 
P1: 2 0 -3 
P2: 0 0 0 
", color = "orange"]
9[label = "Index: 9 
P0: -1 0 0 
P1: 2 0 -3 
P2: 0 0 0 
"]
10[label = "Index: 10 
P0: -2 0 0 
P1: 2 -1 -3 
P2: 0 0 0 
", style="filled", fillcolor = "red"]
11[label = "Index: 11 
P0: -2 -1 0 
P1: 2 -1 -3 
P2: 0 0 0 
", color = "purple"]
12[label = "Index: 12 
P0: -1 0 0 
P1: 2 -1 -3 
P2: 0 0 0 
", color = "purple"]
13[label = "Index: 13 
P0: 0 0 0 
P1: 2 -1 -3 
P2: 0 0 0 
"]
14[label = "Index: 14 
P1: 2 -1 -3 
", color = "fuchsia"]
15[label = "Index: 15 
P0: -2 0 0 
P2: 0 0 0 
", color = "orange"]
16[label = "Index: 16 
P0: -1 0 0 
P2: 0 0 0 
"]
17[label = "Index: 17 
P0: 0 0 0 
P2: 0 0 0 
"]
18[label = "Index: 18 
P0: -2 -1 0 
P2: 0 0 0 
", color = "red"]
19[label = "Index: 19 
P0: -2 -2 0 
P2: 0 0 0 
"]
20[label = "Index: 20 
P0: -2 -1 0 
", style="filled", fillcolor = "blue"]
21[label = "Index: 21 
P2: 0 0 0 
", color = "fuchsia"]
0 -> 1

1 -> 0
1 -> 2

2 -> 1
2 -> 3

3 -> 2
3 -> 4

4 -> 3
4 -> 5
4 -> 6

5 -> 4
5 -> 6
5 -> 7

6 -> 4
6 -> 5

7 -> 5
7 -> 8
7 -> 9

8 -> 7
8 -> 9
8 -> 10
8 -> 11

9 -> 7
9 -> 8
9 -> 12

10 -> 8
10 -> 12
10 -> 13
10 -> 11
10 -> 15
10 -> 14

11 -> 8
11 -> 10

12 -> 9
12 -> 10
12 -> 13

13 -> 10
13 -> 12

15 -> 16
15 -> 17
15 -> 18
15 -> 19

16 -> 15
16 -> 17

17 -> 15
17 -> 16

18 -> 15
18 -> 21
18 -> 20

19 -> 15

}
