graph G {
color = "black"
0 [label = "P1: 0 0 0 
P2: 0 0 0 
P3: 0 0 0 
",  style="filled", fillcolor = "#96FF96"];
1 [label = "P1: 0 -1 0 
P2: 0 0 0 
P3: 0 0 0 
"];
2 [label = "P1: 0 -1 0 
P2: 1 0 0 
P3: 0 0 0 
"];
3 [label = "P1: 0 -1 0 
P2: 2 0 0 
P3: 0 0 0 
"];
4 [label = "P1: 0 -2 0 
P2: 1 0 0 
P3: 0 0 0 
"];
5 [label = "P1: 0 -2 0 
P2: 2 0 0 
P3: 0 0 0 
"];
6 [label = "P1: 0 -2 0 
P2: 1 0 0 
P3: -1 0 0 
"];
7 [label = "P1: 1 -2 0 
P2: 3 0 0 
P3: 0 0 0 
"];
8 [label = "P1: 0 -2 -1 
P2: 1 0 0 
P3: -1 0 0 
"];
88 [label = "P1: 0 +∞ -1 
P2: 1 0 0 
P3: -1 0 0 
",  style="filled", fillcolor = "#FF9696"];
9 [label = "P1: 1 -2 0 
P2: 2 0 1 
P3: 0 0 0 
"];
99 [label = "P1: 1 +∞ 0 
P2: 2 0 1 
P3: 0 0 0 
",  style="filled", fillcolor = "#FF9696"];
10 [label = "P1: 1 -2 -1 
P2: 2 0 -1 
P3: 0 0 0 
"];
1010 [label = "P1: -∞ -2 -1 
P2: -∞ 0 -1 
P3: 0 0 0 
",  style="filled", fillcolor = "#FF9696"];
11 [label = "P1: 1 -2 -1 
P2: 3 0 -1 
P3: 0 0 0 
"];
1111 [label = "P1: -∞ -2 -1 
P2: -∞ 0 -1 
P3: 0 0 0 
",  style="filled", fillcolor = "#FF9696"];
12 [label = "P1: 2 -2 -1 
P2: 3 0 -1 
P3: 0 0 0 
"];
edge [style=bold];
0 -- 1 [color="#1E96FF", penwidth=4.0];

1 -- 2 [color="#1E96FF", penwidth=4.0];
1 -- 3 [color=black];

2 -- 4 [color="#1E96FF", penwidth=4.0];
2 -- 3 [color=black];

3 -- 5 [color=black];

4 -- 5 [color=black];
4 -- 6 [color="#1E96FF", penwidth=4.0];

5 -- 6 [color=black];
5 -- 7 [color=black];

6 -- 8 [color="#1E96FF", penwidth=4.0];
6 -- 7 [color=black];
6 -- 9 [color=black];
6 -- 10 [color=black];

7 -- 11 [color=black];

8 -- 10 [color=black];

8 -- 88 [color="#1E96FF", penwidth=4.0];

9 -- 99 [color=black];
10 -- 11 [color=black];

10 -- 1010 [color=black];
11 -- 12 [color=black];

11 -- 1111 [color=black];

}
