digraph G {
color = "black"
0[label = "Index: 0 
P0: 0 0 0 
P1: 0 0 0 
P2: 0 0 0 
P3: 0 0 0 
P4: 0 0 0 
P5: 0 0 0 
P6: 0 0 0 
P7: 0 0 0 
", style="filled", fillcolor = "green"]
1[label = "Index: 1 
P0: -1 0 0 
P1: 0 0 0 
P2: 0 0 0 
P3: 0 0 0 
P4: 0 0 0 
P5: 0 0 0 
P6: 0 0 0 
P7: 0 0 0 
", color = "orange"]
2[label = "Index: 2 
P0: -1 0 0 
P1: 0 0 1 
P2: 0 0 0 
P3: 0 0 0 
P4: 0 0 0 
P5: 0 0 0 
P6: 0 0 0 
P7: 0 0 0 
"]
3[label = "Index: 3 
P0: -1 0 0 
P1: 0 0 2 
P2: 0 0 0 
P3: 0 0 0 
P4: 0 0 0 
P5: 0 0 0 
P6: 0 0 0 
P7: 0 0 0 
", color = "orange"]
4[label = "Index: 4 
P0: -2 0 0 
P1: 0 0 2 
P2: 0 0 0 
P3: 0 0 0 
P4: 0 0 0 
P5: 0 0 0 
P6: 0 0 0 
P7: 0 0 0 
", color = "orange"]
5[label = "Index: 5 
P0: -1 0 0 
P1: 0 0 2 
P2: 0 0 0 
P3: 0 0 0 
P4: 0 0 0 
P5: 0 0 0 
P6: 1 0 0 
P7: 0 0 0 
"]
6[label = "Index: 6 
P0: -2 0 0 
P1: 0 0 2 
P2: 0 -1 0 
P3: 0 0 0 
P4: 0 0 0 
P5: 0 0 0 
P6: 0 0 0 
P7: 0 0 0 
", color = "orange"]
7[label = "Index: 7 
P0: -2 0 0 
P1: 0 0 2 
P2: 0 0 0 
P3: 0 0 0 
P4: 0 0 0 
P5: 0 0 0 
P6: 1 0 0 
P7: 0 0 0 
"]
8[label = "Index: 8 
P0: -2 0 0 
P1: 0 0 2 
P2: 1 -1 0 
P3: 0 0 0 
P4: 0 0 0 
P5: 0 0 0 
P6: 0 0 0 
P7: 0 0 0 
"]
9[label = "Index: 9 
P0: -1 0 0 
P1: 0 0 2 
P2: 1 -1 0 
P3: 0 0 0 
P4: 0 0 0 
P5: 0 0 0 
P6: 0 0 0 
P7: 0 0 0 
"]
10[label = "Index: 10 
P0: -2 0 0 
P1: 0 0 2 
P2: 0 -1 0 
P3: 0 0 -1 
P4: 0 0 0 
P5: 0 0 0 
P6: 0 0 0 
P7: 0 0 0 
", color = "orange"]
11[label = "Index: 11 
P0: -2 0 0 
P1: 0 0 2 
P2: 1 -1 0 
P3: 0 0 0 
P4: 0 0 0 
P5: 0 0 0 
P6: 1 0 0 
P7: 0 0 0 
"]
12[label = "Index: 12 
P0: -1 0 0 
P1: 0 0 2 
P2: 1 -1 0 
P3: 0 0 0 
P4: 0 0 0 
P5: 0 0 0 
P6: 1 0 0 
P7: 0 0 0 
"]
13[label = "Index: 13 
P0: -2 0 0 
P1: 0 0 2 
P2: 1 -1 0 
P3: 0 0 -1 
P4: 0 0 0 
P5: 0 0 0 
P6: 0 0 0 
P7: 0 0 0 
"]
14[label = "Index: 14 
P0: -1 0 0 
P1: 0 0 2 
P2: 1 -1 0 
P3: 0 0 -1 
P4: 0 0 0 
P5: 0 0 0 
P6: 0 0 0 
P7: 0 0 0 
"]
15[label = "Index: 15 
P0: -1 0 0 
P1: 1 0 2 
P2: 1 -1 0 
P3: 0 0 -1 
P4: 0 0 0 
P5: 0 0 0 
P6: 0 0 0 
P7: 0 0 0 
", color = "orange"]
16[label = "Index: 16 
P0: -2 0 0 
P1: 0 0 2 
P2: 1 -1 0 
P3: 0 0 -1 
P4: 0 0 0 
P5: 0 0 0 
P6: 1 0 0 
P7: 0 0 0 
"]
17[label = "Index: 17 
P0: -1 0 0 
P1: 0 0 2 
P2: 1 -1 0 
P3: 0 0 -1 
P4: 0 0 0 
P5: 0 0 0 
P6: 1 0 0 
P7: 0 0 0 
"]
18[label = "Index: 18 
P0: -1 0 0 
P1: 1 0 2 
P2: 1 -1 0 
P3: 0 0 -1 
P4: 0 0 0 
P5: 0 0 0 
P6: 1 0 0 
P7: 0 0 0 
"]
19[label = "Index: 19 
P0: -1 0 0 
P1: 1 0 2 
P2: 1 -1 0 
P3: 0 0 -1 
P4: 0 0 -1 
P5: 0 0 0 
P6: 0 0 0 
P7: 0 0 0 
", color = "orange"]
20[label = "Index: 20 
P0: -1 0 0 
P1: 1 0 2 
P2: 1 -1 0 
P3: 0 0 -1 
P4: 0 0 -1 
P5: 0 0 0 
P6: 1 0 0 
P7: 0 0 0 
"]
21[label = "Index: 21 
P0: -2 0 0 
P1: 0 0 2 
P2: 1 -1 0 
P3: -1 0 -1 
P4: -1 0 -1 
P5: 0 0 0 
P6: 0 0 0 
P7: 0 0 0 
", color = "orange"]
22[label = "Index: 22 
P0: -2 0 0 
P1: 0 0 2 
P2: 0 -1 0 
P3: -1 0 -1 
P4: -1 0 -1 
P5: 0 0 0 
P6: 0 0 0 
P7: 0 0 0 
"]
23[label = "Index: 23 
P0: -2 0 0 
P1: 0 0 2 
P2: 1 -1 0 
P3: -1 0 -1 
P4: -1 0 -1 
P5: 0 0 0 
P6: 1 0 0 
P7: 0 0 0 
"]
24[label = "Index: 24 
P0: -2 0 0 
P1: 0 0 2 
P2: 1 -1 0 
P3: -1 0 -1 
P4: -1 0 -1 
P5: 0 -1 0 
P6: 0 0 0 
P7: 0 0 0 
", color = "orange"]
25[label = "Index: 25 
P0: -2 0 0 
P1: 0 0 2 
P2: 0 -1 0 
P3: -1 0 -1 
P4: -1 0 -1 
P5: 0 -1 0 
P6: 0 0 0 
P7: 0 0 0 
"]
26[label = "Index: 26 
P0: -2 0 0 
P1: 0 0 2 
P2: 1 -1 0 
P3: -1 0 -1 
P4: -1 0 -1 
P5: 0 -1 0 
P6: 1 0 0 
P7: 0 0 0 
"]
27[label = "Index: 27 
P0: -2 0 -1 
P1: 0 0 2 
P2: 1 -1 0 
P3: -1 0 -1 
P4: -1 0 -1 
P5: 0 -1 0 
P6: 0 0 0 
P7: 0 0 0 
", style="filled", fillcolor = "red"]
28[label = "Index: 28 
P0: -1 0 0 
P1: 1 0 2 
P2: 1 -1 0 
P3: 0 0 -1 
P4: 0 0 -1 
P5: 1 -1 0 
P6: 1 0 0 
P7: 0 0 0 
"]
29[label = "Index: 29 
P0: -2 0 -1 
P1: 0 0 2 
P2: 0 -1 0 
P3: -1 0 -1 
P4: -1 0 -1 
P5: 0 -1 0 
P6: 0 0 0 
P7: 0 0 0 
", color = "purple"]
30[label = "Index: 30 
P0: -2 0 -1 
P1: 0 0 2 
P2: 1 -1 0 
P3: -1 0 -1 
P4: -1 0 -1 
P5: 0 -1 0 
P6: 1 0 0 
P7: 0 0 0 
", color = "purple"]
31[label = "Index: 31 
P0: -2 0 0 
P1: 0 0 2 
P2: 1 -1 0 
P3: -1 0 -1 
P4: -1 0 -1 
P5: 0 -1 0 
P6: 1 0 -1 
P7: 0 0 0 
"]
32[label = "Index: 32 
P0: -1 0 -1 
P1: 1 0 2 
P2: 1 -1 0 
P3: 0 0 -1 
P4: 0 0 -1 
P5: 1 -1 0 
P6: 1 0 0 
P7: 0 0 0 
", color = "purple"]
33[label = "Index: 33 
P0: -2 0 -1 
P1: 0 0 2 
P2: 1 -1 0 
P3: -1 0 -1 
P4: -1 0 -1 
P5: 0 -1 0 
P6: 1 0 -1 
P7: 0 0 0 
", color = "purple"]
34[label = "Index: 34 
P0: -2 0 -1 
", color = "fuchsia"]
35[label = "Index: 35 
P1: 0 0 2 
P2: 1 -1 0 
P3: -1 0 -1 
P4: -1 0 -1 
P5: 0 -1 0 
P6: 0 0 0 
P7: 0 0 0 
", color = "orange"]
36[label = "Index: 36 
P1: 1 0 2 
P2: 1 -1 0 
P3: -1 0 -1 
P4: -1 0 -1 
P5: 0 -1 0 
P6: 0 0 0 
P7: 0 0 0 
"]
37[label = "Index: 37 
P1: 0 0 2 
P2: 0 -1 0 
P3: -1 0 -1 
P4: -1 0 -1 
P5: 0 -1 0 
P6: 0 0 0 
P7: 0 0 0 
"]
38[label = "Index: 38 
P1: 0 0 2 
P2: 1 -1 0 
P3: -1 0 -1 
P4: -1 0 -1 
P5: 0 0 0 
P6: 0 0 0 
P7: 0 0 0 
"]
39[label = "Index: 39 
P1: 0 0 2 
P2: 1 -1 0 
P3: -1 0 -1 
P4: -1 0 -1 
P5: 0 -1 0 
P6: 1 0 0 
P7: 0 0 0 
"]
40[label = "Index: 40 
P1: 1 0 2 
P2: 1 -1 0 
P3: -1 0 -1 
P4: -1 0 -1 
P5: 0 -1 0 
P6: 1 0 0 
P7: 0 0 0 
", color = "orange"]
41[label = "Index: 41 
P1: 1 0 2 
P2: 1 -1 0 
P3: 0 0 -1 
P4: 0 0 -1 
P5: 1 -1 0 
P6: 1 0 0 
P7: 0 0 0 
"]
42[label = "Index: 42 
P1: 1 0 2 
P2: 1 -1 0 
P3: -1 0 -1 
P4: -1 0 -1 
P5: 0 0 0 
P6: 0 0 0 
P7: 0 0 0 
"]
43[label = "Index: 43 
P1: 0 0 2 
P2: 0 -1 0 
P3: -1 0 -1 
P4: -1 0 -1 
P5: 0 0 0 
P6: 0 0 0 
P7: 0 0 0 
"]
44[label = "Index: 44 
P1: 1 0 2 
P2: 1 -1 0 
P3: 0 0 -1 
P4: 0 0 -1 
P5: 0 0 0 
P6: 0 0 0 
P7: 0 0 0 
"]
45[label = "Index: 45 
P1: 0 0 2 
P2: 1 -1 0 
P3: -1 0 -1 
P4: -1 0 -1 
P5: 0 0 0 
P6: 1 0 0 
P7: 0 0 0 
"]
46[label = "Index: 46 
P1: 1 0 2 
P2: 1 -1 0 
P3: -1 0 -1 
P4: -1 0 -1 
P5: 0 0 0 
P6: 1 0 0 
P7: 0 0 0 
"]
47[label = "Index: 47 
P1: 1 0 2 
P2: 1 -1 0 
P3: 0 0 -1 
P4: 0 0 -1 
P5: 0 0 0 
P6: 1 0 0 
P7: 0 0 0 
"]
48[label = "Index: 48 
P1: 0 0 2 
P2: 1 -1 0 
P3: -1 0 -1 
P4: -1 0 -1 
P5: 0 -1 0 
P6: 1 0 -1 
P7: 0 0 0 
"]
49[label = "Index: 49 
P1: 1 0 2 
P2: 1 -1 0 
P3: -1 0 -1 
P4: -1 0 -1 
P5: 0 -1 0 
P6: 1 0 -1 
P7: 0 0 0 
", color = "orange"]
50[label = "Index: 50 
P1: 1 0 2 
P2: 1 -1 0 
P3: 0 0 -1 
P4: 0 0 0 
P5: 0 0 0 
P6: 0 0 0 
P7: 0 0 0 
"]
51[label = "Index: 51 
P1: 1 0 2 
P2: 1 -1 0 
P3: 0 0 -1 
P4: 0 0 0 
P5: 0 0 0 
P6: 1 0 0 
P7: 0 0 0 
"]
52[label = "Index: 52 
P1: 0 -1 2 
P2: 1 -1 0 
P3: -1 0 -1 
P4: -1 0 -1 
P5: 0 -1 0 
P6: 1 0 -1 
P7: 0 0 0 
"]
53[label = "Index: 53 
P1: 1 -1 2 
P2: 1 -1 0 
P3: -1 0 -1 
P4: -1 0 -1 
P5: 0 -1 0 
P6: 1 0 -1 
P7: 0 0 0 
", color = "red"]
54[label = "Index: 54 
P1: 0 0 2 
P2: 1 -1 0 
P3: 0 0 -1 
P4: 0 0 0 
P5: 0 0 0 
P6: 0 0 0 
P7: 0 0 0 
"]
55[label = "Index: 55 
P1: 0 0 2 
P2: 0 -1 0 
P3: 0 0 -1 
P4: 0 0 0 
P5: 0 0 0 
P6: 0 0 0 
P7: 0 0 0 
"]
56[label = "Index: 56 
P1: 0 0 2 
P2: 1 -1 0 
P3: 0 0 -1 
P4: 0 0 0 
P5: 0 0 0 
P6: 1 0 0 
P7: 0 0 0 
"]
57[label = "Index: 57 
P1: 2 -1 2 
P2: 1 -1 0 
P3: -1 0 -1 
P4: -1 0 -1 
P5: 0 -1 0 
P6: 1 0 -1 
P7: 0 0 0 
"]
58[label = "Index: 58 
P1: 1 -1 2 
", color = "fuchsia"]
59[label = "Index: 59 
P2: 1 -1 0 
P3: -1 0 -1 
P4: -1 0 -1 
P5: 0 -1 0 
P6: 1 0 -1 
P7: 0 0 0 
", color = "orange"]
60[label = "Index: 60 
P2: 1 -1 0 
P3: -1 0 -1 
P4: -1 0 -1 
P5: 0 -1 0 
P6: 1 0 0 
P7: 0 0 0 
", color = "orange"]
61[label = "Index: 61 
P2: 1 -1 0 
P3: -1 0 -1 
P4: -1 0 -1 
P5: 0 0 0 
P6: 1 0 0 
P7: 0 0 0 
", color = "orange"]
62[label = "Index: 62 
P2: 1 -1 0 
P3: 0 0 -1 
P4: 0 0 -1 
P5: 1 -1 0 
P6: 1 0 0 
P7: 0 0 0 
"]
63[label = "Index: 63 
P2: 1 -1 0 
P3: -1 0 -1 
P4: -1 0 -1 
P5: 0 -1 0 
P6: 0 0 0 
P7: 0 0 0 
"]
64[label = "Index: 64 
P2: 0 -1 0 
P3: -1 0 -1 
P4: -1 0 -1 
P5: 0 -1 0 
P6: 0 0 0 
P7: 0 0 0 
"]
65[label = "Index: 65 
P2: 1 -1 0 
P3: 0 0 -1 
P4: 0 0 -1 
P5: 0 0 0 
P6: 1 0 0 
P7: 0 0 0 
", color = "orange"]
66[label = "Index: 66 
P2: 1 -1 0 
P3: -1 0 -1 
P4: -1 0 -1 
P5: 0 0 0 
P6: 0 0 0 
P7: 0 0 0 
"]
67[label = "Index: 67 
P2: 0 -1 0 
P3: -1 0 -1 
P4: -1 0 -1 
P5: 0 0 0 
P6: 0 0 0 
P7: 0 0 0 
"]
68[label = "Index: 68 
P2: 1 -1 0 
P3: 0 0 -1 
P4: 0 0 0 
