digraph G {
color = "black"
0[label = "Index: 0 
P0: 0 0 0 
P1: 0 0 0 
P2: 0 0 0 
P3: 0 0 0 
P4: 0 0 0 
P5: 0 0 0 
", color = "green"]
1[label = "Index: 1 
P0: 1 0 0 
P1: 0 0 0 
P2: 0 0 0 
P3: 0 0 0 
P4: 0 0 0 
P5: 0 0 0 
", color = "orange"]
2[label = "Index: 2 
P0: 1 0 0 
P1: 0 0 1 
P2: 0 0 0 
P3: 0 0 0 
P4: 0 0 0 
P5: 0 0 0 
"]
3[label = "Index: 3 
P0: 1 0 0 
P1: 0 0 2 
P2: 0 0 0 
P3: 0 0 0 
P4: 0 0 0 
P5: 0 0 0 
", color = "orange"]
4[label = "Index: 4 
P0: 1 0 0 
P1: 0 0 2 
P2: 0 -1 0 
P3: 0 0 0 
P4: 0 0 0 
P5: 0 0 0 
", color = "orange"]
5[label = "Index: 5 
P0: 1 0 0 
P1: 0 0 2 
P2: 0 -1 0 
P3: 0 0 -1 
P4: 0 0 0 
P5: 0 0 0 
", color = "orange"]
6[label = "Index: 6 
P0: 1 0 0 
P1: 0 0 2 
P2: 0 -1 0 
P3: 0 0 -1 
P4: 0 -1 0 
P5: 0 0 0 
", color = "orange"]
7[label = "Index: 7 
P0: 1 0 0 
P1: 0 0 2 
P2: 0 -1 0 
P3: 0 0 -1 
P4: 0 -2 0 
P5: 0 0 0 
"]
8[label = "Index: 8 
P0: 2 0 0 
P1: 0 0 2 
P2: 0 -1 0 
P3: 0 0 -1 
P4: 0 -1 0 
P5: 0 0 0 
", color = "orange"]
9[label = "Index: 9 
P0: 2 0 0 
P1: 1 0 2 
P2: 0 -1 0 
P3: 0 0 -1 
P4: 0 -1 0 
P5: 0 0 0 
"]
10[label = "Index: 10 
P0: 2 0 0 
P1: 0 0 2 
P2: 0 -1 0 
P3: 0 0 -1 
P4: 0 -2 0 
P5: 0 0 0 
"]
11[label = "Index: 11 
P0: 2 0 0 
P1: 1 0 2 
P2: 0 -1 0 
P3: 0 0 -1 
P4: 0 -2 0 
P5: 0 0 0 
"]
12[label = "Index: 12 
P0: 2 0 1 
P1: 0 0 2 
P2: 0 -1 0 
P3: 0 0 -1 
P4: 0 -1 0 
P5: 0 0 0 
", color = "red"]
13[label = "Index: 13 
P0: 2 0 1 
P1: 0 0 3 
P2: 0 -1 0 
P3: 0 0 -1 
P4: 0 -1 0 
P5: 0 0 0 
", color = "purple"]
14[label = "Index: 14 
P0: 2 0 1 
P1: 1 0 2 
P2: 0 -1 0 
P3: 0 0 -1 
P4: 0 -1 0 
P5: 0 0 0 
", color = "purple"]
15[label = "Index: 15 
P0: 2 0 1 
P1: 0 0 2 
P2: 0 -1 0 
P3: 0 0 -1 
P4: 0 -2 0 
P5: 0 0 0 
", color = "purple"]
16[label = "Index: 16 
P0: 2 0 1 
P1: 0 0 3 
P2: 0 -1 0 
P3: 0 0 -1 
P4: 0 -2 0 
P5: 0 0 0 
", color = "purple"]
17[label = "Index: 17 
P0: 2 0 1 
P1: 1 0 2 
P2: 0 -1 0 
P3: 0 0 -1 
P4: 0 -2 0 
P5: 0 0 0 
", color = "purple"]
18[label = "Index: 18 
P1: 0 0 2 
P2: 0 -1 0 
P3: 0 0 -1 
P4: 0 -1 0 
P5: 0 0 0 
", color = "red"]
19[label = "Index: 19 
P2: 0 -1 0 
P3: 0 0 -1 
P4: 0 -1 0 
P5: 0 0 0 
", color = "green"]
20[label = "Index: 20 
P2: 0 -2 0 
P3: 0 0 -1 
P4: 0 -1 0 
P5: 0 0 0 
"]
21[label = "Index: 21 
P2: 0 -2 0 
P3: 0 -1 -1 
P4: 0 -1 0 
P5: 0 0 0 
"]
22[label = "Index: 22 
P2: 0 -1 0 
P3: 0 0 -1 
P4: 0 -2 0 
P5: 0 0 0 
"]
23[label = "Index: 23 
P2: 0 -1 0 
P3: 0 0 -1 
P4: 0 0 0 
P5: 0 0 0 
"]
24[label = "Index: 24 
P2: 0 -2 0 
P3: 0 0 -1 
P4: 0 -2 0 
P5: 0 0 0 
", color = "orange"]
25[label = "Index: 25 
P2: 0 -2 0 
P3: 0 -1 -1 
P4: 0 -2 0 
P5: 0 0 0 
"]
26[label = "Index: 26 
P2: 0 -2 -1 
P3: 0 0 -1 
P4: 0 -1 0 
P5: 0 0 0 
"]
27[label = "Index: 27 
P2: 0 -2 -1 
P3: 0 0 -2 
P4: 0 -1 0 
P5: 0 0 0 
"]
28[label = "Index: 28 
P2: 0 -2 0 
P3: 0 0 -1 
P4: 0 -3 0 
P5: 0 0 0 
"]
29[label = "Index: 29 
P2: 0 -2 0 
P3: 0 0 -1 
P4: 0 0 0 
P5: 0 0 0 
"]
30[label = "Index: 30 
P2: 0 -2 -1 
P3: 0 0 -2 
P4: 0 -1 -1 
P5: 0 0 0 
"]
31[label = "Index: 31 
P2: 0 -2 -1 
P3: 0 -1 -1 
P4: 0 -1 0 
P5: 0 0 0 
"]
32[label = "Index: 32 
P2: 0 -2 0 
P3: 0 -1 0 
P4: 0 -1 0 
P5: 0 0 0 
"]
33[label = "Index: 33 
P2: 0 -2 -1 
P3: 0 -1 -2 
P4: 0 -1 0 
P5: 0 0 0 
"]
34[label = "Index: 34 
P2: 0 -2 0 
P3: 0 -1 -1 
P4: 0 -3 0 
P5: 0 0 0 
"]
35[label = "Index: 35 
P2: 0 -2 0 
P3: 0 -1 -1 
P4: 0 0 0 
P5: 0 0 0 
"]
36[label = "Index: 36 
P2: 0 -2 -1 
P3: 0 -1 -1 
P4: 0 -1 -1 
P5: 0 0 0 
"]
37[label = "Index: 37 
P2: 0 -2 -1 
P3: 0 -1 -2 
P4: 0 -1 -1 
P5: 0 0 0 
"]
38[label = "Index: 38 
P2: 0 -1 0 
P3: 0 0 0 
P4: 0 0 0 
P5: 0 0 0 
"]
39[label = "Index: 39 
P2: 0 -2 -1 
P3: 0 0 -1 
P4: 0 -2 0 
P5: 0 0 0 
", color = "red"]
40[label = "Index: 40 
P2: 0 -2 -1 
P3: 0 0 -2 
P4: 0 -2 -1 
P5: 0 0 0 
"]
41[label = "Index: 41 
P2: 0 -2 -1 
P3: 0 -1 -1 
P4: 0 -2 0 
P5: 0 0 0 
"]
42[label = "Index: 42 
P2: 0 -2 -1 
P3: 0 -1 -2 
P4: 0 -2 0 
P5: 0 0 0 
"]
43[label = "Index: 43 
P2: 0 -2 -1 
P3: 0 -1 -2 
P4: 0 -2 -1 
P5: 0 0 0 
"]
44[label = "Index: 44 
P2: 0 -2 -1 
P3: 0 -2 -1 
P4: 0 -1 0 
P5: 0 0 0 
"]
45[label = "Index: 45 
P2: 0 -2 -1 
P3: 0 0 -1 
P4: 0 -3 0 
P5: 0 0 0 
"]
46[label = "Index: 46 
P2: 0 -2 -1 
P3: 0 0 -1 
P4: 0 0 0 
P5: 0 0 0 
"]
47[label = "Index: 47 
P2: 0 -2 -1 
P3: 0 -2 -1 
P4: 0 -3 0 
P5: 0 0 0 
"]
48[label = "Index: 48 
P2: -1 -2 -1 
P3: 0 0 -2 
P4: 0 -1 0 
P5: 0 0 0 
"]
49[label = "Index: 49 
P2: -2 -2 -1 
P3: 0 0 -2 
P4: 0 -1 0 
P5: 0 0 0 
"]
50[label = "Index: 50 
P2: 0 -2 -1 
P3: 0 0 -2 
P4: 0 0 0 
P5: 0 0 0 
"]
51[label = "Index: 51 
P2: 0 -2 0 
P3: 0 0 0 
P4: 0 -3 0 
P5: 0 0 0 
"]
52[label = "Index: 52 
P2: 0 -2 -1 
P3: 0 0 -1 
P4: 0 -3 -1 
P5: 0 0 0 
"]
53[label = "Index: 53 
P2: 0 -2 0 
P3: 0 0 0 
P4: 0 -3 1 
P5: 0 0 0 
"]
54[label = "Index: 54 
P2: 0 -2 -1 
P3: 0 0 -2 
P4: 0 -3 -1 
P5: 0 0 0 
"]
55[label = "Index: 55 
P2: -1 -2 0 
P3: 0 0 -1 
P4: 0 0 0 
P5: 0 0 0 
"]
56[label = "Index: 56 
P2: -2 -2 0 
P3: 0 0 -1 
P4: 0 0 0 
P5: 0 0 0 
"]
57[label = "Index: 57 
P2: 0 -2 0 
P3: 0 0 0 
P4: 0 0 0 
P5: 0 0 0 
"]
58[label = "Index: 58 
P2: 0 -2 -1 
P3: 0 -1 0 
P4: 0 -1 0 
P5: 0 0 0 
"]
59[label = "Index: 59 
P2: 0 -2 -1 
P3: 0 -1 -1 
P4: 0 -3 0 
P5: 0 0 0 
"]
60[label = "Index: 60 
P2: 0 -2 -1 
P3: 0 -1 -1 
P4: 0 0 0 
P5: 0 0 0 
"]
61[label = "Index: 61 
P2: 0 -2 -1 
P3: 0 -2 -1 
P4: 0 -2 0 
P5: 0 0 0 
"]
62[label = "Index: 62 
P2: 0 -1 0 
P3: 0 -1 0 
P4: 0 -1 0 
P5: 0 0 0 
"]
63[label = "Index: 63 
P2: 0 -2 0 
P3: 0 -2 0 
P4: 0 -2 0 
P5: 0 0 0 
"]
64[label = "Index: 64 
P2: -1 -2 -1 
P3: 0 -1 -2 
P4: 0 -1 0 
P5: 0 0 0 
"]
65[label = "Index: 65 
P2: -2 -2 -1 
P3: 0 -1 -2 
P4: 0 -1 0 
P5: 0 0 0 
"]
66[label = "Index: 66 
P2: 0 -2 -1 
P3: 1 -1 -2 
P4: 0 -1 0 
P5: 0 0 0 
"]
67[label = "Index: 67 
P2: 0 -2 -1 
P3: 2 -1 -2 
P4: 0 -1 0 
P5: 0 0 0 
"]
68[label = "Index: 68 
P2: 0 -2 -1 
P3: 0 -1 -2 
P4: 0 0 0 
P5: 0 0 0 
"]
69[label = "Index: 69 
P2: 0 -2 0 
P3: 0 -1 0 
P4: 0 -3 1 
P5: 0 0 0 
"]
70[label = "Index: 70 
P2: 0 -2 -1 
P3: 0 -1 -2 
P4: 0 -3 -1 
P5: 0 0 0 
"]
71[label = "Index: 71 
P2: -1 -2 0 
P3: 0 -1 -1 
P4: 0 0 0 
P5: 0 0 0 
"]
72[label = "Index: 72 
P2: -2 -2 0 
P3: 0 -1 -1 
P4: 0 0 0 
P5: 0 0 0 
"]
73[label = "Index: 73 
P2: 0 -2 0 
P3: 1 -1 -1 
P4: 0 0 0 
P5: 0 0 0 
"]
74[label = "Index: 74 
P2: 0 -2 -1 
P3: 0 -2 -1 
P4: 0 -2 -1 
P5: 0 0 0 
"]
75[label = "Index: 75 
P2: 0 0 0 
P3: 0 0 0 
P4: 0 0 0 
P5: 0 0 0 
"]
76[label = "Index: 76 
P2: 0 -2 -1 
P3: 0 0 -1 
P5: 0 0 0 
", color = "green"]
77[label = "Index: 77 
P2: 0 -2 0 
P3: 0 0 -1 
P5: 0 0 0 
"]
78[label = "Index: 78 
P2: 0 -2 -1 
P3: 0 -1 -1 
P5: 0 0 0 
"]
79[label = "Index: 79 
P2: 0 -2 -1 
P3: 0 -2 -1 
P5: 0 0 0 
"]
80[label = "Index: 80 
P2: 0 -2 -1 
P3: 0 0 -2 
P5: 0 0 0 
"]
81[label = "Index: 81 
P2: 0 -2 -1 
P3: 0 0 0 
P5: 0 0 0 
", color = "red"]
82[label = "Index: 82 
P2: 0 -2 0 
P3: 0 0 0 
P5: 0 0 0 
"]
83[label = "Index: 83 
P2: -1 -2 0 
P3: 0 0 -1 
P5: 0 0 0 
"]
84[label = "Index: 84 
P2: -2 -2 0 
P3: 0 0 -1 
P5: 0 0 0 
"]
85[label = "Index: 85 
P2: 0 -1 0 
P3: 0 0 -1 
P5: 0 0 0 
"]
86[label = "Index: 86 
P2: 0 -2 0 
P3: 0 -1 -1 
P5: 0 0 0 
"]
87[label = "Index: 87 
P2: 0 -2 -1 
P3: 0 -1 -2 
P5: 0 0 0 
"]
88[label = "Index: 88 
P2: 0 -2 -1 
P3: 0 -1 0 
P5: 0 0 0 
"]
89[label = "Index: 89 
P2: 0 -2 0 
P3: 0 -1 0 
P5: 0 0 0 
"]
90[label = "Index: 90 
P2: 0 -2 -1 
P3: 0 -2 0 
P5: 0 0 0 
"]
91[label = "Index: 91 
P2: 0 -2 0 
P3: 0 -2 0 
P5: 0 0 0 
"]
92[label = "Index: 92 
P2: -1 -2 -1 
P3: 0 0 -2 
P5: 0 0 0 
"]
93[label = "Index: 93 
P2: -2 -2 -1 
P3: 0 0 -2 
P5: 0 0 0 
"]
94[label = "Index: 94 
P2: 0 -2 -1 
P3: 1 0 -2 
P5: 0 0 0 
"]
95[label = "Index: 95 
P2: 0 -2 -1 
P3: 2 0 -2 
P5: 0 0 0 
"]
96[label = "Index: 96 
P3: 0 0 0 
P5: 0 0 0 
", color = "red"]
97[label = "Index: 97 
P5: 0 0 0 
", color = "blue"]
0 -> 1

1 -> 0
1 -> 2
1 -> 3

2 -> 1
2 -> 3

3 -> 1
3 -> 2
3 -> 4

4 -> 3
4 -> 5

5 -> 4
5 -> 6
5 -> 7

6 -> 5
6 -> 8
6 -> 9
6 -> 7

7 -> 5
7 -> 6
7 -> 10
7 -> 11

8 -> 6
8 -> 12
8 -> 9
8 -> 13
8 -> 10

9 -> 6
9 -> 8
9 -> 14
9 -> 11

10 -> 7
10 -> 8
10 -> 15
10 -> 11
10 -> 16

11 -> 7
11 -> 9
11 -> 10
11 -> 17

