digraph G {
color = "black"
0[label = "Index: 0 
P0: 0 0 0 
P1: 0 0 0 
P2: 0 0 0 
P3: 0 0 0 
", color = "green"]
1[label = "Index: 1 
P0: 0 0 -1 
P1: 0 0 0 
P2: 0 0 0 
P3: 0 0 0 
", color = "orange"]
2[label = "Index: 2 
P0: 0 0 -1 
P1: -1 0 0 
P2: 0 0 0 
P3: 0 0 0 
"]
3[label = "Index: 3 
P0: 0 0 -1 
P1: -2 0 0 
P2: 0 0 0 
P3: 0 0 0 
"]
4[label = "Index: 4 
P0: 0 0 -1 
P1: -1 0 0 
P2: -1 0 0 
P3: 0 0 0 
", color = "orange"]
5[label = "Index: 5 
P0: 0 0 -1 
P1: -2 0 0 
P2: -1 0 0 
P3: 0 0 0 
"]
6[label = "Index: 6 
P0: 0 0 -1 
P1: -1 0 0 
P2: -1 -1 0 
P3: 0 0 0 
", color = "orange"]
7[label = "Index: 7 
P0: 0 0 -1 
P1: -1 -1 0 
P2: -1 -1 0 
P3: 0 0 0 
"]
8[label = "Index: 8 
P0: 0 0 -1 
P1: -2 0 0 
P2: -1 -1 0 
P3: 0 0 0 
"]
9[label = "Index: 9 
P0: 0 0 -1 
P1: -2 -1 0 
P2: -1 -1 0 
P3: 0 0 0 
"]
10[label = "Index: 10 
P0: 0 0 -1 
P1: 0 0 0 
P2: -1 -1 0 
P3: 0 0 0 
", color = "orange"]
11[label = "Index: 11 
P0: 0 0 -1 
P1: 0 0 0 
P2: -1 -1 1 
P3: 0 0 0 
", color = "red"]
12[label = "Index: 12 
P0: 0 0 0 
P1: 0 0 0 
P2: -1 -1 1 
P3: 0 0 0 
", color = "purple"]
13[label = "Index: 13 
P0: 0 0 -1 
P1: 0 0 0 
P3: 0 0 0 
", color = "red"]
14[label = "Index: 14 
P0: 0 0 0 
P1: 0 0 0 
P3: 0 0 0 
"]
15[label = "Index: 15 
P0: 0 0 -1 
P3: 0 0 0 
", color = "green"]
16[label = "Index: 16 
P0: 0 0 0 
P3: 0 0 0 
"]
17[label = "Index: 17 
P0: 0 0 1 
P3: 0 0 0 
", color = "red"]
18[label = "Index: 18 
P3: 0 0 0 
", color = "blue"]
0 -> 1

1 -> 0
1 -> 2
1 -> 3
1 -> 4

2 -> 1
2 -> 3
2 -> 4
2 -> 5

3 -> 1
3 -> 2
3 -> 5

4 -> 1
4 -> 2
4 -> 5
4 -> 6
4 -> 7

5 -> 2
5 -> 3
5 -> 4
5 -> 8
5 -> 9

6 -> 4
6 -> 8
6 -> 10
6 -> 7

7 -> 4
7 -> 6
7 -> 9

8 -> 5
8 -> 6
8 -> 10
8 -> 9

9 -> 5
9 -> 7
9 -> 8

10 -> 6
10 -> 8
10 -> 11
10 -> 12

11 -> 10
11 -> 12
11 -> 13[style=bold label=" Remove P2 "];


12 -> 10
12 -> 11

13 -> 14
13 -> 15

14 -> 13

15 -> 16
15 -> 17

16 -> 15
16 -> 17

17 -> 15
17 -> 16
17 -> 18[style=bold label=" Remove P0 "];


}
