digraph G {
color = "black"
0[label = "Index: 0 
P0: 0 0 0 
P1: 0 0 0 
P2: 0 0 0 
P3: 0 0 0 
P4: 0 0 0 
", color = "green"]
1[label = "Index: 1 
P0: 0 0 -1 
P1: 0 0 -1 
P2: 0 0 -1 
P3: 0 0 -1 
P4: 0 0 0 
", color = "orange"]
2[label = "Index: 2 
P0: 0 1 -1 
P1: 0 0 -1 
P2: 0 0 -1 
P3: 0 0 -1 
P4: 0 0 0 
", color = "orange"]
3[label = "Index: 3 
P0: 0 1 -1 
P1: 0 0 -2 
P2: 0 0 -1 
P3: 0 0 -1 
P4: 0 0 0 
"]
4[label = "Index: 4 
P0: 0 1 -1 
P1: 0 0 -1 
P2: 1 0 -1 
P3: 0 0 -1 
P4: 0 0 0 
"]
5[label = "Index: 5 
P0: 0 1 -1 
P1: 0 0 -1 
P2: 2 0 -1 
P3: 0 0 -1 
P4: 0 0 0 
", color = "orange"]
6[label = "Index: 6 
P0: 0 1 -1 
P1: 0 0 -2 
P2: 1 0 -1 
P3: 0 0 -1 
P4: 0 0 0 
"]
7[label = "Index: 7 
P0: 0 1 -1 
P1: 0 0 -2 
P2: 2 0 -1 
P3: 0 0 -1 
P4: 0 0 0 
"]
8[label = "Index: 8 
P0: 0 2 -1 
P1: 0 0 -1 
P2: 2 0 -1 
P3: 0 0 -1 
P4: 0 0 0 
", color = "orange"]
9[label = "Index: 9 
P0: 0 2 -1 
P1: 0 0 -2 
P2: 2 0 -1 
P3: 0 0 -1 
P4: 0 0 0 
"]
10[label = "Index: 10 
P0: 0 2 -2 
P1: 0 0 -2 
P2: 2 0 -1 
P3: 0 0 -1 
P4: 0 0 0 
", color = "orange"]
11[label = "Index: 11 
P0: 0 3 -2 
P1: 0 0 -2 
P2: 2 0 -1 
P3: 0 0 -1 
P4: 0 0 0 
"]
12[label = "Index: 12 
P0: 0 2 -2 
P1: 0 0 -2 
P2: 1 0 -1 
P3: 0 0 -1 
P4: 0 0 0 
", color = "orange"]
13[label = "Index: 13 
P0: 0 2 -2 
P1: 0 0 -3 
P2: 1 0 -1 
P3: 0 0 -1 
P4: 0 0 0 
", color = "orange"]
14[label = "Index: 14 
P0: -1 2 -2 
P1: -1 0 -3 
P2: 0 0 -1 
P3: 0 0 -1 
P4: 0 0 0 
", color = "orange"]
15[label = "Index: 15 
P0: -1 1 -2 
P1: -1 0 -3 
P2: 0 0 -1 
P3: 0 0 -1 
P4: 0 0 0 
"]
16[label = "Index: 16 
P0: -1 2 -3 
P1: -1 0 -3 
P2: 0 0 -1 
P3: 0 0 -1 
P4: 0 0 0 
", color = "red"]
17[label = "Index: 17 
P0: -1 2 -2 
P1: -1 0 -2 
P2: 0 0 0 
P3: 0 0 0 
P4: 0 0 0 
", color = "purple"]
18[label = "Index: 18 
P0: -1 2 -1 
P1: -1 0 -2 
P2: 0 0 0 
P3: 0 0 0 
P4: 0 0 0 
"]
19[label = "Index: 19 
P0: -1 1 -3 
P1: -1 0 -3 
P2: 0 0 -1 
P3: 0 0 -1 
P4: 0 0 0 
", color = "purple"]
20[label = "Index: 20 
P0: -1 1 -2 
P1: -1 0 -2 
P2: 0 0 0 
P3: 0 0 0 
P4: 0 0 0 
", color = "purple"]
21[label = "Index: 21 
P0: -1 1 -1 
P1: -1 0 -2 
P2: 0 0 0 
P3: 0 0 0 
P4: 0 0 0 
"]
22[label = "Index: 22 
P1: -1 0 -3 
P2: 0 0 -1 
P3: 0 0 -1 
P4: 0 0 0 
", color = "green"]
23[label = "Index: 23 
P1: 0 0 -3 
P2: 0 0 -1 
P3: 0 0 -1 
P4: 0 0 0 
", color = "orange"]
24[label = "Index: 24 
P1: 0 0 -3 
P2: 1 0 -1 
P3: 0 0 -1 
P4: 0 0 0 
"]
25[label = "Index: 25 
P1: -1 0 -2 
P2: 0 0 0 
P3: 0 0 0 
P4: 0 0 0 
"]
26[label = "Index: 26 
P1: 0 0 -4 
P2: 0 0 -1 
P3: 0 0 -1 
P4: 0 0 0 
", color = "red"]
27[label = "Index: 27 
P1: 0 0 -2 
P2: 0 0 -1 
P3: 0 0 -1 
P4: 0 0 0 
"]
28[label = "Index: 28 
P1: 0 0 -1 
P2: 0 0 -1 
P3: 0 0 -1 
P4: 0 0 0 
"]
29[label = "Index: 29 
P1: 0 0 -3 
P2: 0 0 0 
P3: 0 0 0 
P4: 0 0 0 
"]
30[label = "Index: 30 
P1: 0 0 -2 
P2: 0 0 0 
P3: 0 0 0 
P4: 0 0 0 
"]
31[label = "Index: 31 
P1: 0 0 -2 
P2: 1 0 -1 
P3: 0 0 -1 
P4: 0 0 0 
"]
32[label = "Index: 32 
P1: 0 0 -1 
P2: 1 0 -1 
P3: 0 0 -1 
P4: 0 0 0 
"]
33[label = "Index: 33 
P3: 0 0 -1 
P4: 0 0 0 
", color = "red"]
34[label = "Index: 34 
P4: 0 0 0 
", color = "blue"]
0 -> 1

1 -> 0
1 -> 2

2 -> 1
2 -> 3
2 -> 4
2 -> 5

3 -> 2
3 -> 6
3 -> 7

4 -> 2
4 -> 6
4 -> 5

5 -> 2
5 -> 4
5 -> 8
5 -> 7

6 -> 3
6 -> 4
6 -> 7

7 -> 3
7 -> 5
7 -> 6
7 -> 9

8 -> 5
8 -> 9
8 -> 10

9 -> 7
9 -> 8
9 -> 10

10 -> 8
10 -> 9
10 -> 11
10 -> 12

11 -> 10

12 -> 10
12 -> 13

13 -> 12
13 -> 14

14 -> 13
14 -> 15
14 -> 16
14 -> 17
14 -> 18

15 -> 14
15 -> 19
15 -> 20
15 -> 21

16 -> 14
16 -> 22

17 -> 14
17 -> 18

18 -> 14
18 -> 21
18 -> 17

19 -> 15

20 -> 15
20 -> 21

21 -> 15
21 -> 18
21 -> 20

22 -> 23
22 -> 24
22 -> 25

23 -> 22
23 -> 26
23 -> 27
23 -> 28
23 -> 24
23 -> 29
23 -> 30

24 -> 22
24 -> 23
24 -> 31
24 -> 32

25 -> 22
25 -> 30

26 -> 23
26 -> 27
26 -> 28
26 -> 33[style=bold label=" Remove P1 P2 "];


27 -> 23
27 -> 26

28 -> 23
28 -> 26

29 -> 23

30 -> 23
30 -> 25

31 -> 24

32 -> 24

33 -> 34[style=bold label=" Remove P3 "];


}
