graph G {
color = "black"
0 [label = "P1: 0 0 0 
P2: 0 0 0 
P3: 0 0 0 
P4: 0 0 0 
",  style="filled", fillcolor = "#96FF96"];
1 [label = "P1: 0 -1 0 
P2: 0 0 0 
P3: 0 0 0 
P4: 0 0 0 
"];
2 [label = "P1: 0 -1 0 
P2: -1 0 0 
P3: 0 0 0 
P4: 0 0 0 
"];
3 [label = "P1: 0 -1 0 
P2: -1 0 0 
P3: -1 0 0 
P4: 0 0 0 
"];
4 [label = "P1: 0 -2 0 
P2: -1 0 0 
P3: 0 0 0 
P4: 0 0 0 
"];
5 [label = "P1: 0 -2 0 
P2: -2 0 0 
P3: 0 0 0 
P4: 0 0 0 
"];
6 [label = "P1: 0 -2 -1 
P2: -2 0 -1 
P3: 0 0 0 
P4: 0 0 0 
"];
7 [label = "P1: 0 -2 -1 
P2: -2 0 -1 
P3: 0 0 0 
P4: 1 0 0 
"];
8 [label = "P1: 0 -2 -1 
P2: -2 0 -1 
P3: 0 0 0 
P4: 1 1 0 
"];
9 [label = "P1: 0 -2 0 
P2: -2 0 0 
P3: 0 0 0 
P4: 1 1 0 
"];
10 [label = "P1: 0 -2 0 
P2: -2 0 0 
P3: 0 1 0 
P4: 1 1 0 
"];
11 [label = "P1: -2 -3 0 
P2: -3 -1 0 
P3: -1 0 0 
P4: 0 0 0 
"];
12 [label = "P1: -1 -2 0 
P2: -3 0 0 
P3: 0 1 0 
P4: 1 1 0 
"];
13 [label = "P1: -1 -3 0 
P2: -3 -1 0 
P3: 0 0 0 
P4: 0 0 0 
"];
14 [label = "P1: -1 -2 0 
P2: -3 0 0 
P3: 0 1 0 
P4: 1 2 0 
"];
15 [label = "P1: -1 -2 1 
P2: -3 0 1 
P3: 0 1 0 
P4: 1 2 0 
"];
16 [label = "P1: -1 -2 1 
P2: -3 0 1 
P3: 0 2 0 
P4: 1 2 0 
"];
17 [label = "P1: -1 -2 1 
P2: -3 0 1 
P3: 0 2 0 
P4: 1 2 -1 
"];
18 [label = "P1: -2 -4 3 
P2: -4 -2 3 
P3: -1 0 2 
P4: 0 0 0 
"];
19 [label = "P1: -1 -2 1 
P2: -2 0 1 
P3: 0 2 0 
P4: 1 2 -1 
",  style="filled", fillcolor = "#FF9696"];
20 [label = "P1: -2 -5 2 
P2: -4 -3 2 
P3: -1 0 1 
P4: 0 0 0 
",  style="filled", fillcolor = "#FF9696"];
21 [label = "P1: -2 -4 2 
P2: -4 -2 2 
P3: -2 0 1 
P4: 0 0 0 
",  style="filled", fillcolor = "#FF9696"];
22 [label = "P1: -3 -4 2 
P2: -4 -2 2 
P3: -2 0 1 
P4: 0 0 0 
",  style="filled", fillcolor = "#FF9696"];
23 [label = "P1: -3 -4 2 
P2: -5 -2 2 
P3: -2 0 1 
P4: 0 0 0 
"];
24 [label = "P1: -2 -4 3 
P2: -3 -2 3 
P3: -1 0 2 
P4: 0 0 0 
",  style="filled", fillcolor = "#FF9696"];
25 [label = "P1: -1 -4 3 
P2: -3 -2 3 
P3: -1 0 2 
P4: 0 0 0 
",  style="filled", fillcolor = "#FF9696"];
26 [label = "P1: -2 -5 3 
P2: -4 -3 3 
P3: -1 0 2 
P4: 0 0 0 
",  style="filled", fillcolor = "#FF9696"];
27 [label = "P1: -2 -3 3 
P2: -4 -1 3 
P3: -1 0 2 
P4: 0 0 0 
"];
28 [label = "P1: -3 -5 2 
P2: -4 -3 2 
P3: -1 0 1 
P4: 0 0 0 
"];
29 [label = "P1: -2 -5 2 
P2: -3 -3 2 
P3: -1 0 1 
P4: 0 0 0 
"];
30 [label = "P1: -2 -4 1 
P2: -4 -2 1 
P3: -2 0 1 
P4: 0 0 0 
"];
31 [label = "P1: -3 -5 2 
P2: -5 -3 2 
P3: -2 0 1 
P4: 0 0 0 
",  style="filled", fillcolor = "#FF9696"];
32 [label = "P1: -3 -3 2 
P2: -5 -1 2 
P3: -2 0 1 
P4: 0 0 0 
"];
33 [label = "P1: -3 -4 2 
P2: -5 -2 2 
P3: -2 -1 1 
P4: 0 0 0 
"];
34 [label = "P1: -3 -5 2 
P2: -5 -3 2 
P3: -2 -1 1 
P4: 0 0 0 
"];
35 [label = "P1: -3 -5 3 
P2: -4 -3 3 
P3: -1 0 2 
P4: 0 0 0 
"];
36 [label = "P1: -2 -5 3 
P2: -3 -3 3 
P3: -1 0 2 
P4: 0 0 0 
"];
37 [label = "P1: -2 -4 1 
P2: -4 -2 1 
P3: -2 -1 1 
P4: 0 0 0 
"];
38 [label = "P1: -3 -4 1 
P2: -4 -2 1 
P3: -2 0 1 
P4: 0 0 0 
",  style="filled", fillcolor = "#FF9696"];
39 [label = "P1: -4 -5 2 
P2: -5 -3 2 
P3: -2 0 1 
P4: 0 0 0 
"];
40 [label = "P1: -3 -5 2 
P2: -4 -3 2 
P3: -2 0 1 
P4: 0 0 0 
"];
41 [label = "P1: -3 -3 1 
P2: -5 -1 1 
P3: -2 0 1 
P4: 0 0 0 
"];
42 [label = "P1: -3 -6 2 
P2: -5 -4 2 
P3: -2 -1 1 
P4: 0 0 0 
",  style="filled", fillcolor = "#FF9696"];
43 [label = "P1: -3 -4 1 
P2: -5 -2 1 
P3: -2 -1 1 
P4: 0 0 0 
"];
44 [label = "P1: -3 -5 2 
P2: -4 -3 2 
P3: -2 -1 1 
P4: 0 0 0 
",  style="filled", fillcolor = "#FF9696"];
45 [label = "P1: -2 -5 2 
P2: -4 -3 2 
P3: -2 -1 1 
P4: 0 0 0 
",  style="filled", fillcolor = "#FF9696"];
46 [label = "P1: -3 -4 1 
P2: -4 -2 1 
P3: -2 -1 1 
P4: 0 0 0 
",  style="filled", fillcolor = "#FF9696"];
47 [label = "P1: -3 -3 1 
P2: -4 -1 1 
P3: -2 0 1 
P4: 0 0 0 
",  style="filled", fillcolor = "#FF9696"];
48 [label = "P1: -4 -6 2 
P2: -5 -4 2 
P3: -2 -1 1 
P4: 0 0 0 
"];
49 [label = "P1: -3 -6 2 
P2: -4 -4 2 
P3: -2 -1 1 
P4: 0 0 0 
"];
50 [label = "P1: -2 -4 2 
",  style="filled", fillcolor = "#FF96FF"];
51 [label = "P2: -2 0 1 
P3: 0 2 0 
P4: 1 2 -1 
"];
52 [label = "P2: -3 -2 2 
",  style="filled", fillcolor = "#FF96FF"];
53 [label = "P3: 0 2 0 
P4: 1 2 -1 
"];
54 [label = "P3: -2 0 1 
P4: 0 0 0 
"];
55 [label = "P3: 0 2 -1 
P4: 1 2 -1 
"];
56 [label = "P3: -1 0 2 
P4: 0 0 0 
"];
57 [label = "P3: -2 -1 1 
P4: 0 0 0 
"];
58 [label = "P3: 0 0 0 
P4: 0 0 0 
"];
59 [label = "P3: -1 -1 0 
P4: 0 0 0 
"];
60 [label = "P3: 0 0 -1 
P4: 1 2 -1 
"];
61 [label = "P3: 0 0 -1 
", style="filled", fillcolor = "#9696FF"];
62 [label = "P4: 0 0 0 
",  style="filled", fillcolor = "#FF96FF"];
edge [style=bold];
0 -- 1 [color="#1E96FF", penwidth=4.0];

1 -- 2 [color="#1E96FF", penwidth=4.0];
1 -- 3 [color=black];

2 -- 4 [color="#1E96FF", penwidth=4.0];
2 -- 3 [color=black];


4 -- 5 [color="#1E96FF", penwidth=4.0];

5 -- 6 [color="#1E96FF", penwidth=4.0];

6 -- 7 [color="#1E96FF", penwidth=4.0];

7 -- 8 [color="#1E96FF", penwidth=4.0];

8 -- 9 [color="#1E96FF", penwidth=4.0];

9 -- 10 [color="#1E96FF", penwidth=4.0];

10 -- 11 [color=black];
10 -- 12 [color="#1E96FF", penwidth=4.0];
10 -- 13 [color=black];

11 -- 12 [color=black];
11 -- 13 [color=black];

12 -- 13 [color=black];
12 -- 14 [color="#1E96FF", penwidth=4.0];


14 -- 15 [color="#1E96FF", penwidth=4.0];

15 -- 16 [color="#1E96FF", penwidth=4.0];

16 -- 17 [color="#1E96FF", penwidth=4.0];
16 -- 18 [color=black];

17 -- 19 [color="#1E96FF", penwidth=4.0];
17 -- 20 [color=black];
17 -- 21 [color=black];
17 -- 22 [color=black];
17 -- 23 [color=black];
17 -- 18 [color=black];

18 -- 24 [color=black];
18 -- 25 [color=black];
18 -- 26 [color=black];
18 -- 27 [color=black];

19 -- 51 [color="#1E96FF", penwidth=4.0];
19 -- 50 [color=black];

20 -- 28 [color=black];
20 -- 29 [color=black];

21 -- 22 [color=black];
21 -- 23 [color=black];
21 -- 30 [color=black];

22 -- 23 [color=black];

23 -- 31 [color=black];
23 -- 32 [color=black];
23 -- 33 [color=black];
23 -- 34 [color=black];

24 -- 25 [color=black];


26 -- 35 [color=black];
26 -- 36 [color=black];
26 -- 27 [color=black];




30 -- 37 [color=black];
30 -- 38 [color=black];

31 -- 39 [color=black];
31 -- 40 [color=black];
31 -- 32 [color=black];
31 -- 34 [color=black];

32 -- 41 [color=black];
32 -- 33 [color=black];

33 -- 34 [color=black];
33 -- 42 [color=black];
33 -- 43 [color=black];

34 -- 44 [color=black];
34 -- 45 [color=black];
34 -- 42 [color=black];



37 -- 43 [color=black];
37 -- 46 [color=black];




41 -- 47 [color=black];
41 -- 43 [color=black];

42 -- 48 [color=black];
42 -- 49 [color=black];

43 -- 46 [color=black];

44 -- 45 [color=black];






51 -- 53 [color="#1E96FF", penwidth=4.0];
51 -- 52 [color=black];

53 -- 54 [color=black];
53 -- 55 [color="#1E96FF", penwidth=4.0];
53 -- 56 [color=black];

54 -- 57 [color=black];

55 -- 58 [color=black];
55 -- 59 [color=black];
55 -- 60 [color="#1E96FF", penwidth=4.0];
55 -- 56 [color=black];




59 -- 60 [color=black];

60 -- 62 [color=black];
60 -- 61 [color="#1E96FF", penwidth=4.0];

}
