digraph G {
color = "black"
0[label = "Index: 0 
P0: 0 0 0 
P1: 0 0 0 
P2: 0 0 0 
P3: 0 0 0 
", style="filled", fillcolor = "green"]
1[label = "Index: 1 
P0: 0 0 -1 
P1: 0 0 0 
P2: 0 0 0 
P3: 0 0 0 
", color = "orange"]
2[label = "Index: 2 
P0: 0 0 -1 
P1: 1 0 0 
P2: 0 0 0 
P3: 0 0 0 
", color = "orange"]
3[label = "Index: 3 
P0: 0 0 -1 
P1: 1 0 0 
P2: 0 0 1 
P3: 0 0 0 
"]
4[label = "Index: 4 
P0: 0 0 -1 
P1: 1 0 0 
P2: 0 0 2 
P3: 0 0 0 
", color = "orange"]
5[label = "Index: 5 
P0: 0 -1 -1 
P1: 1 0 0 
P2: 0 0 2 
P3: 0 0 0 
", color = "orange"]
6[label = "Index: 6 
P0: 0 -1 -1 
P1: 2 0 0 
P2: 0 0 2 
P3: 0 0 0 
", color = "orange"]
7[label = "Index: 7 
P0: 0 -1 -1 
P1: 2 0 1 
P2: 0 0 2 
P3: 0 0 0 
", color = "orange"]
8[label = "Index: 8 
P0: 0 0 -1 
P1: 2 0 1 
P2: 0 0 2 
P3: 0 0 0 
", color = "orange"]
9[label = "Index: 9 
P0: 0 0 -1 
P1: 2 0 1 
P2: 1 0 2 
P3: 0 0 0 
"]
10[label = "Index: 10 
P0: 0 0 -1 
P1: 3 0 1 
P2: 1 0 2 
P3: 0 0 0 
", color = "orange"]
11[label = "Index: 11 
P0: 0 0 -1 
P1: 2 0 2 
P2: 1 0 2 
P3: 0 0 0 
"]
12[label = "Index: 12 
P0: 0 0 -1 
P1: 3 1 1 
P2: 1 0 2 
P3: 0 0 0 
", color = "orange"]
13[label = "Index: 13 
P0: 0 0 -1 
P1: 3 1 1 
P2: 0 0 2 
P3: 0 0 0 
", color = "orange"]
14[label = "Index: 14 
P0: 0 -1 -1 
P1: 3 1 1 
P2: 0 0 2 
P3: 0 0 0 
"]
15[label = "Index: 15 
P0: 0 1 -1 
P1: 3 1 1 
P2: 0 0 2 
P3: 0 0 0 
", color = "orange"]
16[label = "Index: 16 
P0: 0 0 0 
P1: 3 1 1 
P2: 0 0 2 
P3: 0 0 0 
"]
17[label = "Index: 17 
P0: 0 1 -2 
P1: 3 1 1 
P2: 0 0 2 
P3: 0 0 0 
", color = "orange"]
18[label = "Index: 18 
P0: -1 1 -2 
P1: 3 1 1 
P2: 0 0 2 
P3: 0 0 0 
", style="filled", fillcolor = "red"]
19[label = "Index: 19 
P0: 0 1 -2 
P1: 3 1 1 
P2: 1 0 2 
P3: 0 0 0 
"]
20[label = "Index: 20 
P0: 0 1 -2 
P1: 3 0 1 
P2: 1 0 2 
P3: 0 0 0 
"]
21[label = "Index: 21 
P0: 0 1 -2 
P1: 2 0 1 
P2: 1 0 2 
P3: 0 0 0 
"]
22[label = "Index: 22 
P0: 0 1 -2 
P1: 2 0 1 
P2: 0 0 2 
P3: 0 0 0 
"]
23[label = "Index: 23 
P0: -1 1 -2 
P1: 2 0 1 
P2: 0 0 2 
P3: 0 0 0 
", color = "purple"]
24[label = "Index: 24 
P0: 0 1 -2 
P1: 2 0 2 
P2: 1 0 2 
P3: 0 0 0 
"]
25[label = "Index: 25 
P0: -1 1 -2 
", color = "fuchsia"]
26[label = "Index: 26 
P1: 3 1 1 
P2: 0 0 2 
P3: 0 0 0 
", color = "orange"]
27[label = "Index: 27 
P1: 3 1 1 
P2: 1 0 2 
P3: 0 0 0 
", color = "orange"]
28[label = "Index: 28 
P1: 3 0 1 
P2: 1 0 2 
P3: 0 0 0 
", color = "orange"]
29[label = "Index: 29 
P1: 2 0 1 
P2: 1 0 2 
P3: 0 0 0 
"]
30[label = "Index: 30 
P1: 3 0 1 
P2: 2 0 2 
P3: 0 0 0 
", color = "red"]
31[label = "Index: 31 
P1: 2 0 1 
P2: 0 0 2 
P3: 0 0 0 
"]
32[label = "Index: 32 
P1: 4 0 1 
P2: 2 0 2 
P3: 0 0 0 
"]
33[label = "Index: 33 
P1: 2 0 0 
P2: 1 0 2 
P3: 0 0 0 
"]
34[label = "Index: 34 
P1: 2 0 2 
P2: 1 0 2 
P3: 0 0 0 
"]
35[label = "Index: 35 
P1: 2 0 1 
P2: 1 0 1 
P3: 0 0 0 
"]
36[label = "Index: 36 
P1: 2 0 0 
P2: 1 0 1 
P3: 0 0 0 
"]
37[label = "Index: 37 
P1: 3 0 2 
P2: 2 0 2 
P3: 0 0 0 
"]
38[label = "Index: 38 
P2: 2 0 2 
", color = "fuchsia"]
39[label = "Index: 39 
P1: 3 0 1 
P3: 0 0 0 
", color = "red"]
40[label = "Index: 40 
P1: 3 0 1 
", style="filled", fillcolor = "blue"]
41[label = "Index: 41 
P3: 0 0 0 
", color = "fuchsia"]
0 -> 1

1 -> 0
1 -> 2

2 -> 1
2 -> 3
2 -> 4

3 -> 2
3 -> 4

4 -> 2
4 -> 3
4 -> 5

5 -> 4
5 -> 6

6 -> 5
6 -> 7

7 -> 6
7 -> 8

8 -> 7
8 -> 9
8 -> 10

9 -> 8
9 -> 10
9 -> 11

10 -> 8
10 -> 9
10 -> 12

11 -> 9

12 -> 10
12 -> 13

13 -> 12
13 -> 14
13 -> 15
13 -> 16

14 -> 13
14 -> 15

15 -> 13
15 -> 14
15 -> 17

16 -> 13

17 -> 15
17 -> 18
17 -> 19

18 -> 17
18 -> 19
18 -> 26
18 -> 25

19 -> 17
19 -> 20
19 -> 18

20 -> 19
20 -> 21
20 -> 22
20 -> 23

21 -> 20
21 -> 24
21 -> 22
21 -> 23

22 -> 20
22 -> 21
22 -> 23

23 -> 20
23 -> 21
23 -> 22

24 -> 21

26 -> 27

27 -> 26
27 -> 28

28 -> 27
28 -> 29
28 -> 30
28 -> 31
28 -> 32

29 -> 28
29 -> 33
29 -> 34
29 -> 31
29 -> 35
29 -> 30
29 -> 36

30 -> 28
30 -> 29
30 -> 32
30 -> 37
30 -> 39
30 -> 38

31 -> 28
31 -> 29

32 -> 28
32 -> 30

33 -> 29

34 -> 29

35 -> 29

36 -> 29

37 -> 30

39 -> 41
39 -> 40

}
