digraph G {
color = "black"
0[label = "Index: 0 
P0: 0 0 0 
P1: 0 0 0 
P2: 0 0 0 
", style="filled", fillcolor = "green"]
1[label = "Index: 1 
P0: 0 0 1 
P1: 0 0 0 
P2: 0 0 0 
"]
2[label = "Index: 2 
P0: 0 0 2 
P1: 0 0 0 
P2: 0 0 0 
"]
3[label = "Index: 3 
P0: 0 0 3 
P1: 0 0 0 
P2: 0 0 0 
", color = "orange"]
4[label = "Index: 4 
P0: 0 0 4 
P1: 0 0 0 
P2: 0 0 0 
"]
5[label = "Index: 5 
P0: 0 0 5 
P1: 0 0 0 
P2: 0 0 0 
"]
6[label = "Index: 6 
P0: 0 0 6 
P1: 0 0 0 
P2: 0 0 0 
"]
7[label = "Index: 7 
P0: 0 0 7 
P1: 0 0 0 
P2: 0 0 0 
"]
8[label = "Index: 8 
P0: 0 0 8 
P1: 0 0 0 
P2: 0 0 0 
"]
9[label = "Index: 9 
P0: 0 0 9 
P1: 0 0 0 
P2: 0 0 0 
"]
10[label = "Index: 10 
P0: 0 0 3 
P1: 0 1 0 
P2: 0 0 0 
"]
11[label = "Index: 11 
P0: 0 0 3 
P1: 0 2 0 
P2: 0 0 0 
", color = "orange"]
12[label = "Index: 12 
P0: 1 0 3 
P1: 0 2 0 
P2: 0 0 0 
"]
13[label = "Index: 13 
P0: 0 0 3 
P1: -1 2 0 
P2: 0 0 0 
"]
14[label = "Index: 14 
P0: 0 0 3 
P1: -2 2 0 
P2: 0 0 0 
", style="filled", fillcolor = "red"]
15[label = "Index: 15 
P0: 1 0 4 
P1: 0 2 0 
P2: 0 0 0 
"]
16[label = "Index: 16 
P0: 1 0 3 
P1: -1 2 0 
P2: 0 0 0 
"]
17[label = "Index: 17 
P0: 1 0 3 
P1: -2 2 0 
P2: 0 0 0 
", color = "purple"]
18[label = "Index: 18 
P0: 0 0 4 
P1: -1 2 0 
P2: 0 0 0 
"]
19[label = "Index: 19 
P0: 0 0 3 
P1: -1 3 0 
P2: 0 0 0 
", color = "purple"]
20[label = "Index: 20 
P0: 0 0 4 
P1: -2 2 0 
P2: 0 0 0 
", color = "purple"]
21[label = "Index: 21 
P0: 0 0 5 
P1: -2 2 0 
P2: 0 0 0 
", color = "purple"]
22[label = "Index: 22 
P0: 0 0 6 
P1: -2 2 0 
P2: 0 0 0 
", color = "purple"]
23[label = "Index: 23 
P0: 0 0 7 
P1: -2 2 0 
P2: 0 0 0 
", color = "purple"]
24[label = "Index: 24 
P0: 0 0 8 
P1: -2 2 0 
P2: 0 0 0 
", color = "purple"]
25[label = "Index: 25 
P0: 0 0 9 
P1: -2 2 0 
P2: 0 0 0 
"]
26[label = "Index: 26 
P0: 0 0 10 
P1: -2 2 0 
P2: 0 0 0 
"]
27[label = "Index: 27 
P0: 1 0 4 
P1: -1 2 0 
P2: 0 0 0 
"]
28[label = "Index: 28 
P0: 1 0 4 
P1: -2 2 0 
P2: 0 0 0 
", color = "purple"]
29[label = "Index: 29 
P0: 1 0 5 
P1: -1 2 0 
P2: 0 0 0 
"]
30[label = "Index: 30 
P0: 1 0 6 
P1: -1 2 0 
P2: 0 0 0 
"]
31[label = "Index: 31 
P0: 1 0 7 
P1: -1 2 0 
P2: 0 0 0 
"]
32[label = "Index: 32 
P0: 1 0 8 
P1: -1 2 0 
P2: 0 0 0 
"]
33[label = "Index: 33 
P0: 1 0 9 
P1: -1 2 0 
P2: 0 0 0 
", color = "purple"]
34[label = "Index: 34 
P0: 1 0 3 
P1: -1 3 0 
P2: 0 0 0 
", color = "purple"]
35[label = "Index: 35 
P0: 1 0 5 
P1: -2 2 0 
P2: 0 0 0 
", color = "purple"]
36[label = "Index: 36 
P0: 1 0 6 
P1: -2 2 0 
P2: 0 0 0 
", color = "purple"]
37[label = "Index: 37 
P0: 1 0 7 
P1: -2 2 0 
P2: 0 0 0 
", color = "purple"]
38[label = "Index: 38 
P0: 1 0 8 
P1: -2 2 0 
P2: 0 0 0 
", color = "purple"]
39[label = "Index: 39 
P0: 1 0 9 
P1: -2 2 0 
P2: 0 0 0 
"]
40[label = "Index: 40 
P0: 0 0 4 
P1: -1 3 0 
P2: 0 0 0 
", color = "purple"]
41[label = "Index: 41 
P0: 0 -1 5 
P1: -2 2 0 
P2: 0 0 0 
", color = "purple"]
42[label = "Index: 42 
P0: 0 -1 6 
P1: -2 2 0 
P2: 0 0 0 
", color = "purple"]
43[label = "Index: 43 
P0: 0 -1 7 
P1: -2 2 0 
P2: 0 0 0 
", color = "purple"]
44[label = "Index: 44 
P0: 0 -1 8 
P1: -2 2 0 
P2: 0 0 0 
", color = "purple"]
45[label = "Index: 45 
P0: 1 0 4 
P1: -1 3 0 
P2: 0 0 0 
", color = "purple"]
46[label = "Index: 46 
P0: 1 -1 5 
P1: -1 2 0 
P2: 0 0 0 
"]
47[label = "Index: 47 
P0: 1 0 5 
P1: -1 3 0 
P2: 0 0 0 
", color = "purple"]
48[label = "Index: 48 
P0: 1 -1 6 
P1: -1 2 0 
P2: 0 0 0 
"]
49[label = "Index: 49 
P0: 1 -2 6 
P1: -1 2 0 
P2: 0 0 0 
", color = "purple"]
50[label = "Index: 50 
P0: 1 0 6 
P1: -1 3 0 
P2: 0 0 0 
", color = "purple"]
51[label = "Index: 51 
P0: 1 -1 7 
P1: -1 2 0 
P2: 0 0 0 
"]
52[label = "Index: 52 
P0: 1 0 7 
P1: -1 3 0 
P2: 0 0 0 
", color = "purple"]
53[label = "Index: 53 
P0: 1 -1 8 
P1: -1 2 0 
P2: 0 0 0 
"]
54[label = "Index: 54 
P0: 1 0 8 
P1: -1 3 0 
P2: 0 0 0 
", color = "purple"]
55[label = "Index: 55 
P0: 1 0 9 
P1: -1 3 0 
P2: 0 0 0 
"]
56[label = "Index: 56 
P0: 1 -1 5 
P1: -2 2 0 
P2: 0 0 0 
", color = "purple"]
57[label = "Index: 57 
P0: 1 -1 6 
P1: -2 2 0 
P2: 0 0 0 
", color = "purple"]
58[label = "Index: 58 
P0: 1 -2 6 
P1: -2 2 0 
P2: 0 0 0 
"]
59[label = "Index: 59 
P0: 1 -1 7 
P1: -2 2 0 
P2: 0 0 0 
", color = "purple"]
60[label = "Index: 60 
P0: 1 -1 8 
P1: -2 2 0 
P2: 0 0 0 
", color = "purple"]
61[label = "Index: 61 
P0: 0 -1 9 
P1: -2 2 0 
P2: 0 0 0 
"]
62[label = "Index: 62 
P0: 1 -1 9 
P1: -1 2 0 
P2: 0 0 0 
", color = "purple"]
63[label = "Index: 63 
P0: 1 -1 5 
P1: -1 3 0 
P2: 0 0 0 
", color = "purple"]
64[label = "Index: 64 
P0: 1 -1 6 
P1: -1 3 0 
P2: 0 0 0 
", color = "purple"]
65[label = "Index: 65 
P0: 1 -2 6 
P1: -1 3 0 
P2: 0 0 0 
"]
66[label = "Index: 66 
P0: 1 -1 7 
P1: -1 3 0 
P2: 0 0 0 
", color = "purple"]
67[label = "Index: 67 
P0: 1 -1 8 
P1: -1 3 0 
P2: 0 0 0 
", color = "purple"]
68[label = "Index: 68 
P0: 1 -1 9 
P1: -2 2 0 
P2: 0 0 0 
"]
69[label = "Index: 69 
P0: 1 -1 9 
P1: -1 3 0 
P2: 0 0 0 
"]
70[label = "Index: 70 
P1: -2 2 0 
", color = "fuchsia"]
71[label = "Index: 71 
P0: 0 0 3 
P2: 0 0 0 
", color = "orange"]
72[label = "Index: 72 
P0: 1 0 3 
P2: 0 0 0 
", color = "orange"]
73[label = "Index: 73 
P0: 0 0 2 
P2: 0 0 0 
"]
74[label = "Index: 74 
P0: 0 0 1 
P2: 0 0 0 
"]
75[label = "Index: 75 
P0: 0 0 0 
P2: 0 0 0 
"]
76[label = "Index: 76 
P0: 0 0 4 
P2: 0 0 0 
"]
77[label = "Index: 77 
P0: 0 0 5 
P2: 0 0 0 
"]
78[label = "Index: 78 
P0: 0 0 6 
P2: 0 0 0 
"]
79[label = "Index: 79 
P0: 0 0 7 
P2: 0 0 0 
"]
80[label = "Index: 80 
P0: 0 0 8 
P2: 0 0 0 
"]
81[label = "Index: 81 
P0: 0 0 9 
P2: 0 0 0 
"]
82[label = "Index: 82 
P0: 0 0 10 
P2: 0 0 0 
"]
83[label = "Index: 83 
P0: 1 0 4 
P2: 0 0 0 
"]
84[label = "Index: 84 
P0: 1 0 5 
P2: 0 0 0 
"]
85[label = "Index: 85 
P0: 1 0 6 
P2: 0 0 0 
"]
86[label = "Index: 86 
P0: 1 0 7 
P2: 0 0 0 
"]
87[label = "Index: 87 
P0: 1 0 8 
P2: 0 0 0 
"]
88[label = "Index: 88 
P0: 1 0 9 
P2: 0 0 0 
", color = "red"]
89[label = "Index: 89 
P0: 0 -1 5 
P2: 0 0 0 
"]
90[label = "Index: 90 
P0: 0 -1 6 
P2: 0 0 0 
"]
91[label = "Index: 91 
P0: 0 -1 7 
P2: 0 0 0 
"]
92[label = "Index: 92 
P0: 0 -1 8 
P2: 0 0 0 
"]
93[label = "Index: 93 
P0: 0 -1 9 
P2: 0 0 0 
"]
94[label = "Index: 94 
P0: 1 -1 5 
P2: 0 0 0 
"]
95[label = "Index: 95 
P0: 1 -1 6 
P2: 0 0 0 
"]
96[label = "Index: 96 
P0: 1 -2 6 
P2: 0 0 0 
"]
97[label = "Index: 97 
P0: 1 -1 7 
P2: 0 0 0 
"]
98[label = "Index: 98 
P0: 1 -1 8 
P2: 0 0 0 
"]
99[label = "Index: 99 
P0: 1 0 9 
", style="filled", fillcolor = "blue"]
100[label = "Index: 100 
P2: 0 0 0 
", color = "fuchsia"]
0 -> 1
0 -> 2
0 -> 3
0 -> 4
0 -> 5
0 -> 6
0 -> 7
0 -> 8
0 -> 9

1 -> 0
1 -> 2
1 -> 3
1 -> 4
1 -> 5
1 -> 6
1 -> 7
1 -> 8
1 -> 9

2 -> 0
2 -> 1
2 -> 3
2 -> 4
2 -> 5
2 -> 6
2 -> 7
2 -> 8
2 -> 9

3 -> 0
3 -> 1
3 -> 2
3 -> 4
3 -> 5
3 -> 6
3 -> 7
3 -> 8
3 -> 9
3 -> 10
3 -> 11

4 -> 0
4 -> 1
4 -> 2
4 -> 3
4 -> 5
4 -> 6
4 -> 7
4 -> 8
4 -> 9

5 -> 0
5 -> 1
5 -> 2
5 -> 3
5 -> 4
5 -> 6
5 -> 7
5 -> 8
5 -> 9

6 -> 0
6 -> 1
6 -> 2
6 -> 3
6 -> 4
6 -> 5
6 -> 7
6 -> 8
6 -> 9

7 -> 0
7 -> 1
7 -> 2
7 -> 3
7 -> 4
7 -> 5
7 -> 6
7 -> 8
7 -> 9

8 -> 0
8 -> 1
8 -> 2
8 -> 3
8 -> 4
8 -> 5
8 -> 6
8 -> 7
8 -> 9

9 -> 0
9 -> 1
9 -> 2
9 -> 3
9 -> 4
9 -> 5
9 -> 6
9 -> 7
9 -> 8

10 -> 3
10 -> 11

11 -> 3
11 -> 10
11 -> 12
11 -> 13
11 -> 14

12 -> 11
12 -> 15
12 -> 16
12 -> 17
12 -> 13

13 -> 11
13 -> 12
13 -> 16
13 -> 18
13 -> 14
13 -> 19

14 -> 11
14 -> 13
14 -> 17
14 -> 20
14 -> 21
14 -> 22
14 -> 23
14 -> 24
14 -> 25
14 -> 26
14 -> 16
14 -> 71
14 -> 70

15 -> 12
15 -> 27
15 -> 28
15 -> 18

16 -> 12
16 -> 13
16 -> 27
16 -> 29
16 -> 30
16 -> 31
16 -> 32
16 -> 33
16 -> 17
16 -> 34
16 -> 14

17 -> 12
17 -> 14
17 -> 16
17 -> 28
17 -> 35
17 -> 36
17 -> 37
17 -> 38
17 -> 39

18 -> 13
18 -> 15
18 -> 27
18 -> 20
18 -> 40

19 -> 13
19 -> 34
19 -> 40

20 -> 14
20 -> 18
20 -> 27
20 -> 28
20 -> 21
20 -> 22
20 -> 23
20 -> 24
20 -> 25
20 -> 26

21 -> 14
21 -> 29
21 -> 20
21 -> 35
21 -> 41
21 -> 22
21 -> 23
21 -> 24
21 -> 25
21 -> 26

22 -> 14
22 -> 30
22 -> 20
22 -> 21
22 -> 36
22 -> 42
