graph G {
color = "black"
0 [label = "P1: 0 0 0 
P2: 0 0 0 
P3: 0 0 0 
P4: 0 0 0 
",  style="filled", fillcolor = "#96FF96"];
1 [label = "P1: 1 0 0 
P2: 0 0 0 
P3: 0 0 0 
P4: 0 0 0 
"];
2 [label = "P1: 2 0 0 
P2: 0 0 0 
P3: 0 0 0 
P4: 0 0 0 
"];
3 [label = "P1: 2 0 0 
P2: 0 1 0 
P3: 0 0 0 
P4: 0 0 0 
"];
4 [label = "P1: 2 0 0 
P2: 0 1 0 
P3: 0 1 0 
P4: 0 0 0 
"];
5 [label = "P1: 3 0 0 
P2: 0 1 0 
P3: 0 1 0 
P4: 0 0 0 
"];
6 [label = "P1: 3 -1 0 
P2: 0 1 0 
P3: 0 1 0 
P4: 0 0 0 
",  style="filled", fillcolor = "#FF9696"];
7 [label = "P1: 3 0 -1 
P2: 0 1 0 
P3: 0 1 0 
P4: 0 0 0 
",  style="filled", fillcolor = "#FF9696"];
8 [label = "P1: 3 0 0 
P2: 0 2 0 
P3: 0 1 0 
P4: 0 0 0 
"];
9 [label = "P1: 3 -1 0 
P2: 0 1 0 
P3: 0 0 0 
P4: 0 0 0 
",  style="filled", fillcolor = "#FF9696"];
10 [label = "P1: 3 0 0 
P2: 0 2 0 
P3: 0 2 0 
P4: 0 0 0 
"];
11 [label = "P1: 3 -1 0 
P2: 0 0 0 
P3: 0 0 0 
P4: 0 0 0 
",  style="filled", fillcolor = "#FF9696"];
12 [label = "P1: 3 -2 0 
P2: 0 0 0 
P3: 0 0 0 
P4: 0 0 0 
",  style="filled", fillcolor = "#FF9696"];
13 [label = "P1: 3 -1 0 
",  style="filled", fillcolor = "#FF96FF"];
14 [label = "P2: 0 1 0 
P3: 0 1 0 
P4: 0 0 0 
"];
15 [label = "P2: 0 1 0 
",  style="filled", fillcolor = "#FF96FF"];
16 [label = "P3: 0 1 0 
P4: 0 0 0 
"];
17 [label = "P3: 0 1 0 
", style="filled", fillcolor = "#9696FF"];
18 [label = "P4: 0 0 0 
",  style="filled", fillcolor = "#FF96FF"];
edge [style=bold];
0 -- 1 [color=black];
0 -- 2 [color="#1E96FF", penwidth=4.0];

1 -- 2 [color=black];

2 -- 3 [color=black];
2 -- 4 [color="#1E96FF", penwidth=4.0];

3 -- 4 [color=black];

4 -- 5 [color="#1E96FF", penwidth=4.0];

5 -- 6 [color="#1E96FF", penwidth=4.0];
5 -- 7 [color=black];
5 -- 8 [color=black];
5 -- 9 [color=black];
5 -- 10 [color=black];
5 -- 11 [color=black];

6 -- 8 [color=black];
6 -- 10 [color=black];
6 -- 14 [color="#1E96FF", penwidth=4.0];
6 -- 13 [color=black];


8 -- 10 [color=black];
8 -- 9 [color=black];


10 -- 12 [color=black];



14 -- 16 [color="#1E96FF", penwidth=4.0];
14 -- 15 [color=black];

16 -- 18 [color=black];
16 -- 17 [color="#1E96FF", penwidth=4.0];

}
