digraph G {
color = "black"
0[label = "Index: 0 
P0: 0 0 0 
P1: 0 0 0 
P2: 0 0 0 
P3: 0 0 0 
", style="filled", fillcolor = "green"]
1[label = "Index: 1 
P0: 0 -1 0 
P1: 0 0 0 
P2: 0 0 0 
P3: 0 0 0 
", color = "orange"]
2[label = "Index: 2 
P0: 0 -1 0 
P1: -1 0 0 
P2: 0 0 0 
P3: 0 0 0 
"]
3[label = "Index: 3 
P0: 0 -1 0 
P1: -1 0 0 
P2: -1 0 0 
P3: 0 0 0 
", color = "orange"]
4[label = "Index: 4 
P0: 0 -2 0 
P1: -1 0 0 
P2: -1 0 0 
P3: 0 0 0 
", color = "orange"]
5[label = "Index: 5 
P0: 0 -2 0 
P1: -2 0 0 
P2: -1 0 0 
P3: 0 0 0 
"]
6[label = "Index: 6 
P0: 0 -2 0 
P1: -2 0 0 
P2: -2 0 0 
P3: 0 0 0 
", color = "orange"]
7[label = "Index: 7 
P0: 0 -1 0 
P1: -2 1 0 
P2: -2 1 0 
P3: 0 0 0 
", color = "orange"]
8[label = "Index: 8 
P0: 0 0 0 
P1: -2 2 0 
P2: -2 2 0 
P3: 0 0 0 
"]
9[label = "Index: 9 
P0: 0 -1 0 
P1: -2 1 -1 
P2: -2 1 -1 
P3: 0 0 0 
", color = "orange"]
10[label = "Index: 10 
P0: 0 0 0 
P1: -2 2 0 
P2: -1 2 0 
P3: 0 0 0 
"]
11[label = "Index: 11 
P0: 0 -2 0 
P1: -2 1 -1 
P2: -2 1 -1 
P3: 0 0 0 
", style="filled", fillcolor = "red"]
12[label = "Index: 12 
P0: 0 -3 0 
P1: -2 1 -1 
P2: -2 1 -1 
P3: 0 0 0 
", color = "purple"]
13[label = "Index: 13 
P0: 0 -4 0 
P1: -2 1 -1 
P2: -2 1 -1 
P3: 0 0 0 
", color = "purple"]
14[label = "Index: 14 
P1: -2 1 -1 
", color = "fuchsia"]
15[label = "Index: 15 
P0: 0 -2 0 
P2: -2 1 -1 
P3: 0 0 0 
", color = "red"]
16[label = "Index: 16 
P0: 0 -3 0 
P2: -2 1 -1 
P3: 0 0 0 
"]
17[label = "Index: 17 
P0: 0 -4 0 
P2: -2 1 -1 
P3: 0 0 0 
"]
18[label = "Index: 18 
P0: 0 -1 0 
P2: -2 1 -1 
P3: 0 0 0 
"]
19[label = "Index: 19 
P0: 0 0 0 
P2: -2 1 -1 
P3: 0 0 0 
"]
20[label = "Index: 20 
P2: -2 1 -1 
", color = "fuchsia"]
21[label = "Index: 21 
P0: 0 -2 0 
P3: 0 0 0 
", color = "orange"]
22[label = "Index: 22 
P0: 0 -3 0 
P3: 0 0 0 
"]
23[label = "Index: 23 
P0: 0 -4 0 
P3: 0 0 0 
", color = "orange"]
24[label = "Index: 24 
P0: 0 -1 0 
P3: 0 0 0 
"]
25[label = "Index: 25 
P0: 0 0 0 
P3: 0 0 0 
"]
26[label = "Index: 26 
P0: 0 -4 -1 
P3: 0 0 0 
", color = "orange"]
27[label = "Index: 27 
P0: -1 -4 -1 
P3: 0 0 0 
", color = "orange"]
28[label = "Index: 28 
P0: -1 -5 -1 
P3: 0 0 0 
", color = "orange"]
29[label = "Index: 29 
P0: -1 -5 -2 
P3: 0 0 0 
", color = "red"]
30[label = "Index: 30 
P0: -1 -5 -2 
", style="filled", fillcolor = "blue"]
31[label = "Index: 31 
P3: 0 0 0 
", color = "fuchsia"]
0 -> 1

1 -> 0
1 -> 2
1 -> 3

2 -> 1
2 -> 3

3 -> 1
3 -> 2
3 -> 4

4 -> 3
4 -> 5
4 -> 6

5 -> 4
5 -> 6

6 -> 4
6 -> 5
6 -> 7
6 -> 8

7 -> 6
7 -> 9
7 -> 8

8 -> 6
8 -> 7
8 -> 10

9 -> 7
9 -> 11
9 -> 12
9 -> 13

10 -> 8

11 -> 9
11 -> 12
11 -> 13
11 -> 15
11 -> 14

12 -> 9
12 -> 11
12 -> 13

13 -> 9
13 -> 11
13 -> 12

15 -> 16
15 -> 17
15 -> 18
15 -> 19
15 -> 21
15 -> 20

16 -> 15

17 -> 15

18 -> 15

19 -> 15

21 -> 22
21 -> 23
21 -> 24
21 -> 25

22 -> 21
22 -> 23
22 -> 24
22 -> 25

23 -> 21
23 -> 22
23 -> 24
23 -> 25
23 -> 26

24 -> 21
24 -> 22
24 -> 23
24 -> 25

25 -> 21
25 -> 22
25 -> 23
25 -> 24

26 -> 23
26 -> 27

27 -> 26
27 -> 28

28 -> 27
28 -> 29

29 -> 28
29 -> 31
29 -> 30

}
