graph G {
color = "black"
0 [label = "P1: 0 0 0 
P2: 0 0 0 
P3: 0 0 0 
",  style="filled", fillcolor = "#96FF96"];
1 [label = "P1: 1 0 0 
P2: 0 0 0 
P3: 0 0 0 
"];
2 [label = "P1: 2 0 0 
P2: 0 0 0 
P3: 0 0 0 
"];
3 [label = "P1: 2 0 0 
P2: 0 1 0 
P3: 0 0 0 
"];
4 [label = "P1: 3 0 0 
P2: 0 1 0 
P3: 0 0 0 
"];
5 [label = "P1: 3 0 0 
P2: 0 2 0 
P3: 0 0 0 
"];
6 [label = "P1: 3 0 0 
P2: -1 2 0 
P3: 0 0 0 
"];
7 [label = "P1: 2 0 0 
P2: -1 2 0 
P3: 0 0 0 
"];
8 [label = "P1: 3 0 -1 
P2: -1 2 0 
P3: 0 0 0 
"];
88 [label = "P1: +∞ 0 -1 
P2: -1 2 0 
P3: 0 0 0 
",  style="filled", fillcolor = "#FF9696"];
9 [label = "P1: 3 0 0 
P2: -1 3 0 
P3: 0 0 0 
"];
10 [label = "P1: 3 0 -1 
P2: -1 3 0 
P3: 0 0 0 
"];
1010 [label = "P1: +∞ 0 -1 
P2: -1 3 0 
P3: 0 0 0 
",  style="filled", fillcolor = "#FF9696"];
11 [label = "P1: 3 0 0 
P2: -2 3 0 
P3: 0 0 0 
"];
12 [label = "P1: 3 0 0 
P2: -1 3 -1 
P3: 0 0 0 
"];
13 [label = "P1: 2 0 0 
P2: -2 3 0 
P3: 0 0 0 
"];
14 [label = "P1: 3 0 -1 
P2: -1 3 -1 
P3: 0 0 0 
"];
1414 [label = "P1: +∞ 0 -1 
P2: -1 3 -1 
P3: 0 0 0 
",  style="filled", fillcolor = "#FF9696"];
15 [label = "P1: 3 0 -1 
P2: -2 3 0 
P3: 0 0 0 
"];
1515 [label = "P1: +∞ 0 -1 
P2: -2 3 0 
P3: 0 0 0 
",  style="filled", fillcolor = "#FF9696"];
edge [style=bold];
0 -- 1 [color=black];
0 -- 2 [color="#1E96FF", penwidth=4.0];

1 -- 2 [color=black];

2 -- 3 [color="#1E96FF", penwidth=4.0];

3 -- 4 [color="#1E96FF", penwidth=4.0];

4 -- 5 [color="#1E96FF", penwidth=4.0];

5 -- 6 [color="#1E96FF", penwidth=4.0];
5 -- 7 [color=black];

6 -- 7 [color=black];
6 -- 8 [color="#1E96FF", penwidth=4.0];
6 -- 9 [color=black];



8 -- 88 [color="#1E96FF", penwidth=4.0];
9 -- 10 [color=black];
9 -- 11 [color=black];
9 -- 12 [color=black];
9 -- 13 [color=black];
9 -- 14 [color=black];


10 -- 1010 [color=black];
11 -- 13 [color=black];
11 -- 15 [color=black];

12 -- 14 [color=black];



14 -- 1414 [color=black];

15 -- 1515 [color=black];
}
