digraph G {
color = "black"
0[label = "Index: 0 
P0: 0 0 0 
P1: 0 0 0 
P2: 0 0 0 
P3: 0 0 0 
P4: 0 0 0 
", style="filled", fillcolor = "green"]
1[label = "Index: 1 
P0: 0 1 0 
P1: 0 0 0 
P2: 0 0 0 
P3: 0 0 0 
P4: 0 0 0 
", color = "orange"]
2[label = "Index: 2 
P0: 0 1 0 
P1: -1 0 0 
P2: 0 0 0 
P3: 0 0 0 
P4: 0 0 0 
"]
3[label = "Index: 3 
P0: 0 1 0 
P1: -1 0 0 
P2: -1 0 0 
P3: 0 0 0 
P4: 0 0 0 
", color = "orange"]
4[label = "Index: 4 
P0: 0 1 0 
P1: -1 0 0 
P2: -1 1 0 
P3: 0 0 0 
P4: 0 0 0 
"]
5[label = "Index: 5 
P0: 0 1 0 
P1: -1 0 0 
P2: -1 1 0 
P3: 0 1 0 
P4: 0 0 0 
", color = "orange"]
6[label = "Index: 6 
P0: 0 1 0 
P1: -1 0 0 
P2: -1 2 0 
P3: 0 1 0 
P4: 0 0 0 
"]
7[label = "Index: 7 
P0: 0 1 0 
P1: -2 0 0 
P2: -1 1 0 
P3: 0 1 0 
P4: 0 0 0 
", style="filled", fillcolor = "red"]
8[label = "Index: 8 
P0: 0 1 0 
P1: -2 0 0 
P2: -1 2 0 
P3: 0 1 0 
P4: 0 0 0 
", color = "purple"]
9[label = "Index: 9 
P0: 0 1 0 
P1: -1 0 0 
P2: -2 2 0 
P3: 0 1 0 
P4: 0 0 0 
"]
10[label = "Index: 10 
P0: 0 1 0 
P1: -2 0 0 
P2: -2 2 0 
P3: 0 1 0 
P4: 0 0 0 
", color = "purple"]
11[label = "Index: 11 
P0: 0 2 0 
P1: -2 0 0 
P2: -1 1 0 
P3: 0 1 0 
P4: 0 0 0 
"]
12[label = "Index: 12 
P0: 0 3 0 
P1: -2 0 0 
P2: -1 1 0 
P3: 0 1 0 
P4: 0 0 0 
"]
13[label = "Index: 13 
P0: 0 2 0 
P1: -2 0 0 
P2: -1 2 0 
P3: 0 1 0 
P4: 0 0 0 
"]
14[label = "Index: 14 
P0: 0 3 0 
P1: -2 0 0 
P2: -1 2 0 
P3: 0 1 0 
P4: 0 0 0 
"]
15[label = "Index: 15 
P0: 0 4 0 
P1: -2 0 0 
P2: -1 2 0 
P3: 0 1 0 
P4: 0 0 0 
"]
16[label = "Index: 16 
P0: 0 1 0 
P1: -2 0 -1 
P2: -1 2 0 
P3: 0 1 0 
P4: 0 0 0 
"]
17[label = "Index: 17 
P0: 0 1 0 
P1: -1 0 0 
P2: -2 3 0 
P3: 0 1 0 
P4: 0 0 0 
", color = "purple"]
18[label = "Index: 18 
P0: 0 1 0 
P1: -2 0 0 
P2: -3 2 0 
P3: 0 1 0 
P4: 0 0 0 
", color = "purple"]
19[label = "Index: 19 
P0: 0 1 0 
P1: -1 0 0 
P2: -2 2 0 
P3: 0 0 0 
P4: 0 0 0 
"]
20[label = "Index: 20 
P0: 0 2 0 
P1: -2 0 0 
P2: -2 2 0 
P3: 0 1 0 
P4: 0 0 0 
"]
21[label = "Index: 21 
P0: 0 3 0 
P1: -2 0 0 
P2: -2 2 0 
P3: 0 1 0 
P4: 0 0 0 
"]
22[label = "Index: 22 
P0: 0 1 0 
P1: -2 0 0 
P2: -2 3 0 
P3: 0 1 0 
P4: 0 0 0 
"]
23[label = "Index: 23 
P0: 0 2 0 
P1: -2 0 0 
P2: -2 3 0 
P3: 0 1 0 
P4: 0 0 0 
"]
24[label = "Index: 24 
P0: 0 2 0 
P1: -2 0 0 
P2: -3 2 0 
P3: 0 1 0 
P4: 0 0 0 
"]
25[label = "Index: 25 
P0: 0 3 0 
P1: -2 0 0 
P2: -3 2 0 
P3: 0 1 0 
P4: 0 0 0 
"]
26[label = "Index: 26 
P0: 0 4 0 
P1: -2 0 0 
P2: -3 2 0 
P3: 0 1 0 
P4: 0 0 0 
"]
27[label = "Index: 27 
P0: 0 5 0 
P1: -2 0 0 
P2: -3 2 0 
P3: 0 1 0 
P4: 0 0 0 
"]
28[label = "Index: 28 
P0: 0 6 0 
P1: -2 0 0 
P2: -3 2 0 
P3: 0 1 0 
P4: 0 0 0 
"]
29[label = "Index: 29 
P1: -2 0 0 
P4: 0 0 0 
", color = "blue"]
30[label = "Index: 30 
P1: -2 0 0 
", color = "fuchsia"]
31[label = "Index: 31 
P4: 0 0 0 
", color = "fuchsia"]
32[label = "Index: 32 
P0: 0 1 0 
P2: -1 1 0 
P3: 0 1 0 
", color = "red"]
33[label = "Index: 33 
P0: 0 2 0 
P2: -1 1 0 
P3: 0 1 0 
"]
34[label = "Index: 34 
P0: 0 3 0 
P2: -1 1 0 
P3: 0 1 0 
"]
35[label = "Index: 35 
P0: 0 1 0 
P3: 0 1 0 
", color = "red"]
36[label = "Index: 36 
P2: -1 1 0 
", color = "fuchsia"]
37[label = "Index: 37 
P3: 0 1 0 
", style="filled", fillcolor = "blue"]
38[label = "Index: 38 
P0: 0 1 0 
", color = "fuchsia"]
0 -> 1

1 -> 0
1 -> 2
1 -> 3

2 -> 1
2 -> 3

3 -> 1
3 -> 2
3 -> 4
3 -> 5

4 -> 3
4 -> 5
4 -> 6

5 -> 3
5 -> 4
5 -> 7
5 -> 6

6 -> 4
6 -> 5
6 -> 8
6 -> 9
6 -> 10

7 -> 5
7 -> 11
7 -> 12
7 -> 8
7 -> 29
7 -> 32

8 -> 6
8 -> 7
8 -> 13
8 -> 14
8 -> 15
8 -> 16
8 -> 10

9 -> 6
9 -> 10
9 -> 17
9 -> 18
9 -> 19

10 -> 6
10 -> 9
10 -> 20
10 -> 21
10 -> 18
10 -> 8
10 -> 22
10 -> 23

11 -> 7

12 -> 7

13 -> 8

14 -> 8

15 -> 8

16 -> 8

17 -> 9
17 -> 22
17 -> 19

18 -> 9
18 -> 10
18 -> 24
18 -> 25
18 -> 26
18 -> 27
18 -> 28

19 -> 9
19 -> 17

20 -> 10

21 -> 10

22 -> 10
22 -> 17

23 -> 10

24 -> 18

25 -> 18

26 -> 18

27 -> 18

28 -> 18

29 -> 31
29 -> 30

32 -> 33
32 -> 34
32 -> 35
32 -> 36

33 -> 32

34 -> 32

35 -> 37
35 -> 38

}
