digraph G {
color = "black"
0[label = "Index: 0 
P0: 0 0 0 
P1: 0 0 0 
P2: 0 0 0 
", style="filled", fillcolor = "green"]
1[label = "Index: 1 
P0: 0 0 1 
P1: 0 0 0 
P2: 0 0 0 
", color = "orange"]
2[label = "Index: 2 
P0: 0 0 1 
P1: 0 -1 0 
P2: 0 0 0 
", color = "orange"]
3[label = "Index: 3 
P0: 0 0 2 
P1: 0 -1 0 
P2: 0 0 0 
", color = "orange"]
4[label = "Index: 4 
P0: 1 0 2 
P1: 1 -1 0 
P2: 0 0 0 
", color = "orange"]
5[label = "Index: 5 
P0: 1 0 2 
P1: 1 -2 0 
P2: 0 0 0 
"]
6[label = "Index: 6 
P0: 1 0 2 
P1: 1 -1 1 
P2: 0 0 0 
"]
7[label = "Index: 7 
P0: 1 0 3 
P1: 1 -1 1 
P2: 0 0 0 
", color = "orange"]
8[label = "Index: 8 
P0: 1 1 3 
P1: 1 -1 1 
P2: 0 0 0 
", color = "orange"]
9[label = "Index: 9 
P0: 2 1 3 
P1: 1 -1 1 
P2: 0 0 0 
", style="filled", fillcolor = "red"]
10[label = "Index: 10 
P0: 2 1 3 
", color = "fuchsia"]
11[label = "Index: 11 
P1: 1 -1 1 
P2: 0 0 0 
", color = "orange"]
12[label = "Index: 12 
P1: 1 -1 0 
P2: 0 0 0 
", color = "orange"]
13[label = "Index: 13 
P1: 0 -1 0 
P2: 0 0 0 
"]
14[label = "Index: 14 
P1: 1 -2 0 
P2: 0 0 0 
", color = "orange"]
15[label = "Index: 15 
P1: 0 0 0 
P2: 0 0 0 
"]
16[label = "Index: 16 
P1: 1 -2 -1 
P2: 0 0 0 
", color = "orange"]
17[label = "Index: 17 
P1: 0 -2 -1 
P2: 0 0 0 
", color = "red"]
18[label = "Index: 18 
P1: 0 -2 -1 
", style="filled", fillcolor = "blue"]
19[label = "Index: 19 
P2: 0 0 0 
", color = "fuchsia"]
0 -> 1

1 -> 0
1 -> 2

2 -> 1
2 -> 3

3 -> 2
3 -> 4

4 -> 3
4 -> 5
4 -> 6
4 -> 7

5 -> 4

6 -> 4
6 -> 7

7 -> 4
7 -> 6
7 -> 8

8 -> 7
8 -> 9

9 -> 8
9 -> 11
9 -> 10

11 -> 12

12 -> 11
12 -> 13
12 -> 14

13 -> 12
13 -> 15

14 -> 12
14 -> 16

15 -> 13

16 -> 14
16 -> 17

17 -> 16
17 -> 19
17 -> 18

}
