digraph G {
color = "black"
0[label = "Index: 0 
P0: 0 0 0 
P1: 0 0 0 
P2: 0 0 0 
P3: 0 0 0 
P4: 0 0 0 
P5: 0 0 0 
P6: 0 0 0 
P7: 0 0 0 
", style="filled", fillcolor = "green"]
1[label = "Index: 1 
P0: 1 0 0 
P1: 0 0 0 
P2: 0 0 0 
P3: 0 0 0 
P4: 0 0 0 
P5: 0 0 0 
P6: 0 0 0 
P7: 0 0 0 
", color = "orange"]
2[label = "Index: 2 
P0: 1 0 0 
P1: 0 1 0 
P2: 0 0 0 
P3: 0 0 0 
P4: 0 0 0 
P5: 0 0 0 
P6: 0 0 0 
P7: 0 0 0 
", color = "orange"]
3[label = "Index: 3 
P0: 1 0 0 
P1: 0 1 -1 
P2: 0 0 0 
P3: 0 0 0 
P4: 0 0 0 
P5: 0 0 0 
P6: 0 0 0 
P7: 0 0 0 
", color = "orange"]
4[label = "Index: 4 
P0: 1 0 0 
P1: 0 1 -1 
P2: 1 0 0 
P3: 0 0 0 
P4: 0 0 0 
P5: 0 0 0 
P6: 0 0 0 
P7: 0 0 0 
", color = "orange"]
5[label = "Index: 5 
P0: 1 0 0 
P1: 0 1 -1 
P2: 1 0 0 
P3: 0 0 0 
P4: 1 0 0 
P5: 0 0 0 
P6: 0 0 0 
P7: 0 0 0 
"]
6[label = "Index: 6 
P0: 1 0 0 
P1: 0 1 -1 
P2: 1 1 0 
P3: 0 0 0 
P4: 0 0 0 
P5: 0 0 0 
P6: 0 0 0 
P7: 0 0 0 
"]
7[label = "Index: 7 
P0: 1 0 0 
P1: 0 1 -1 
P2: 1 0 0 
P3: 0 0 -1 
P4: 0 0 0 
P5: 0 0 0 
P6: 0 0 0 
P7: 0 0 0 
", color = "orange"]
8[label = "Index: 8 
P0: 1 0 0 
P1: 0 1 -1 
P2: 1 0 0 
P3: 0 1 -1 
P4: 0 0 0 
P5: 0 0 0 
P6: 0 0 0 
P7: 0 0 0 
", color = "orange"]
9[label = "Index: 9 
P0: 1 0 0 
P1: 0 1 -1 
P2: 1 1 0 
P3: 0 1 -1 
P4: 0 0 0 
P5: 0 0 0 
P6: 0 0 0 
P7: 0 0 0 
"]
10[label = "Index: 10 
P0: 1 0 0 
P1: 0 1 -1 
P2: 0 0 0 
P3: 0 1 -1 
P4: 0 0 0 
P5: 0 0 0 
P6: 0 0 0 
P7: 0 0 0 
"]
11[label = "Index: 11 
P0: 1 0 0 
P1: 0 1 -1 
P2: 1 0 0 
P3: 0 1 -1 
P4: 1 0 0 
P5: 0 0 0 
P6: 0 0 0 
P7: 0 0 0 
", color = "orange"]
12[label = "Index: 12 
P0: 1 0 0 
P1: 0 1 -1 
P2: 1 0 0 
P3: 0 1 -1 
P4: 1 0 0 
P5: 0 0 0 
P6: 0 -1 0 
P7: 0 0 0 
", color = "orange"]
13[label = "Index: 13 
P0: 1 0 0 
P1: 0 1 -1 
P2: 1 0 0 
P3: 0 1 -1 
P4: 1 0 0 
P5: 0 0 1 
P6: 0 -1 0 
P7: 0 0 0 
", color = "orange"]
14[label = "Index: 14 
P0: 1 0 0 
P1: 0 1 -1 
P2: 1 0 0 
P3: 0 1 -1 
P4: 1 0 0 
P5: -1 0 1 
P6: 0 -1 0 
P7: 0 0 0 
", color = "orange"]
15[label = "Index: 15 
P0: 1 0 0 
P1: 0 1 -1 
P2: 1 0 0 
P3: 0 1 -1 
P4: 1 0 0 
P5: -1 0 2 
P6: 0 -1 0 
P7: 0 0 0 
", color = "orange"]
16[label = "Index: 16 
P0: 1 0 0 
P1: 0 1 -1 
P2: 1 0 0 
P3: 0 1 -1 
P4: 1 0 0 
P5: -1 -1 2 
P6: 0 -1 0 
P7: 0 0 0 
", style="filled", fillcolor = "red"]
17[label = "Index: 17 
P0: 1 0 0 
P1: 0 1 -1 
P2: 1 0 0 
P3: 0 1 -1 
P4: 1 0 0 
P5: -1 0 2 
P6: 0 0 0 
P7: 0 0 0 
"]
18[label = "Index: 18 
P0: 1 0 0 
P1: 0 1 -1 
P2: 1 0 0 
P3: 0 1 -1 
P4: 0 0 0 
P5: -1 0 2 
P6: 0 0 0 
P7: 0 0 0 
"]
19[label = "Index: 19 
P0: 1 0 0 
P1: 0 1 -1 
P2: 1 1 0 
P3: 0 1 -1 
P4: 0 0 0 
P5: -1 0 2 
P6: 0 0 0 
P7: 0 0 0 
"]
20[label = "Index: 20 
P0: 1 1 0 
P1: 0 1 -1 
P2: 1 1 0 
P3: 0 1 -1 
P4: 0 0 0 
P5: -1 0 2 
P6: 0 0 0 
P7: 0 0 0 
", color = "purple"]
21[label = "Index: 21 
P0: 1 1 0 
P1: 0 2 -1 
P2: 1 1 0 
P3: 0 1 -1 
P4: 0 0 0 
P5: -1 0 2 
P6: 0 0 0 
P7: 0 0 0 
", color = "purple"]
22[label = "Index: 22 
P0: 1 0 0 
P1: 0 1 -1 
P2: 1 0 0 
P3: 0 0 -1 
P4: 0 0 0 
P5: -1 0 2 
P6: 0 0 0 
P7: 0 0 0 
"]
23[label = "Index: 23 
P0: 2 1 0 
P1: 0 2 -1 
P2: 1 1 0 
P3: 0 1 -1 
P4: 0 0 0 
P5: -1 0 2 
P6: 0 0 0 
P7: 0 0 0 
"]
24[label = "Index: 24 
P0: 1 0 0 
P1: 0 1 -1 
P2: 1 0 0 
P3: 0 0 0 
P4: 0 0 0 
P5: -1 0 2 
P6: 0 0 0 
P7: 0 0 0 
"]
25[label = "Index: 25 
P0: 1 0 0 
P1: 0 1 -1 
P2: 1 1 0 
P3: 0 0 0 
P4: 0 0 0 
P5: -1 0 2 
P6: 0 0 0 
P7: 0 0 0 
"]
26[label = "Index: 26 
P0: 1 0 0 
P1: 0 1 -1 
P2: 1 0 0 
P3: 0 0 0 
P4: 1 0 0 
P5: -1 0 2 
P6: 0 0 0 
P7: 0 0 0 
"]
27[label = "Index: 27 
P5: -1 -1 2 
", color = "fuchsia"]
28[label = "Index: 28 
P0: 1 0 0 
P1: 0 1 -1 
P2: 1 0 0 
P3: 0 1 -1 
P4: 1 0 0 
P6: 0 -1 0 
P7: 0 0 0 
", color = "orange"]
29[label = "Index: 29 
P0: 1 0 0 
P1: 0 1 -1 
P2: 1 0 0 
P3: 0 1 -1 
P4: 1 0 0 
P6: 0 0 0 
P7: 0 0 0 
", color = "orange"]
30[label = "Index: 30 
P0: 1 0 0 
P1: 0 1 -1 
P2: 1 0 0 
P3: 0 1 -1 
P4: 0 0 0 
P6: 0 0 0 
P7: 0 0 0 
", color = "orange"]
31[label = "Index: 31 
P0: 1 0 0 
P1: 0 1 -1 
P2: 0 0 0 
P3: 0 1 -1 
P4: 0 0 0 
P6: 0 0 0 
P7: 0 0 0 
"]
32[label = "Index: 32 
P0: 1 0 0 
P1: 0 1 -1 
P2: 1 1 0 
P3: 0 1 -1 
P4: 0 0 0 
P6: 0 0 0 
P7: 0 0 0 
"]
33[label = "Index: 33 
P0: 1 1 0 
P1: 0 1 -1 
P2: 1 1 0 
P3: 0 1 -1 
P4: 0 0 0 
P6: 0 0 0 
P7: 0 0 0 
", color = "red"]
34[label = "Index: 34 
P0: 1 1 0 
P1: 0 2 -1 
P2: 1 1 0 
P3: 0 1 -1 
P4: 0 0 0 
P6: 0 0 0 
P7: 0 0 0 
"]
35[label = "Index: 35 
P0: 1 0 0 
P1: 0 1 -1 
P2: 1 0 0 
P3: 0 0 -1 
P4: 0 0 0 
P6: 0 0 0 
P7: 0 0 0 
"]
36[label = "Index: 36 
P0: 1 1 0 
", color = "fuchsia"]
37[label = "Index: 37 
P1: 0 1 -1 
P2: 1 1 0 
P3: 0 1 -1 
P4: 0 0 0 
P6: 0 0 0 
P7: 0 0 0 
", color = "red"]
38[label = "Index: 38 
P1: 0 2 -1 
P2: 1 1 0 
P3: 0 1 -1 
P4: 0 0 0 
P6: 0 0 0 
P7: 0 0 0 
"]
39[label = "Index: 39 
P2: 1 1 0 
", color = "fuchsia"]
40[label = "Index: 40 
P1: 0 1 -1 
P3: 0 1 -1 
P4: 0 0 0 
P6: 0 0 0 
P7: 0 0 0 
", color = "orange"]
41[label = "Index: 41 
P1: 0 2 -1 
P3: 0 1 -1 
P4: 0 0 0 
P6: 0 0 0 
P7: 0 0 0 
", color = "red"]
42[label = "Index: 42 
P1: 0 1 -1 
P3: 0 0 -1 
P4: 0 0 0 
P6: 0 0 0 
P7: 0 0 0 
"]
43[label = "Index: 43 
P1: 0 1 -1 
P3: 0 1 -1 
P4: 1 0 0 
P6: 0 0 0 
P7: 0 0 0 
"]
44[label = "Index: 44 
P1: 0 1 -1 
P3: 0 1 -1 
P4: 2 0 0 
P6: 0 0 0 
P7: 0 0 0 
"]
45[label = "Index: 45 
P1: 0 2 -1 
", color = "fuchsia"]
46[label = "Index: 46 
P3: 0 1 -1 
P4: 0 0 0 
P6: 0 0 0 
P7: 0 0 0 
", color = "red"]
47[label = "Index: 47 
P3: 0 1 -1 
", color = "fuchsia"]
48[label = "Index: 48 
P4: 0 0 0 
P6: 0 0 0 
P7: 0 0 0 
", color = "orange"]
49[label = "Index: 49 
P4: 1 0 0 
P6: 0 0 0 
P7: 0 0 0 
", color = "red"]
50[label = "Index: 50 
P4: 2 0 0 
P6: 0 0 0 
P7: 0 0 0 
"]
51[label = "Index: 51 
P4: 1 0 0 
", color = "fuchsia"]
52[label = "Index: 52 
P6: 0 0 0 
P7: 0 0 0 
", color = "orange"]
53[label = "Index: 53 
P6: 0 -1 0 
P7: 0 0 0 
", color = "orange"]
54[label = "Index: 54 
P6: 1 -1 0 
P7: 0 0 0 
", color = "orange"]
55[label = "Index: 55 
P6: 1 -1 1 
P7: 0 0 0 
", color = "red"]
56[label = "Index: 56 
P6: 1 -1 1 
", style="filled", fillcolor = "blue"]
57[label = "Index: 57 
P7: 0 0 0 
", color = "fuchsia"]
0 -> 1

1 -> 0
1 -> 2

2 -> 1
2 -> 3

3 -> 2
3 -> 4
3 -> 5

4 -> 3
4 -> 6
4 -> 7
4 -> 5

5 -> 3
5 -> 4

6 -> 4

7 -> 4
7 -> 8
7 -> 9

8 -> 7
8 -> 10
8 -> 9
8 -> 11

9 -> 7
9 -> 8

10 -> 8
10 -> 11

11 -> 8
11 -> 10
11 -> 12

12 -> 11
12 -> 13

13 -> 12
13 -> 14

14 -> 13
14 -> 15

15 -> 14
15 -> 16
15 -> 17

16 -> 15
16 -> 17
16 -> 28
16 -> 27

17 -> 15
17 -> 18
17 -> 16

18 -> 17
18 -> 19
18 -> 20
18 -> 21
18 -> 22

19 -> 18
19 -> 20
19 -> 21
19 -> 22

20 -> 18
20 -> 19
20 -> 22

21 -> 18
21 -> 19
21 -> 23
21 -> 22

22 -> 18
22 -> 19
22 -> 24
22 -> 20
22 -> 21

23 -> 21

24 -> 22
24 -> 25
24 -> 26

25 -> 24

26 -> 24

28 -> 29

29 -> 28
29 -> 30
29 -> 31

30 -> 29
30 -> 31
30 -> 32
30 -> 33
30 -> 34
30 -> 35

31 -> 29
31 -> 30

32 -> 30
32 -> 33
32 -> 34
32 -> 35

33 -> 30
33 -> 32
33 -> 37
33 -> 36

34 -> 30
34 -> 32

35 -> 30
35 -> 32

37 -> 38
37 -> 40
37 -> 39

38 -> 37

40 -> 41
40 -> 42
40 -> 43
40 -> 44

41 -> 40
41 -> 46
41 -> 45

42 -> 40

43 -> 40

44 -> 40

46 -> 48
46 -> 47

48 -> 49
48 -> 50

49 -> 48
49 -> 52
49 -> 51

50 -> 48

52 -> 53

53 -> 52
53 -> 54

54 -> 53
54 -> 55

55 -> 54
55 -> 57
55 -> 56

}
