digraph G {
color = "black"
0[label = "Index: 0 
P0: 0 0 0 
P1: 0 0 0 
P2: 0 0 0 
P3: 0 0 0 
", style="filled", fillcolor = "green"]
1[label = "Index: 1 
P0: 0 -1 0 
P1: 0 -1 0 
P2: 0 -1 0 
P3: 0 0 0 
"]
2[label = "Index: 2 
P0: 0 -2 0 
P1: 0 -2 0 
P2: 0 -2 0 
P3: 0 0 0 
"]
3[label = "Index: 3 
P0: 0 -3 0 
P1: 0 -3 0 
P2: 0 -3 0 
P3: 0 0 0 
", color = "orange"]
4[label = "Index: 4 
P0: -1 -3 0 
P1: 0 -3 0 
P2: 0 -3 0 
P3: 0 0 0 
", color = "orange"]
5[label = "Index: 5 
P0: -1 -3 0 
P1: 0 -4 0 
P2: 0 -3 0 
P3: 0 0 0 
", color = "orange"]
6[label = "Index: 6 
P0: -1 -3 0 
P1: 1 -4 0 
P2: 1 -3 0 
P3: 0 0 0 
", color = "orange"]
7[label = "Index: 7 
P0: 0 -3 0 
P1: 1 -4 0 
P2: 1 -3 0 
P3: 0 0 0 
"]
8[label = "Index: 8 
P0: -1 -3 0 
P1: 1 -5 0 
P2: 1 -3 0 
P3: 0 0 0 
", color = "orange"]
9[label = "Index: 9 
P0: -1 -3 0 
P1: 1 -6 0 
P2: 1 -3 0 
P3: 0 0 0 
"]
10[label = "Index: 10 
P0: -1 -3 0 
P1: 1 -5 1 
P2: 1 -3 1 
P3: 0 0 0 
", style="filled", fillcolor = "red"]
11[label = "Index: 11 
P0: -1 -3 0 
P1: 1 -6 -1 
P2: 1 -3 0 
P3: 0 0 0 
", color = "purple"]
12[label = "Index: 12 
P0: -1 -3 0 
P1: 1 -6 0 
P2: 1 -3 1 
P3: 0 0 0 
", color = "purple"]
13[label = "Index: 13 
P0: -1 -3 0 
P1: 1 -6 1 
P2: 1 -3 1 
P3: 0 0 0 
", color = "purple"]
14[label = "Index: 14 
P0: -1 -3 0 
P1: 1 -5 1 
P2: 2 -3 1 
P3: 0 0 0 
"]
15[label = "Index: 15 
P0: -1 -4 0 
P1: 1 -5 1 
P2: 1 -4 1 
P3: 0 0 0 
"]
16[label = "Index: 16 
P0: -1 -5 0 
P1: 1 -5 1 
P2: 1 -5 1 
P3: 0 0 0 
"]
17[label = "Index: 17 
P0: 0 -3 0 
P1: 1 -6 -1 
P2: 1 -3 0 
P3: 0 0 0 
"]
18[label = "Index: 18 
P0: -1 -3 0 
P1: 1 -6 1 
P2: 2 -3 1 
P3: 0 0 0 
"]
19[label = "Index: 19 
P0: -1 -4 0 
P1: 1 -6 1 
P2: 1 -4 1 
P3: 0 0 0 
"]
20[label = "Index: 20 
P0: -1 -5 0 
P1: 1 -6 1 
P2: 1 -5 1 
P3: 0 0 0 
"]
21[label = "Index: 21 
P0: -1 -6 0 
P1: 1 -6 1 
P2: 1 -6 1 
P3: 0 0 0 
"]
22[label = "Index: 22 
P3: 0 0 0 
", color = "fuchsia"]
23[label = "Index: 23 
P0: -1 -3 0 
P1: 1 -5 1 
P2: 1 -3 1 
", color = "red"]
24[label = "Index: 24 
P1: 1 -5 1 
P2: 1 -3 1 
", color = "orange"]
25[label = "Index: 25 
P0: -1 -3 0 
", color = "fuchsia"]
26[label = "Index: 26 
P1: 0 -5 1 
P2: 1 -3 1 
", color = "red"]
27[label = "Index: 27 
P1: 1 -6 1 
P2: 1 -3 1 
"]
28[label = "Index: 28 
P1: 1 -4 1 
P2: 1 -3 1 
"]
29[label = "Index: 29 
P1: 1 -3 1 
P2: 1 -3 1 
"]
30[label = "Index: 30 
P2: 1 -3 1 
", style="filled", fillcolor = "blue"]
31[label = "Index: 31 
P1: 0 -5 1 
", color = "fuchsia"]
0 -> 1
0 -> 2
0 -> 3

1 -> 0
1 -> 2
1 -> 3

2 -> 0
2 -> 1
2 -> 3

3 -> 0
3 -> 1
3 -> 2
3 -> 4

4 -> 3
4 -> 5

5 -> 4
5 -> 6
5 -> 7

6 -> 5
6 -> 7
6 -> 8
6 -> 9

7 -> 5
7 -> 6

8 -> 6
8 -> 9
8 -> 10

9 -> 6
9 -> 8
9 -> 11
9 -> 12
9 -> 13

10 -> 8
10 -> 13
10 -> 14
10 -> 15
10 -> 16
10 -> 22
10 -> 23

11 -> 9
11 -> 17

12 -> 9
12 -> 13

13 -> 9
13 -> 10
13 -> 12
13 -> 18
13 -> 19
13 -> 20
13 -> 21

14 -> 10

15 -> 10

16 -> 10

17 -> 11

18 -> 13

19 -> 13

20 -> 13

21 -> 13

23 -> 24
23 -> 25

24 -> 26
24 -> 27
24 -> 28
24 -> 29

26 -> 24
26 -> 30
26 -> 31

27 -> 24

28 -> 24

29 -> 24

}
