graph G {
color = "black"
0 [label = "P1: 0 0 0 
P2: 0 0 0 
P3: 0 0 0 
P4: 0 0 0 
P5: 0 0 0 
",  style="filled", fillcolor = "#96FF96"];
1 [label = "P1: -1 0 0 
P2: 0 0 0 
P3: 0 0 0 
P4: 0 0 0 
P5: 0 0 0 
"];
2 [label = "P1: -1 0 0 
P2: 0 -1 0 
P3: 0 0 0 
P4: 0 0 0 
P5: 0 0 0 
"];
3 [label = "P1: -2 0 0 
P2: 0 -1 0 
P3: 0 0 0 
P4: 0 0 0 
P5: 0 0 0 
"];
4 [label = "P1: -2 0 0 
P2: 0 -2 0 
P3: 0 0 0 
P4: 0 0 0 
P5: 0 0 0 
"];
5 [label = "P1: -3 0 0 
P2: 0 -2 0 
P3: 0 0 0 
P4: 0 0 0 
P5: 0 0 0 
"];
6 [label = "P1: -3 0 0 
P2: -1 -2 0 
P3: -1 0 0 
P4: -1 0 0 
P5: 0 0 0 
"];
7 [label = "P1: -3 -1 0 
P2: 0 -3 0 
P3: 0 0 0 
P4: 0 0 0 
P5: 0 0 0 
"];
8 [label = "P1: -4 0 0 
P2: -1 -2 0 
P3: -1 0 0 
P4: -1 0 0 
P5: 0 0 0 
"];
9 [label = "P1: -3 -1 -1 
P2: 0 -3 0 
P3: 0 0 0 
P4: 0 0 0 
P5: 0 0 0 
",  style="filled", fillcolor = "#FF9696"];
10 [label = "P1: -4 -1 0 
P2: -1 -3 0 
P3: -1 0 0 
P4: -1 0 0 
P5: 0 0 0 
"];
11 [label = "P1: -4 -1 -1 
P2: -1 -3 0 
P3: -1 0 0 
P4: -1 0 0 
P5: 0 0 0 
",  style="filled", fillcolor = "#FF9696"];
12 [label = "P1: -3 -1 -1 
",  style="filled", fillcolor = "#FF96FF"];
13 [label = "P2: 0 -3 0 
P3: 0 0 0 
P4: 0 0 0 
P5: 0 0 0 
"];
14 [label = "P2: 0 -4 0 
P3: 0 0 0 
P4: 0 0 0 
P5: 0 0 0 
"];
15 [label = "P2: 0 -2 0 
P3: 0 0 0 
P4: 0 0 0 
P5: 0 0 0 
"];
16 [label = "P2: 0 -1 0 
P3: 0 0 0 
P4: 0 0 0 
P5: 0 0 0 
"];
17 [label = "P2: 0 0 0 
P3: 0 0 0 
P4: 0 0 0 
P5: 0 0 0 
"];
18 [label = "P2: 0 -3 0 
P3: -1 0 0 
P4: 0 0 0 
P5: 0 0 0 
"];
19 [label = "P2: -1 -3 0 
P3: -1 0 0 
P4: -1 0 0 
P5: 0 0 0 
"];
20 [label = "P2: -1 -4 0 
P3: 0 0 0 
P4: 0 0 0 
P5: 0 0 0 
"];
21 [label = "P2: 1 -4 0 
P3: 0 0 0 
P4: 0 0 0 
P5: 0 0 0 
"];
22 [label = "P2: 0 -4 1 
P3: 0 0 0 
P4: 0 0 0 
P5: 0 0 0 
"];
23 [label = "P2: 0 -4 0 
P3: -1 0 0 
P4: 0 0 0 
P5: 0 0 0 
"];
24 [label = "P4: 0 0 0 
P5: 0 0 0 
"];
25 [label = "P4: 0 0 0 
",  style="filled", fillcolor = "#FF96FF"];
26 [label = "P5: 0 0 0 
",  style="filled", fillcolor = "#FF96FF"];
27 [label = "P2: 0 -4 0 
P3: 0 0 0 
"];
28 [label = "P2: -1 -4 0 
P3: 0 0 0 
"];
29 [label = "P2: 1 -4 0 
P3: 0 0 0 
"];
30 [label = "P2: 0 -3 0 
P3: 0 0 0 
"];
31 [label = "P2: 0 -2 0 
P3: 0 0 0 
"];
32 [label = "P2: 0 -1 0 
P3: 0 0 0 
"];
33 [label = "P2: 0 0 0 
P3: 0 0 0 
"];
34 [label = "P2: 0 -4 1 
P3: 0 0 0 
"];
35 [label = "P3: 0 0 0 
", style="filled", fillcolor = "#9696FF"];
36 [label = "P2: -1 -4 0 
",  style="filled", fillcolor = "#FF96FF"];
edge [style=bold];
0 -- 1 [color="#1E96FF", penwidth=4.0];

1 -- 2 [color="#1E96FF", penwidth=4.0];

2 -- 3 [color="#1E96FF", penwidth=4.0];

3 -- 4 [color="#1E96FF", penwidth=4.0];

4 -- 5 [color="#1E96FF", penwidth=4.0];
4 -- 6 [color=black];

5 -- 7 [color="#1E96FF", penwidth=4.0];
5 -- 6 [color=black];
5 -- 8 [color=black];

6 -- 8 [color=black];

7 -- 9 [color="#1E96FF", penwidth=4.0];
7 -- 10 [color=black];

8 -- 10 [color=black];

9 -- 13 [color=black];
9 -- 12 [color=black];

10 -- 11 [color=black];


13 -- 14 [color="#1E96FF", penwidth=4.0];
13 -- 15 [color=black];
13 -- 16 [color=black];
13 -- 17 [color=black];
13 -- 18 [color=black];
13 -- 19 [color=black];

14 -- 20 [color=black];
14 -- 21 [color=black];
14 -- 15 [color=black];
14 -- 16 [color=black];
14 -- 17 [color=black];
14 -- 22 [color=black];
14 -- 23 [color=black];
14 -- 24 [color=black];
14 -- 27 [color="#1E96FF", penwidth=4.0];










24 -- 26 [color=black];
24 -- 25 [color=black];

27 -- 28 [color="#1E96FF", penwidth=4.0];
27 -- 29 [color=black];
27 -- 30 [color=black];
27 -- 31 [color=black];
27 -- 32 [color=black];
27 -- 33 [color=black];
27 -- 34 [color=black];

28 -- 35 [color="#1E96FF", penwidth=4.0];
28 -- 36 [color=black];







}
