digraph G {
color = "black"
0[label = "Index: 0 
P0: 0 0 0 
P1: 0 0 0 
P2: 0 0 0 
P3: 0 0 0 
P4: 0 0 0 
", color = "green"]
1[label = "Index: 1 
P0: 1 0 0 
P1: 0 0 0 
P2: 0 0 0 
P3: 0 0 0 
P4: 0 0 0 
", color = "orange"]
2[label = "Index: 2 
P0: 1 0 0 
P1: 0 1 0 
P2: 0 0 0 
P3: 0 0 0 
P4: 0 0 0 
", color = "orange"]
3[label = "Index: 3 
P0: 1 0 0 
P1: 0 1 0 
P2: 0 1 0 
P3: 0 0 0 
P4: 0 0 0 
"]
4[label = "Index: 4 
P0: 1 0 0 
P1: 0 1 0 
P2: 1 0 0 
P3: 1 0 0 
P4: 0 0 0 
", color = "orange"]
5[label = "Index: 5 
P0: 1 0 0 
P1: 0 1 0 
P2: 0 1 0 
P3: 1 0 0 
P4: 0 0 0 
"]
6[label = "Index: 6 
P0: 1 0 0 
P1: 0 1 0 
P2: 1 0 1 
P3: 1 0 1 
P4: 0 0 0 
", color = "red"]
7[label = "Index: 7 
P0: 1 0 0 
P1: 0 1 1 
P2: 1 0 1 
P3: 1 0 1 
P4: 0 0 0 
", color = "purple"]
8[label = "Index: 8 
P0: 1 0 1 
P1: 0 1 1 
P2: 1 0 1 
P3: 1 0 1 
P4: 0 0 0 
", color = "purple"]
9[label = "Index: 9 
P0: 1 0 0 
P1: 0 1 0 
P2: 0 1 0 
P3: 1 0 1 
P4: 0 0 0 
", color = "purple"]
10[label = "Index: 10 
P0: 1 0 0 
P1: 0 1 0 
P2: 0 1 1 
P3: 1 0 1 
P4: 0 0 0 
", color = "purple"]
11[label = "Index: 11 
P0: 1 0 0 
P1: 0 1 1 
P2: 0 1 1 
P3: 1 0 1 
P4: 0 0 0 
", color = "purple"]
12[label = "Index: 12 
P0: 1 0 1 
P1: 0 1 1 
P2: 0 1 1 
P3: 1 0 1 
P4: 0 0 0 
", color = "purple"]
13[label = "Index: 13 
P0: 1 0 0 
P1: 0 1 0 
P2: 1 1 1 
P3: 1 0 1 
P4: 0 0 0 
"]
14[label = "Index: 14 
P0: 1 0 0 
P1: 0 1 0 
P2: 1 2 1 
P3: 1 0 1 
P4: 0 0 0 
"]
15[label = "Index: 15 
P0: 1 0 0 
P1: 0 1 0 
P2: 2 1 1 
P3: 1 0 1 
P4: 0 0 0 
"]
16[label = "Index: 16 
P0: 1 0 0 
P1: 0 1 0 
P2: 0 2 1 
P3: 1 0 1 
P4: 0 0 0 
"]
17[label = "Index: 17 
P0: 1 0 0 
P1: 0 1 0 
P2: 0 3 1 
P3: 1 0 1 
P4: 0 0 0 
"]
18[label = "Index: 18 
P0: 1 0 0 
P1: 0 1 0 
P2: 1 0 1 
P4: 0 0 0 
", color = "red"]
19[label = "Index: 19 
P0: 1 0 0 
P1: 0 0 0 
P2: 1 0 1 
P4: 0 0 0 
"]
20[label = "Index: 20 
P0: 1 0 0 
P1: 0 1 1 
P2: 1 0 1 
P4: 0 0 0 
"]
21[label = "Index: 21 
P0: 1 -1 0 
P1: 0 0 0 
P2: 1 0 1 
P4: 0 0 0 
"]
22[label = "Index: 22 
P0: 1 0 1 
P1: 0 1 1 
P2: 1 0 1 
P4: 0 0 0 
"]
23[label = "Index: 23 
P0: 1 0 0 
P1: 0 1 0 
P4: 0 0 0 
", color = "red"]
24[label = "Index: 24 
P0: 1 0 0 
P4: 0 0 0 
", color = "red"]
25[label = "Index: 25 
P4: 0 0 0 
", color = "blue"]
0 -> 1

1 -> 0
1 -> 2
1 -> 3

2 -> 1
2 -> 3
2 -> 4

3 -> 1
3 -> 2
3 -> 5

4 -> 2
4 -> 6
4 -> 7
4 -> 8

5 -> 3
5 -> 9
5 -> 10
5 -> 11
5 -> 12

6 -> 4
6 -> 7
6 -> 8
6 -> 13
6 -> 14
6 -> 18[style=bold label=" Remove P3 "];


7 -> 4
7 -> 6
7 -> 8

8 -> 4
8 -> 6
8 -> 7

9 -> 5
9 -> 10
9 -> 11
9 -> 12

10 -> 5
10 -> 9
10 -> 11
10 -> 12
10 -> 13
10 -> 15
10 -> 16
10 -> 17

11 -> 5
11 -> 9
11 -> 10
11 -> 12

12 -> 5
12 -> 9
12 -> 10
12 -> 11

13 -> 6
13 -> 10

14 -> 6

15 -> 10

16 -> 10

17 -> 10

18 -> 19
18 -> 20
18 -> 21
18 -> 22
18 -> 23[style=bold label=" Remove P2 "];


19 -> 18

20 -> 18

21 -> 18

22 -> 18

23 -> 24[style=bold label=" Remove P1 "];


24 -> 25[style=bold label=" Remove P0 "];


}
