graph G {
color = "black"
0 [label = "P1: 0 0 0 
P2: 0 0 0 
P3: 0 0 0 
P4: 0 0 0 
",  style="filled", fillcolor = "#96FF96"];
1 [label = "P1: -1 0 0 
P2: 0 0 0 
P3: 0 0 0 
P4: 0 0 0 
"];
2 [label = "P1: -1 0 0 
P2: 0 0 -1 
P3: 0 0 0 
P4: 0 0 0 
"];
3 [label = "P1: -1 0 0 
P2: 0 0 -2 
P3: 0 0 0 
P4: 0 0 0 
"];
4 [label = "P1: -1 0 0 
P2: 0 0 -2 
P3: -1 0 0 
P4: 0 0 0 
"];
5 [label = "P1: -1 0 -1 
P2: 0 0 -3 
P3: -1 0 -1 
P4: 0 0 0 
"];
6 [label = "P1: -2 0 -1 
P2: 0 0 -3 
P3: -1 0 -1 
P4: 0 0 0 
"];
7 [label = "P1: -1 0 -1 
P2: 1 0 -3 
P3: -1 0 -1 
P4: 0 0 0 
"];
8 [label = "P1: -2 0 -1 
P2: -1 0 -3 
P3: -1 0 -1 
P4: 0 0 0 
"];
9 [label = "P1: -2 0 -1 
P2: 0 0 -3 
P3: -2 0 -1 
P4: 0 0 0 
",  style="filled", fillcolor = "#FF9696"];
10 [label = "P1: -2 0 -1 
P2: -1 0 -3 
P3: -2 0 -1 
P4: 0 0 0 
",  style="filled", fillcolor = "#FF9696"];
11 [label = "P1: -3 0 -1 
P2: -1 0 -3 
P3: -1 0 -1 
P4: 0 0 0 
"];
12 [label = "P1: -3 0 -1 
P2: -1 0 -3 
P3: -2 0 -1 
P4: 0 0 0 
",  style="filled", fillcolor = "#FF9696"];
13 [label = "P1: -3 0 -1 
P2: -1 0 -3 
P3: -3 0 -1 
P4: 0 0 0 
",  style="filled", fillcolor = "#FF9696"];
14 [label = "P1: -3 0 -2 
P2: -1 0 -3 
P3: -1 0 -1 
P4: 0 0 0 
",  style="filled", fillcolor = "#FF9696"];
15 [label = "P1: -3 0 -2 
P2: -1 0 -4 
P3: -1 0 -1 
P4: 0 0 0 
",  style="filled", fillcolor = "#FF9696"];
16 [label = "P1: -3 0 -1 
P2: -1 0 -3 
P3: -1 0 0 
P4: 0 0 0 
",  style="filled", fillcolor = "#FF9696"];
edge [style=bold];
0 -- 1 [color="#1E96FF", penwidth=4.0];

1 -- 2 [color=black];
1 -- 3 [color="#1E96FF", penwidth=4.0];

2 -- 3 [color=black];

3 -- 4 [color="#1E96FF", penwidth=4.0];

4 -- 5 [color="#1E96FF", penwidth=4.0];

5 -- 6 [color=black];
5 -- 7 [color=black];
5 -- 8 [color=black];
5 -- 9 [color="#1E96FF", penwidth=4.0];
5 -- 10 [color=black];

6 -- 8 [color=black];
6 -- 11 [color=black];
6 -- 7 [color=black];
6 -- 9 [color=black];
6 -- 10 [color=black];
6 -- 12 [color=black];

7 -- 11 [color=black];
7 -- 9 [color=black];
7 -- 13 [color=black];

8 -- 11 [color=black];
8 -- 10 [color=black];
8 -- 12 [color=black];

9 -- 10 [color=black];
9 -- 12 [color=black];

10 -- 12 [color=black];
10 -- 13 [color=black];

11 -- 14 [color=black];
11 -- 15 [color=black];
11 -- 12 [color=black];
11 -- 13 [color=black];
11 -- 16 [color=black];

12 -- 13 [color=black];





}
