graph G {
color = "black"
0 [label = "P1: 0 0 0 
P2: 0 0 0 
P3: 0 0 0 
",  style="filled", fillcolor = "#96FF96"];
1 [label = "P1: 1 0 0 
P2: 0 0 0 
P3: 0 0 0 
"];
2 [label = "P1: 1 0 0 
P2: 0 0 -1 
P3: 0 0 0 
"];
3 [label = "P1: 1 0 0 
P2: 0 1 -1 
P3: 0 0 0 
"];
4 [label = "P1: 1 1 0 
P2: 0 1 -1 
P3: 0 0 0 
"];
5 [label = "P1: 1 0 0 
P2: 0 1 -1 
P3: 0 -1 0 
"];
6 [label = "P1: 2 1 0 
P2: 0 1 -1 
P3: 0 0 0 
"];
7 [label = "P1: 2 0 0 
P2: 0 1 -1 
P3: 0 -1 0 
"];
8 [label = "P1: 2 1 0 
P2: 1 2 -1 
P3: 0 0 0 
"];
9 [label = "P1: 2 0 0 
P2: 0 1 -1 
P3: -1 -1 0 
"];
10 [label = "P1: 3 2 0 
P2: 1 2 -1 
P3: 0 0 0 
"];
11 [label = "P1: 2 0 0 
P2: 0 1 -1 
P3: -1 -2 0 
"];
12 [label = "P1: 2 0 0 
P2: 0 1 -1 
P3: -1 -2 -1 
"];
13 [label = "P1: 2 1 0 
P2: 0 1 -1 
P3: -1 -2 -1 
"];
14 [label = "P1: 2 3 1 
P2: 1 3 0 
P3: 0 0 0 
"];
15 [label = "P1: 2 1 0 
P2: 0 1 -1 
P3: 0 -2 -1 
"];
1515 [label = "P1: 2 -∞ 0 
P2: 0 -∞ -1 
P3: 0 -2 -1 
",  style="filled", fillcolor = "#FF9696"];
16 [label = "P1: 2 3 1 
P2: 0 4 0 
P3: 0 0 0 
"];
edge [style=bold];
0 -- 1 [color="#1E96FF", penwidth=4.0];

1 -- 2 [color="#1E96FF", penwidth=4.0];

2 -- 3 [color="#1E96FF", penwidth=4.0];
2 -- 4 [color=black];

3 -- 4 [color=black];
3 -- 5 [color="#1E96FF", penwidth=4.0];

4 -- 6 [color=black];
4 -- 5 [color=black];

5 -- 7 [color="#1E96FF", penwidth=4.0];
5 -- 8 [color=black];

6 -- 7 [color=black];

7 -- 8 [color=black];
7 -- 9 [color="#1E96FF", penwidth=4.0];

8 -- 9 [color=black];

9 -- 10 [color=black];
9 -- 11 [color="#1E96FF", penwidth=4.0];

10 -- 11 [color=black];

11 -- 12 [color="#1E96FF", penwidth=4.0];

12 -- 13 [color="#1E96FF", penwidth=4.0];

13 -- 14 [color=black];
13 -- 15 [color="#1E96FF", penwidth=4.0];

14 -- 15 [color=black];

15 -- 16 [color=black];

15 -- 1515 [color="#1E96FF", penwidth=4.0];

}
