digraph G {
color = "black"
0[label = "Index: 0 
P0: 0 0 0 
P1: 0 0 0 
P2: 0 0 0 
P3: 0 0 0 
P4: 0 0 0 
", color = "green"]
1[label = "Index: 1 
P0: 0 0 -1 
P1: 0 0 0 
P2: 0 0 0 
P3: 0 0 0 
P4: 0 0 0 
", color = "orange"]
2[label = "Index: 2 
P0: 0 0 -1 
P1: 0 1 0 
P2: 0 0 0 
P3: 0 0 0 
P4: 0 0 0 
", color = "orange"]
3[label = "Index: 3 
P0: 0 0 -1 
P1: 0 1 0 
P2: 0 0 -1 
P3: 0 0 0 
P4: 0 0 0 
", color = "orange"]
4[label = "Index: 4 
P0: 0 0 -1 
P1: 0 1 0 
P2: 0 0 -1 
P3: 0 1 0 
P4: 0 0 0 
", color = "orange"]
5[label = "Index: 5 
P0: 1 0 -1 
P1: 1 1 0 
P2: 0 0 -1 
P3: 0 1 0 
P4: 0 0 0 
", color = "red"]
6[label = "Index: 6 
P2: 0 0 -1 
P4: 0 0 0 
", color = "red"]
7[label = "Index: 7 
P2: 0 0 -1 
"]
8[label = "Index: 8 
P4: 0 0 0 
", color = "blue"]
9[label = "Index: 9 
P0: 1 0 -1 
P1: 1 1 0 
P3: 0 1 0 
", color = "red"]
10[label = "Index: 10 
P3: 0 1 0 
"]
11[label = "Index: 11 
P0: 1 0 -1 
P1: 1 1 0 
", color = "green"]
12[label = "Index: 12 
P0: 1 1 -1 
P1: 1 1 0 
"]
13[label = "Index: 13 
P0: 1 1 0 
P1: 1 1 0 
"]
0 -> 1

1 -> 0
1 -> 2

2 -> 1
2 -> 3

3 -> 2
3 -> 4

4 -> 3
4 -> 5

5 -> 4
5 -> 6[style=bold label=" Remove P0 P1 P3 "];

5 -> 9[style=bold label=" Remove P2 P4 "];


6 -> 8[style=bold label=" Remove P2 "];

6 -> 7

9 -> 10
9 -> 11

11 -> 12

12 -> 11
12 -> 13

13 -> 12

}
