digraph G {
color = "black"
0[label = "Index: 0 
P0: 0 0 0 
P1: 0 0 0 
P2: 0 0 0 
P3: 0 0 0 
", color = "green"]
1[label = "Index: 1 
P0: 0 0 -1 
P1: 0 0 0 
P2: 0 0 0 
P3: 0 0 0 
"]
2[label = "Index: 2 
P0: 0 0 -2 
P1: 0 0 0 
P2: 0 0 0 
P3: 0 0 0 
", color = "orange"]
3[label = "Index: 3 
P0: 0 0 -2 
P1: 1 0 0 
P2: 0 0 0 
P3: 0 0 0 
", color = "orange"]
4[label = "Index: 4 
P0: 0 0 -2 
P1: 1 0 0 
P2: 0 0 1 
P3: 0 0 0 
", color = "red"]
5[label = "Index: 5 
P0: 0 0 -2 
P1: 1 0 1 
P2: 0 0 1 
P3: 0 0 0 
", color = "purple"]
6[label = "Index: 6 
P0: 0 0 -1 
P1: 1 0 1 
P2: 0 0 1 
P3: 0 0 0 
", color = "purple"]
7[label = "Index: 7 
P0: 1 0 -2 
P1: 1 0 0 
P2: 0 0 1 
P3: 0 0 0 
"]
8[label = "Index: 8 
P0: 1 0 -2 
P1: 1 0 1 
P2: 0 0 1 
P3: 0 0 0 
"]
9[label = "Index: 9 
P0: 0 0 -2 
P1: 1 0 1 
P2: 1 0 1 
P3: 0 0 0 
"]
10[label = "Index: 10 
P0: 0 0 -2 
P1: 1 0 1 
P2: 0 0 2 
P3: 0 0 0 
"]
11[label = "Index: 11 
P0: 0 0 -1 
P1: 1 0 1 
P2: 1 0 1 
P3: 0 0 0 
"]
12[label = "Index: 12 
P0: 0 0 -1 
P1: 1 0 1 
P2: 0 0 2 
P3: 0 0 0 
"]
13[label = "Index: 13 
P0: 1 0 -1 
P1: 1 0 1 
P2: 1 0 1 
P3: 0 0 0 
"]
14[label = "Index: 14 
P0: 0 0 -2 
P3: 0 0 0 
", color = "red"]
15[label = "Index: 15 
P3: 0 0 0 
", color = "blue"]
0 -> 1
0 -> 2

1 -> 0
1 -> 2

2 -> 0
2 -> 1
2 -> 3

3 -> 2
3 -> 4
3 -> 5
3 -> 6

4 -> 3
4 -> 7
4 -> 5
4 -> 6
4 -> 14[style=bold label=" Remove P1 P2 "];


5 -> 3
5 -> 4
5 -> 8
5 -> 6
5 -> 9
5 -> 10

6 -> 3
6 -> 4
6 -> 5
6 -> 11
6 -> 12
6 -> 13

7 -> 4

8 -> 5

9 -> 5

10 -> 5

11 -> 6

12 -> 6

13 -> 6

14 -> 15[style=bold label=" Remove P0 "];


}
