digraph G {
color = "black"
0[label = "Index: 0 
P0: 0 0 0 
P1: 0 0 0 
P2: 0 0 0 
", style="filled", fillcolor = "green"]
1[label = "Index: 1 
P0: 0 1 0 
P1: 0 0 0 
P2: 0 0 0 
", color = "orange"]
2[label = "Index: 2 
P0: 0 1 0 
P1: -1 0 0 
P2: 0 0 0 
", color = "orange"]
3[label = "Index: 3 
P0: 0 2 0 
P1: -1 0 0 
P2: 0 0 0 
", color = "orange"]
4[label = "Index: 4 
P0: 0 2 0 
P1: -2 0 0 
P2: 0 0 0 
"]
5[label = "Index: 5 
P0: 0 2 0 
P1: -3 0 0 
P2: 0 0 0 
", color = "orange"]
6[label = "Index: 6 
P0: 0 3 0 
P1: -3 0 0 
P2: 0 0 0 
", style="filled", fillcolor = "red"]
7[label = "Index: 7 
P1: -3 0 0 
", color = "fuchsia"]
8[label = "Index: 8 
P0: 0 3 0 
P2: 0 0 0 
", color = "orange"]
9[label = "Index: 9 
P0: 0 2 0 
P2: 0 0 0 
"]
10[label = "Index: 10 
P0: 0 1 0 
P2: 0 0 0 
"]
11[label = "Index: 11 
P0: 0 0 0 
P2: 0 0 0 
"]
12[label = "Index: 12 
P0: 0 4 0 
P2: 0 0 0 
", color = "orange"]
13[label = "Index: 13 
P0: 1 4 0 
P2: 0 0 0 
", color = "red"]
14[label = "Index: 14 
P0: 1 4 0 
", style="filled", fillcolor = "blue"]
15[label = "Index: 15 
P2: 0 0 0 
", color = "fuchsia"]
0 -> 1

1 -> 0
1 -> 2

2 -> 1
2 -> 3

3 -> 2
3 -> 4
3 -> 5

4 -> 3
4 -> 5

5 -> 3
5 -> 4
5 -> 6

6 -> 5
6 -> 8
6 -> 7

8 -> 9
8 -> 10
8 -> 11
8 -> 12

9 -> 8
9 -> 10
9 -> 11
9 -> 12

10 -> 8
10 -> 9
10 -> 11
10 -> 12

11 -> 8
11 -> 9
11 -> 10
11 -> 12

12 -> 8
12 -> 9
12 -> 10
12 -> 11
12 -> 13

13 -> 12
13 -> 15
13 -> 14

}
