digraph G {
color = "black"
0[label = "Index: 0 
P0: 0 0 0 
P1: 0 0 0 
P2: 0 0 0 
P3: 0 0 0 
", style="filled", fillcolor = "green"]
1[label = "Index: 1 
P0: 0 0 -1 
P1: 0 0 0 
P2: 0 0 0 
P3: 0 0 0 
", color = "orange"]
2[label = "Index: 2 
P0: 0 0 -1 
P1: 1 0 0 
P2: 0 0 0 
P3: 0 0 0 
", color = "orange"]
3[label = "Index: 3 
P0: 0 0 -1 
P1: 1 0 0 
P2: 0 0 1 
P3: 0 0 0 
"]
4[label = "Index: 4 
P0: 0 0 -1 
P1: 1 0 0 
P2: 0 0 2 
P3: 0 0 0 
", color = "orange"]
5[label = "Index: 5 
P0: 0 -1 -1 
P1: 1 0 0 
P2: 0 0 2 
P3: 0 0 0 
", color = "orange"]
6[label = "Index: 6 
P0: 0 -1 -1 
P1: 2 0 0 
P2: 0 0 2 
P3: 0 0 0 
", color = "orange"]
7[label = "Index: 7 
P0: 0 -1 -1 
P1: 2 0 1 
P2: 0 0 2 
P3: 0 0 0 
", color = "orange"]
8[label = "Index: 8 
P0: 0 0 -1 
P1: 2 0 1 
P2: 0 0 2 
P3: 0 0 0 
", color = "orange"]
9[label = "Index: 9 
P0: 0 0 -1 
P1: 2 0 1 
P2: 1 0 2 
P3: 0 0 0 
"]
10[label = "Index: 10 
P0: 0 0 -1 
P1: 3 0 1 
P2: 1 0 2 
P3: 0 0 0 
", color = "orange"]
11[label = "Index: 11 
P0: 0 0 -1 
P1: 2 0 2 
P2: 1 0 2 
P3: 0 0 0 
"]
12[label = "Index: 12 
P0: 0 0 -1 
P1: 3 1 1 
P2: 1 0 2 
P3: 0 0 0 
", color = "orange"]
13[label = "Index: 13 
P0: 0 0 -1 
P1: 3 1 1 
P2: 0 0 2 
P3: 0 0 0 
", color = "orange"]
14[label = "Index: 14 
P0: 0 -1 -1 
P1: 3 1 1 
P2: 0 0 2 
P3: 0 0 0 
"]
15[label = "Index: 15 
P0: 0 1 -1 
P1: 3 1 1 
P2: 0 0 2 
P3: 0 0 0 
", color = "orange"]
16[label = "Index: 16 
P0: 0 0 0 
P1: 3 1 1 
P2: 0 0 2 
P3: 0 0 0 
"]
17[label = "Index: 17 
P0: 0 1 -2 
P1: 3 1 1 
P2: 0 0 2 
P3: 0 0 0 
", color = "orange"]
18[label = "Index: 18 
P0: -1 1 -2 
P1: 3 1 1 
P2: 0 0 2 
P3: 0 0 0 
", style="filled", fillcolor = "red"]
19[label = "Index: 19 
P0: 0 1 -2 
P1: 3 1 1 
P2: 1 0 2 
P3: 0 0 0 
"]
20[label = "Index: 20 
P0: 0 1 -2 
P1: 3 0 1 
P2: 1 0 2 
P3: 0 0 0 
"]
21[label = "Index: 21 
P0: 0 1 -2 
P1: 2 0 1 
P2: 1 0 2 
P3: 0 0 0 
"]
22[label = "Index: 22 
P0: 0 1 -2 
P1: 2 0 1 
P2: 0 0 2 
P3: 0 0 0 
"]
23[label = "Index: 23 
P0: -1 1 -2 
P1: 2 0 1 
P2: 0 0 2 
P3: 0 0 0 
", color = "purple"]
24[label = "Index: 24 
P0: 0 1 -2 
P1: 2 0 2 
P2: 1 0 2 
P3: 0 0 0 
"]
25[label = "Index: 25 
P0: -1 1 -2 
", color = "fuchsia"]
26[label = "Index: 26 
P1: 3 1 1 
P2: 0 0 2 
P3: 0 0 0 
", color = "orange"]
27[label = "Index: 27 
P1: 3 1 1 
P2: 1 0 2 
P3: 0 0 0 
", color = "orange"]
28[label = "Index: 28 
P1: 3 0 1 
P2: 1 0 2 
P3: 0 0 0 
", color = "orange"]
29[label = "Index: 29 
P1: 2 0 1 
P2: 1 0 2 
P3: 0 0 0 
"]
30[label = "Index: 30 
P1: 2 0 1 
P2: 0 0 2 
P3: 0 0 0 
", color = "orange"]
31[label = "Index: 31 
P1: 2 0 0 
P2: 1 0 2 
P3: 0 0 0 
"]
32[label = "Index: 32 
P1: 2 0 2 
P2: 1 0 2 
P3: 0 0 0 
"]
33[label = "Index: 33 
P1: 2 0 0 
P2: 0 0 2 
P3: 0 0 0 
"]
34[label = "Index: 34 
P1: 2 0 0 
P2: 0 0 1 
P3: 0 0 0 
", color = "orange"]
35[label = "Index: 35 
P1: 1 0 0 
P2: 0 0 2 
P3: 0 0 0 
"]
36[label = "Index: 36 
P1: 1 0 0 
P2: 0 0 1 
P3: 0 0 0 
", color = "orange"]
37[label = "Index: 37 
P1: 1 0 -1 
P2: 0 0 2 
P3: 0 0 0 
"]
38[label = "Index: 38 
P1: 1 0 -2 
P2: 0 0 2 
P3: 0 0 0 
"]
39[label = "Index: 39 
P1: 1 0 0 
P2: 0 0 0 
P3: 0 0 0 
"]
40[label = "Index: 40 
P1: 1 0 -1 
P2: 0 0 1 
P3: 0 0 0 
"]
41[label = "Index: 41 
P1: 1 0 -2 
P2: 0 0 0 
P3: 0 0 0 
"]
42[label = "Index: 42 
P1: 1 0 -2 
P2: 0 0 1 
P3: 0 0 0 
", color = "orange"]
43[label = "Index: 43 
P1: 1 0 -1 
P2: 0 0 0 
P3: 0 0 0 
"]
44[label = "Index: 44 
P1: 1 0 -2 
P2: 1 0 2 
P3: 0 0 0 
"]
45[label = "Index: 45 
P1: 0 0 0 
P2: 0 0 0 
P3: 0 0 0 
"]
46[label = "Index: 46 
P1: 1 0 -2 
P2: 0 1 1 
P3: 0 0 0 
", color = "orange"]
47[label = "Index: 47 
P1: 1 0 -2 
P2: -1 1 1 
P3: 0 0 0 
", color = "red"]
48[label = "Index: 48 
P1: 1 0 -2 
P2: -2 1 1 
P3: 0 0 0 
"]
49[label = "Index: 49 
P2: -1 1 1 
", color = "fuchsia"]
50[label = "Index: 50 
P1: 1 0 -2 
P3: 0 0 0 
", color = "orange"]
51[label = "Index: 51 
P1: 1 0 -1 
P3: 0 0 0 
"]
52[label = "Index: 52 
P1: 1 0 0 
P3: 0 0 0 
", color = "orange"]
53[label = "Index: 53 
P1: 0 0 0 
P3: 0 0 0 
"]
54[label = "Index: 54 
P1: 2 0 0 
P3: 0 0 0 
", color = "orange"]
55[label = "Index: 55 
P1: 2 0 1 
P3: 0 0 0 
", color = "red"]
56[label = "Index: 56 
P1: 2 0 2 
P3: 0 0 0 
"]
57[label = "Index: 57 
P1: 2 0 1 
", style="filled", fillcolor = "blue"]
58[label = "Index: 58 
P3: 0 0 0 
", color = "fuchsia"]
0 -> 1

1 -> 0
1 -> 2

2 -> 1
2 -> 3
2 -> 4

3 -> 2
3 -> 4

4 -> 2
4 -> 3
4 -> 5

5 -> 4
5 -> 6

6 -> 5
6 -> 7

7 -> 6
7 -> 8

8 -> 7
8 -> 9
8 -> 10

9 -> 8
9 -> 10
9 -> 11

10 -> 8
10 -> 9
10 -> 12

11 -> 9

12 -> 10
12 -> 13

13 -> 12
13 -> 14
13 -> 15
13 -> 16

14 -> 13
14 -> 15

15 -> 13
15 -> 14
15 -> 17

16 -> 13

17 -> 15
17 -> 18
17 -> 19

18 -> 17
18 -> 19
18 -> 26
18 -> 25

19 -> 17
19 -> 20
19 -> 18

20 -> 19
20 -> 21
20 -> 22
20 -> 23

21 -> 20
21 -> 24
21 -> 22
21 -> 23

22 -> 20
22 -> 21
22 -> 23

23 -> 20
23 -> 21
23 -> 22

24 -> 21

26 -> 27

27 -> 26
27 -> 28

28 -> 27
28 -> 29
28 -> 30

29 -> 28
29 -> 31
29 -> 32
29 -> 30

30 -> 28
30 -> 29
30 -> 33
30 -> 34

31 -> 29
31 -> 32
31 -> 33
31 -> 35

32 -> 29
32 -> 31

33 -> 30
33 -> 31
33 -> 35
33 -> 34

34 -> 30
34 -> 33
34 -> 36

35 -> 31
35 -> 33
35 -> 37
35 -> 38
35 -> 36
35 -> 39
35 -> 40
35 -> 41

36 -> 34
36 -> 35
36 -> 40
36 -> 42
36 -> 39
36 -> 43

37 -> 35
37 -> 38
37 -> 40
37 -> 43
37 -> 42

38 -> 35
38 -> 37
38 -> 44
38 -> 42
38 -> 41

39 -> 35
39 -> 36
39 -> 45
39 -> 43
39 -> 41

40 -> 35
40 -> 36
40 -> 37
40 -> 42
40 -> 43
40 -> 41

41 -> 35
41 -> 38
41 -> 39
41 -> 40
41 -> 43
41 -> 42

42 -> 36
42 -> 37
42 -> 38
42 -> 40
42 -> 41
42 -> 46

43 -> 36
43 -> 37
43 -> 39
43 -> 40
43 -> 41

44 -> 38

45 -> 39

46 -> 42
46 -> 47
46 -> 48

47 -> 46
47 -> 50
47 -> 49

48 -> 46

50 -> 51
50 -> 52

51 -> 50
51 -> 52

52 -> 50
52 -> 51
52 -> 53
52 -> 54

53 -> 52
53 -> 54

54 -> 52
54 -> 53
54 -> 55
54 -> 56

55 -> 54
55 -> 58
55 -> 57

56 -> 54

}
