digraph G {
color = "black"
0[label = "Index: 0 
P0: 0 0 0 
P1: 0 0 0 
P2: 0 0 0 
", style="filled", fillcolor = "green"]
1[label = "Index: 1 
P0: 0 -1 0 
P1: 0 0 0 
P2: 0 0 0 
"]
2[label = "Index: 2 
P0: 0 -2 0 
P1: 0 0 0 
P2: 0 0 0 
", color = "orange"]
3[label = "Index: 3 
P0: 0 -1 -1 
P1: 0 0 -1 
P2: 0 0 0 
"]
4[label = "Index: 4 
P0: 0 -1 -2 
P1: 0 0 -2 
P2: 0 0 0 
"]
5[label = "Index: 5 
P0: 0 -2 0 
P1: 0 0 -1 
P2: 0 0 0 
"]
6[label = "Index: 6 
P0: 0 -2 0 
P1: 0 0 -2 
P2: 0 0 0 
", color = "orange"]
7[label = "Index: 7 
P0: 0 -1 -2 
P1: 0 -1 -2 
P2: 0 0 0 
"]
8[label = "Index: 8 
P0: -1 -2 0 
P1: 0 0 -1 
P2: 0 0 0 
"]
9[label = "Index: 9 
P0: -1 -2 0 
P1: 0 0 -2 
P2: 0 0 0 
", color = "orange"]
10[label = "Index: 10 
P0: 1 -1 -2 
P1: 1 -1 -2 
P2: 0 0 0 
"]
11[label = "Index: 11 
P0: -1 -2 -1 
P1: 0 0 -2 
P2: 0 0 0 
"]
12[label = "Index: 12 
P0: -1 -3 0 
P1: 0 -1 -2 
P2: 0 0 0 
", color = "orange"]
13[label = "Index: 13 
P0: -1 -3 -1 
P1: 0 -1 -2 
P2: 0 0 0 
"]
14[label = "Index: 14 
P0: -1 -3 0 
P1: 1 -1 -2 
P2: 0 0 0 
", color = "orange"]
15[label = "Index: 15 
P0: -1 -3 -1 
P1: 1 -1 -2 
P2: 0 0 0 
"]
16[label = "Index: 16 
P0: -1 -3 0 
P1: 1 -1 -1 
P2: 0 0 0 
"]
17[label = "Index: 17 
P0: -1 -4 0 
P1: 1 -2 -2 
P2: 0 0 0 
", color = "orange"]
18[label = "Index: 18 
P0: -1 -4 -1 
P1: 1 -2 -2 
P2: 0 0 0 
"]
19[label = "Index: 19 
P0: -1 -4 0 
P1: 1 -2 -1 
P2: 0 0 0 
"]
20[label = "Index: 20 
P0: -1 -4 -1 
P1: 1 -2 -3 
P2: 0 0 0 
", style="filled", fillcolor = "red"]
21[label = "Index: 21 
P0: -1 -4 -2 
P1: 1 -2 -3 
P2: 0 0 0 
", color = "purple"]
22[label = "Index: 22 
P2: 0 0 0 
", color = "fuchsia"]
23[label = "Index: 23 
P0: -1 -4 -1 
P1: 1 -2 -3 
", color = "red"]
24[label = "Index: 24 
P1: 1 -2 -3 
", style="filled", fillcolor = "blue"]
25[label = "Index: 25 
P0: -1 -4 -1 
", color = "fuchsia"]
0 -> 1
0 -> 2

1 -> 0
1 -> 2
1 -> 3
1 -> 4

2 -> 0
2 -> 1
2 -> 5
2 -> 6

3 -> 1
3 -> 4

4 -> 1
4 -> 3
4 -> 7

5 -> 2
5 -> 8
5 -> 6

6 -> 2
6 -> 5
6 -> 9

7 -> 4
7 -> 10

8 -> 5
8 -> 9
8 -> 11

9 -> 6
9 -> 8
9 -> 11
9 -> 12

10 -> 7

11 -> 8
11 -> 9
11 -> 13

12 -> 9
12 -> 13
12 -> 14

13 -> 11
13 -> 12
13 -> 15

14 -> 12
14 -> 15
14 -> 16
14 -> 17

15 -> 13
15 -> 14
15 -> 18
15 -> 16

16 -> 14
16 -> 15
16 -> 19

17 -> 14
17 -> 18
17 -> 19
17 -> 20

18 -> 15
18 -> 17
18 -> 20
18 -> 21
18 -> 19

19 -> 16
19 -> 17
19 -> 18
19 -> 21

20 -> 17
20 -> 18
20 -> 21
20 -> 22
20 -> 23

21 -> 18
21 -> 19
21 -> 20

23 -> 24
23 -> 25

}
