digraph G {
color = "black"
0[label = "Index: 0 
P0: 0 0 0 
P1: 0 0 0 
P2: 0 0 0 
P3: 0 0 0 
", style="filled", fillcolor = "green"]
1[label = "Index: 1 
P0: 0 -1 0 
P1: 0 0 0 
P2: 0 0 0 
P3: 0 0 0 
", color = "orange"]
2[label = "Index: 2 
P0: 0 -1 0 
P1: -1 0 0 
P2: 0 0 0 
P3: 0 0 0 
", color = "orange"]
3[label = "Index: 3 
P0: 0 -1 0 
P1: -1 0 0 
P2: -1 0 0 
P3: 0 0 0 
"]
4[label = "Index: 4 
P0: 0 -2 0 
P1: -1 0 0 
P2: 0 0 0 
P3: 0 0 0 
", color = "orange"]
5[label = "Index: 5 
P0: 0 -2 0 
P1: -2 0 0 
P2: 0 0 0 
P3: 0 0 0 
", color = "orange"]
6[label = "Index: 6 
P0: 0 -2 -1 
P1: -2 0 -1 
P2: 0 0 0 
P3: 0 0 0 
", color = "orange"]
7[label = "Index: 7 
P0: -1 -2 -1 
P1: -3 0 -1 
P2: -1 0 0 
P3: 0 0 0 
", color = "orange"]
8[label = "Index: 8 
P0: -1 -3 -1 
P1: -3 -1 -1 
P2: -1 -1 0 
P3: 0 0 0 
", color = "orange"]
9[label = "Index: 9 
P0: -1 -3 0 
P1: -3 -1 0 
P2: -1 -1 0 
P3: 0 0 0 
", color = "orange"]
10[label = "Index: 10 
P0: -1 -3 0 
P1: -3 -1 0 
P2: -1 0 0 
P3: 0 0 0 
", color = "orange"]
11[label = "Index: 11 
P0: -2 -3 0 
P1: -3 -1 0 
P2: -1 0 0 
P3: 0 0 0 
"]
12[label = "Index: 12 
P0: -2 -3 0 
P1: -4 -1 0 
P2: -1 0 0 
P3: 0 0 0 
", color = "orange"]
13[label = "Index: 13 
P0: -1 -3 0 
P1: -3 -1 0 
P2: 0 0 0 
P3: 0 0 0 
"]
14[label = "Index: 14 
P0: -2 -4 0 
P1: -4 -2 0 
P2: -1 -1 0 
P3: 0 0 0 
", color = "orange"]
15[label = "Index: 15 
P0: -2 -4 1 
P1: -4 -2 1 
P2: -1 -1 0 
P3: 0 0 0 
", color = "orange"]
16[label = "Index: 16 
P0: -2 -4 1 
P1: -4 -2 1 
P2: -1 0 0 
P3: 0 0 0 
", color = "orange"]
17[label = "Index: 17 
P0: -2 -4 2 
P1: -4 -2 2 
P2: -1 0 1 
P3: 0 0 0 
", style="filled", fillcolor = "red"]
18[label = "Index: 18 
P0: -2 -4 3 
P1: -4 -2 3 
P2: -1 0 2 
P3: 0 0 0 
", color = "purple"]
19[label = "Index: 19 
P0: -2 -4 2 
P1: -3 -2 2 
P2: -1 0 1 
P3: 0 0 0 
"]
20[label = "Index: 20 
P0: -2 -4 3 
P1: -3 -2 3 
P2: -1 0 2 
P3: 0 0 0 
"]
21[label = "Index: 21 
P2: -1 0 1 
P3: 0 0 0 
", color = "orange"]
22[label = "Index: 22 
P2: -2 0 1 
P3: 0 0 0 
"]
23[label = "Index: 23 
P2: -1 0 0 
P3: 0 0 0 
", color = "orange"]
24[label = "Index: 24 
P2: -1 0 2 
P3: 0 0 0 
"]
25[label = "Index: 25 
P2: -2 -1 1 
P3: 0 0 0 
"]
26[label = "Index: 26 
P2: 0 0 0 
P3: 0 0 0 
"]
27[label = "Index: 27 
P2: -1 -1 0 
P3: 0 0 0 
"]
28[label = "Index: 28 
P2: -1 -2 0 
P3: 0 0 0 
", color = "red"]
29[label = "Index: 29 
P2: -1 -2 0 
", style="filled", fillcolor = "blue"]
30[label = "Index: 30 
P3: 0 0 0 
", color = "fuchsia"]
31[label = "Index: 31 
P0: -2 -4 2 
P1: -4 -2 2 
", color = "blue"]
32[label = "Index: 32 
P0: -3 -4 2 
P1: -4 -2 2 
", color = "red"]
33[label = "Index: 33 
P1: -4 -2 2 
", color = "fuchsia"]
34[label = "Index: 34 
P0: -3 -4 2 
", color = "fuchsia"]
0 -> 1

1 -> 0
1 -> 2
1 -> 3

2 -> 1
2 -> 4
2 -> 3

3 -> 1
3 -> 2

4 -> 2
4 -> 5

5 -> 4
5 -> 6

6 -> 5
6 -> 7

7 -> 6
7 -> 8

8 -> 7
8 -> 9

9 -> 8
9 -> 10

10 -> 9
10 -> 11
10 -> 12
10 -> 13

11 -> 10
11 -> 12
11 -> 13

12 -> 10
12 -> 11
12 -> 13
12 -> 14

13 -> 10
13 -> 11
13 -> 12

14 -> 12
14 -> 15

15 -> 14
15 -> 16

16 -> 15
16 -> 17
16 -> 18

17 -> 16
17 -> 19
17 -> 21
17 -> 31

18 -> 16
18 -> 20

19 -> 17

20 -> 18

21 -> 22
21 -> 23
21 -> 24

22 -> 21
22 -> 25

23 -> 21
23 -> 26
23 -> 27
23 -> 28
23 -> 24

24 -> 21
24 -> 23

25 -> 22

26 -> 23

27 -> 23
27 -> 28

28 -> 23
28 -> 27
28 -> 30
28 -> 29

31 -> 32

32 -> 31
32 -> 33
32 -> 34

}
