digraph G {
color = "black"
0[label = "Index: 0 
P0: 0 0 0 
P1: 0 0 0 
P2: 0 0 0 
", style="filled", fillcolor = "green"]
1[label = "Index: 1 
P0: 0 1 0 
P1: 0 0 0 
P2: 0 0 0 
"]
2[label = "Index: 2 
P0: 0 2 0 
P1: 0 0 0 
P2: 0 0 0 
", color = "orange"]
3[label = "Index: 3 
P0: 0 3 0 
P1: 0 0 0 
P2: 0 0 0 
"]
4[label = "Index: 4 
P0: 0 2 0 
P1: 0 0 -1 
P2: 0 0 0 
", color = "orange"]
5[label = "Index: 5 
P0: 0 2 0 
P1: 1 0 -1 
P2: 0 0 0 
", color = "orange"]
6[label = "Index: 6 
P0: 0 2 0 
P1: 2 0 -1 
P2: 0 0 0 
"]
7[label = "Index: 7 
P0: 0 1 0 
P1: 1 -1 -1 
P2: 0 0 0 
", color = "orange"]
8[label = "Index: 8 
P0: 1 1 0 
P1: 1 -1 -1 
P2: 0 0 0 
", color = "orange"]
9[label = "Index: 9 
P0: 1 1 -1 
P1: 1 -1 -1 
P2: 0 0 0 
"]
10[label = "Index: 10 
P0: 1 1 -1 
P1: 1 -1 -2 
P2: 0 0 0 
", style="filled", fillcolor = "red"]
11[label = "Index: 11 
P0: 1 0 -1 
P1: 1 -1 -1 
P2: 0 0 0 
"]
12[label = "Index: 12 
P0: 1 -1 -1 
P1: 1 -1 -1 
P2: 0 0 0 
"]
13[label = "Index: 13 
P0: 1 1 -1 
P1: 1 0 -1 
P2: 0 0 0 
"]
14[label = "Index: 14 
P0: 1 1 -1 
P1: 2 -1 -2 
P2: 0 0 0 
"]
15[label = "Index: 15 
P0: 1 0 -1 
P1: 1 0 -1 
P2: 0 0 0 
"]
16[label = "Index: 16 
P0: 1 1 -1 
P1: 2 0 -1 
P2: 0 0 0 
"]
17[label = "Index: 17 
P0: 2 1 -1 
P1: 2 0 -1 
P2: 0 0 0 
", color = "purple"]
18[label = "Index: 18 
P0: 2 0 -1 
P1: 2 0 -1 
P2: 0 0 0 
", color = "purple"]
19[label = "Index: 19 
P2: 0 0 0 
", color = "fuchsia"]
20[label = "Index: 20 
P0: 1 1 -1 
P1: 1 -1 -2 
", color = "red"]
21[label = "Index: 21 
P1: 1 -1 -2 
", style="filled", fillcolor = "blue"]
22[label = "Index: 22 
P0: 1 1 -1 
", color = "fuchsia"]
0 -> 1
0 -> 2
0 -> 3

1 -> 0
1 -> 2
1 -> 3

2 -> 0
2 -> 1
2 -> 3
2 -> 4

3 -> 0
3 -> 1
3 -> 2

4 -> 2
4 -> 5
4 -> 6

5 -> 4
5 -> 6
5 -> 7

6 -> 4
6 -> 5

7 -> 5
7 -> 8

8 -> 7
8 -> 9
8 -> 10

9 -> 8
9 -> 11
9 -> 12
9 -> 13
9 -> 10

10 -> 8
10 -> 9
10 -> 14
10 -> 19
10 -> 20

11 -> 9
11 -> 12
11 -> 15
11 -> 13

12 -> 9
12 -> 11
12 -> 15

13 -> 9
13 -> 11
13 -> 15
13 -> 16
13 -> 17

14 -> 10

15 -> 11
15 -> 12
15 -> 13
15 -> 18

16 -> 13
16 -> 17

17 -> 13
17 -> 16
17 -> 18

18 -> 15
18 -> 17

20 -> 21
20 -> 22

}
