digraph G {
color = "black"
0[label = "Index: 0 
P0: 0 0 0 
P1: 0 0 0 
P2: 0 0 0 
P3: 0 0 0 
P4: 0 0 0 
P5: 0 0 0 
", style="filled", fillcolor = "green"]
1[label = "Index: 1 
P0: 1 0 0 
P1: 0 0 0 
P2: 0 0 0 
P3: 0 0 0 
P4: 0 0 0 
P5: 0 0 0 
", color = "orange"]
2[label = "Index: 2 
P0: 1 0 0 
P1: 0 1 0 
P2: 0 0 0 
P3: 0 0 0 
P4: 0 0 0 
P5: 0 0 0 
", color = "orange"]
3[label = "Index: 3 
P0: 1 0 0 
P1: 0 1 0 
P2: 1 0 0 
P3: 0 0 0 
P4: 0 0 0 
P5: 0 0 0 
", color = "orange"]
4[label = "Index: 4 
P0: 1 0 0 
P1: 0 1 0 
P2: 1 0 0 
P3: 0 1 0 
P4: 0 0 0 
P5: 0 0 0 
", color = "orange"]
5[label = "Index: 5 
P0: 1 0 0 
P1: 0 1 0 
P2: 1 0 0 
P3: 0 1 0 
P4: 0 0 1 
P5: 0 0 0 
", color = "orange"]
6[label = "Index: 6 
P0: 2 0 0 
P1: 0 1 0 
P2: 1 0 0 
P3: 0 1 0 
P4: 0 0 1 
P5: 0 0 0 
", color = "orange"]
7[label = "Index: 7 
P0: 2 0 0 
P1: 0 1 0 
P2: 1 0 0 
P3: 0 1 0 
P4: 0 0 2 
P5: 0 0 0 
", color = "orange"]
8[label = "Index: 8 
P0: 1 0 0 
P1: -1 1 0 
P2: 1 0 0 
P3: -1 1 0 
P4: -1 0 2 
P5: 0 0 0 
", color = "orange"]
9[label = "Index: 9 
P0: 1 0 0 
P1: -1 1 0 
P2: 0 0 0 
P3: -1 1 0 
P4: -1 0 2 
P5: 0 0 0 
"]
10[label = "Index: 10 
P0: 0 0 0 
P1: -2 1 0 
P2: 0 0 0 
P3: -2 1 0 
P4: -2 0 2 
P5: 0 0 0 
", color = "orange"]
11[label = "Index: 11 
P0: 0 0 0 
P1: -2 1 0 
P2: 0 0 0 
P3: -2 1 0 
P4: -2 -1 2 
P5: 0 0 0 
", color = "orange"]
12[label = "Index: 12 
P0: 0 0 0 
P1: -2 1 0 
P2: 0 0 0 
P3: -2 1 0 
P4: -2 -1 1 
P5: 0 0 0 
", color = "orange"]
13[label = "Index: 13 
P0: 0 0 0 
P1: -1 1 0 
P2: 0 0 0 
P3: -1 1 0 
P4: -2 -1 1 
P5: 0 0 0 
"]
14[label = "Index: 14 
P0: 1 0 0 
P1: -1 1 0 
P2: 0 0 0 
P3: -1 1 0 
P4: -2 -1 1 
P5: 0 0 0 
"]
15[label = "Index: 15 
P0: 1 0 0 
P1: -1 1 0 
P2: 1 0 0 
P3: -1 1 0 
P4: -2 -1 1 
P5: 0 0 0 
"]
16[label = "Index: 16 
P0: 0 0 0 
P1: -2 1 0 
P2: 0 0 0 
P3: -2 1 0 
P4: -3 -1 1 
P5: 0 0 0 
"]
17[label = "Index: 17 
P0: 0 0 0 
P1: -2 1 0 
P2: 0 0 0 
P3: -2 1 0 
P4: -4 -1 1 
P5: 0 0 0 
", style="filled", fillcolor = "red"]
18[label = "Index: 18 
P0: 0 0 0 
P1: -1 1 0 
P2: 0 0 0 
P3: -1 0 0 
P4: -2 -1 1 
P5: 0 0 0 
"]
19[label = "Index: 19 
P0: 1 0 0 
P1: 0 1 0 
P2: 1 0 0 
P3: 0 1 0 
P4: -2 -1 1 
P5: 0 0 0 
", color = "purple"]
20[label = "Index: 20 
P0: 0 0 0 
P1: -1 1 0 
P2: 0 0 0 
P3: -1 1 0 
P4: -3 -1 1 
P5: 0 0 0 
", color = "purple"]
21[label = "Index: 21 
P0: 1 0 0 
P1: -1 1 0 
P2: 0 0 0 
P3: -1 0 0 
P4: -2 -1 1 
P5: 0 0 0 
"]
22[label = "Index: 22 
P0: 2 0 0 
P1: 0 1 0 
P2: 1 0 0 
P3: 0 1 0 
P4: -2 -1 1 
P5: 0 0 0 
", color = "purple"]
23[label = "Index: 23 
P0: 1 0 0 
P1: -1 1 0 
P2: 0 0 0 
P3: -1 1 0 
P4: -3 -1 1 
P5: 0 0 0 
", color = "purple"]
24[label = "Index: 24 
P0: 1 0 0 
P1: -1 1 0 
P2: 1 0 0 
P3: -1 0 0 
P4: -2 -1 1 
P5: 0 0 0 
"]
25[label = "Index: 25 
P0: 1 0 0 
P1: -1 1 0 
P2: 1 0 0 
P3: -1 1 0 
P4: -3 -1 1 
P5: 0 0 0 
", color = "purple"]
26[label = "Index: 26 
P0: 1 0 0 
P1: 0 1 0 
P2: 0 0 0 
P3: 0 0 0 
P4: -2 -1 1 
P5: 0 0 0 
", color = "purple"]
27[label = "Index: 27 
P0: 1 0 0 
P1: 0 1 0 
P2: 1 0 0 
P3: 0 0 0 
P4: -2 -1 1 
P5: 0 0 0 
", color = "purple"]
28[label = "Index: 28 
P0: 0 0 0 
P1: -1 1 0 
P2: 0 0 0 
P3: -1 0 0 
P4: -3 -1 1 
P5: 0 0 0 
", color = "purple"]
29[label = "Index: 29 
P0: 2 0 0 
P1: 0 1 0 
P2: 0 0 0 
P3: 0 0 0 
P4: -2 -1 1 
P5: 0 0 0 
", color = "purple"]
30[label = "Index: 30 
P0: 2 0 0 
P1: 0 1 0 
P2: 1 0 0 
P3: 0 0 0 
P4: -2 -1 1 
P5: 0 0 0 
", color = "purple"]
31[label = "Index: 31 
P0: 1 0 0 
P1: -1 1 0 
P2: 0 0 0 
P3: -1 0 0 
P4: -3 -1 1 
P5: 0 0 0 
", color = "purple"]
32[label = "Index: 32 
P0: 1 0 0 
P1: -1 1 0 
P2: 1 0 0 
P3: -1 0 0 
P4: -3 -1 1 
P5: 0 0 0 
", color = "purple"]
33[label = "Index: 33 
P0: 1 0 0 
P1: 0 0 0 
P2: 0 0 0 
P3: 0 0 0 
P4: -2 -1 1 
P5: 0 0 0 
"]
34[label = "Index: 34 
P0: 2 0 0 
P1: 0 0 0 
P2: 0 0 0 
P3: 0 0 0 
P4: -2 -1 1 
P5: 0 0 0 
"]
35[label = "Index: 35 
P4: -4 -1 1 
", color = "fuchsia"]
36[label = "Index: 36 
P0: 0 0 0 
P1: -2 1 0 
P2: 0 0 0 
P3: -2 1 0 
P5: 0 0 0 
", color = "orange"]
37[label = "Index: 37 
P0: 0 0 0 
P1: -1 1 0 
P2: 0 0 0 
P3: -1 1 0 
P5: 0 0 0 
", color = "orange"]
38[label = "Index: 38 
P0: 1 0 0 
P1: -1 1 0 
P2: 0 0 0 
P3: -1 1 0 
P5: 0 0 0 
"]
39[label = "Index: 39 
P0: 1 0 0 
P1: -1 1 0 
P2: 1 0 0 
P3: -1 1 0 
P5: 0 0 0 
"]
40[label = "Index: 40 
P0: 0 0 0 
P1: -1 1 0 
P2: 0 0 0 
P3: -1 0 0 
P5: 0 0 0 
", color = "orange"]
41[label = "Index: 41 
P0: 1 0 0 
P1: 0 1 0 
P2: 1 0 0 
P3: 0 1 0 
P5: 0 0 0 
"]
42[label = "Index: 42 
P0: 1 0 0 
P1: -1 1 0 
P2: 0 0 0 
P3: -1 0 0 
P5: 0 0 0 
"]
43[label = "Index: 43 
P0: 2 0 0 
P1: 0 1 0 
P2: 1 0 0 
P3: 0 1 0 
P5: 0 0 0 
"]
44[label = "Index: 44 
P0: 1 0 0 
P1: -1 1 0 
P2: 1 0 0 
P3: -1 0 0 
P5: 0 0 0 
"]
45[label = "Index: 45 
P0: 1 0 0 
P1: 0 1 0 
P2: 0 0 0 
P3: 0 0 0 
P5: 0 0 0 
", color = "orange"]
46[label = "Index: 46 
P0: 1 0 0 
P1: 0 1 0 
P2: 1 0 0 
P3: 0 0 0 
P5: 0 0 0 
"]
47[label = "Index: 47 
P0: 2 0 0 
P1: 0 1 0 
P2: 0 0 0 
P3: 0 0 0 
P5: 0 0 0 
"]
48[label = "Index: 48 
P0: 2 0 0 
P1: 0 1 0 
P2: 1 0 0 
P3: 0 0 0 
P5: 0 0 0 
"]
49[label = "Index: 49 
P0: 1 0 0 
P1: 0 0 0 
P2: 0 0 0 
P3: 0 0 0 
P5: 0 0 0 
", color = "red"]
50[label = "Index: 50 
P0: 2 0 0 
P1: 0 0 0 
P2: 0 0 0 
P3: 0 0 0 
P5: 0 0 0 
"]
51[label = "Index: 51 
P0: 1 0 0 
", color = "fuchsia"]
52[label = "Index: 52 
P1: 0 0 0 
P2: 0 0 0 
P3: 0 0 0 
P5: 0 0 0 
", color = "orange"]
53[label = "Index: 53 
P1: 0 1 0 
P2: 0 0 0 
P3: 0 0 0 
P5: 0 0 0 
", color = "orange"]
54[label = "Index: 54 
P1: 0 1 0 
P2: 1 0 0 
P3: 0 0 0 
P5: 0 0 0 
"]
55[label = "Index: 55 
P1: -1 1 0 
P2: 0 0 0 
P3: -1 0 0 
P5: 0 0 0 
", color = "red"]
56[label = "Index: 56 
P1: 0 1 0 
P2: 1 -1 0 
P3: 0 0 0 
P5: 0 0 0 
"]
57[label = "Index: 57 
P1: 0 0 0 
P2: 1 -1 0 
P3: 0 0 0 
P5: 0 0 0 
"]
58[label = "Index: 58 
P1: 0 1 0 
P2: 1 0 0 
P3: 0 1 0 
P5: 0 0 0 
"]
59[label = "Index: 59 
P1: -1 1 0 
P2: 1 0 0 
P3: -1 0 0 
P5: 0 0 0 
"]
60[label = "Index: 60 
P1: -1 1 0 
", color = "fuchsia"]
61[label = "Index: 61 
P2: 0 0 0 
P3: -1 0 0 
P5: 0 0 0 
", color = "red"]
62[label = "Index: 62 
P2: 1 0 0 
P3: -1 0 0 
P5: 0 0 0 
"]
63[label = "Index: 63 
P3: -1 0 0 
", color = "fuchsia"]
64[label = "Index: 64 
P2: 0 0 0 
P5: 0 0 0 
", color = "orange"]
65[label = "Index: 65 
P2: 1 0 0 
P5: 0 0 0 
", color = "orange"]
66[label = "Index: 66 
P2: 1 -1 0 
P5: 0 0 0 
", color = "red"]
67[label = "Index: 67 
P2: 1 0 -1 
P5: 0 0 0 
"]
68[label = "Index: 68 
P2: 1 -1 0 
", style="filled", fillcolor = "blue"]
69[label = "Index: 69 
P5: 0 0 0 
", color = "fuchsia"]
0 -> 1

1 -> 0
1 -> 2

2 -> 1
2 -> 3

3 -> 2
3 -> 4

4 -> 3
4 -> 5

5 -> 4
5 -> 6

6 -> 5
6 -> 7

7 -> 6
7 -> 8
7 -> 9

8 -> 7
8 -> 9
8 -> 10

9 -> 7
9 -> 8
9 -> 10

10 -> 8
10 -> 9
10 -> 11

11 -> 10
11 -> 12

12 -> 11
12 -> 13
12 -> 14
12 -> 15
12 -> 16
12 -> 17

13 -> 12
13 -> 14
13 -> 15
13 -> 18
13 -> 19
13 -> 20
13 -> 16

14 -> 12
14 -> 13
14 -> 15
14 -> 21
14 -> 19
14 -> 22
14 -> 23
14 -> 16

15 -> 12
15 -> 13
15 -> 14
15 -> 24
15 -> 19
15 -> 22
15 -> 25
15 -> 16

16 -> 12
16 -> 13
16 -> 14
16 -> 15
16 -> 20
16 -> 23
16 -> 25
16 -> 17

17 -> 12
17 -> 16
17 -> 36
17 -> 35

18 -> 13
18 -> 21
18 -> 24
18 -> 26
18 -> 27
18 -> 28

19 -> 13
19 -> 14
19 -> 15
19 -> 22
19 -> 27

20 -> 13
20 -> 16
20 -> 23
20 -> 25
20 -> 28

21 -> 14
21 -> 18
21 -> 24
21 -> 26
21 -> 29
21 -> 27
21 -> 30
21 -> 31

22 -> 14
22 -> 15
22 -> 19
22 -> 30

23 -> 14
23 -> 16
23 -> 20
23 -> 25
23 -> 31

24 -> 15
24 -> 18
24 -> 21
24 -> 27
24 -> 30
24 -> 32

25 -> 15
25 -> 16
25 -> 20
25 -> 23
25 -> 32

26 -> 18
26 -> 21
26 -> 29
26 -> 33
26 -> 27
26 -> 30

27 -> 18
27 -> 19
27 -> 21
27 -> 24
27 -> 26
27 -> 30

28 -> 18
28 -> 20
28 -> 31
28 -> 32

29 -> 21
29 -> 26
29 -> 34
29 -> 30

30 -> 21
30 -> 22
30 -> 24
30 -> 26
30 -> 27
30 -> 29

31 -> 21
31 -> 23
31 -> 28
31 -> 32

32 -> 24
32 -> 25
32 -> 28
32 -> 31

33 -> 26

34 -> 29

36 -> 37
36 -> 38
36 -> 39

37 -> 36
37 -> 38
37 -> 39
37 -> 40
37 -> 41

38 -> 36
38 -> 37
38 -> 39
38 -> 42
38 -> 41
38 -> 43

39 -> 36
39 -> 37
39 -> 38
39 -> 44
39 -> 41
39 -> 43

40 -> 37
40 -> 42
