digraph G {
color = "black"
0[label = "Index: 0 
P0: 0 0 0 
P1: 0 0 0 
P2: 0 0 0 
P3: 0 0 0 
P4: 0 0 0 
", color = "green"]
1[label = "Index: 1 
P0: 0 0 -1 
P1: 0 0 0 
P2: 0 0 0 
P3: 0 0 0 
P4: 0 0 0 
", color = "orange"]
2[label = "Index: 2 
P0: 0 0 -1 
P1: 0 1 0 
P2: 0 0 0 
P3: 0 0 0 
P4: 0 0 0 
", color = "orange"]
3[label = "Index: 3 
P0: 0 0 -1 
P1: 0 1 0 
P2: 0 1 0 
P3: 0 0 0 
P4: 0 0 0 
"]
4[label = "Index: 4 
P0: 0 0 -1 
P1: 0 2 0 
P2: 0 1 0 
P3: 0 0 0 
P4: 0 0 0 
", color = "orange"]
5[label = "Index: 5 
P0: 0 0 -1 
P1: 0 2 0 
P2: 0 1 0 
P3: -1 0 0 
P4: 0 0 0 
", color = "orange"]
6[label = "Index: 6 
P0: 0 1 -1 
P1: 0 3 0 
P2: 0 2 0 
P3: -1 1 0 
P4: 0 0 0 
", color = "orange"]
7[label = "Index: 7 
P0: 0 1 -1 
P1: 0 3 0 
P2: 0 2 0 
P3: -1 1 1 
P4: 0 0 0 
", color = "orange"]
8[label = "Index: 8 
P0: 0 1 -1 
P1: 0 2 0 
P2: 0 2 0 
P3: -1 1 1 
P4: 0 0 0 
"]
9[label = "Index: 9 
P0: 0 1 -1 
P1: 0 2 0 
P2: 0 1 0 
P3: -1 1 1 
P4: 0 0 0 
"]
10[label = "Index: 10 
P0: 0 1 -1 
P1: 0 3 0 
P2: 0 2 0 
P3: -2 1 1 
P4: 0 0 0 
", color = "orange"]
11[label = "Index: 11 
P0: 0 1 -1 
P1: 0 2 0 
P2: 0 2 0 
P3: -2 1 1 
P4: 0 0 0 
"]
12[label = "Index: 12 
P0: 0 1 -1 
P1: 0 2 0 
P2: 0 1 0 
P3: -2 1 1 
P4: 0 0 0 
"]
13[label = "Index: 13 
P0: 0 0 -1 
P1: 0 2 0 
P2: 0 1 0 
P3: -2 1 1 
P4: 0 0 0 
", color = "red"]
14[label = "Index: 14 
P0: 0 0 -1 
P1: 0 2 0 
P2: 0 1 0 
P4: 0 0 0 
", color = "red"]
15[label = "Index: 15 
P0: 0 1 -1 
P1: 0 2 0 
P2: 0 1 0 
P4: 0 0 0 
"]
16[label = "Index: 16 
P0: 0 0 -1 
P1: 0 1 0 
P2: 0 1 0 
P4: 0 0 0 
"]
17[label = "Index: 17 
P0: 0 1 -1 
P1: 0 2 0 
P2: 0 2 0 
P4: 0 0 0 
"]
18[label = "Index: 18 
P0: 0 0 -1 
P1: 0 1 0 
P2: 0 0 0 
P4: 0 0 0 
"]
19[label = "Index: 19 
P4: 0 0 0 
", color = "blue"]
0 -> 1

1 -> 0
1 -> 2
1 -> 3

2 -> 1
2 -> 3
2 -> 4

3 -> 1
3 -> 2
3 -> 4

4 -> 2
4 -> 3
4 -> 5

5 -> 4
5 -> 6

6 -> 5
6 -> 7

7 -> 6
7 -> 8
7 -> 9
7 -> 10

8 -> 7
8 -> 9
8 -> 11

9 -> 7
9 -> 8
9 -> 12

10 -> 7
10 -> 11
10 -> 12
10 -> 13

11 -> 8
11 -> 10
11 -> 12
11 -> 13

12 -> 9
12 -> 10
12 -> 11
12 -> 13

13 -> 10
13 -> 11
13 -> 12
13 -> 14[style=bold label=" Remove P3 "];


14 -> 15
14 -> 16
14 -> 17
14 -> 18
14 -> 19[style=bold label=" Remove P0 P1 P2 "];


15 -> 14

16 -> 14

17 -> 14

18 -> 14

}
