digraph G {
color = "black"
0[label = "Index: 0 
P0: 0 0 0 
P1: 0 0 0 
P2: 0 0 0 
P3: 0 0 0 
", style="filled", fillcolor = "green"]
1[label = "Index: 1 
P0: 0 1 0 
P1: 0 0 0 
P2: 0 0 0 
P3: 0 0 0 
", color = "orange"]
2[label = "Index: 2 
P0: 0 1 0 
P1: 0 0 -1 
P2: 0 0 0 
P3: 0 0 0 
"]
3[label = "Index: 3 
P0: 0 1 0 
P1: 0 0 -2 
P2: 0 0 0 
P3: 0 0 0 
", color = "orange"]
4[label = "Index: 4 
P0: 0 1 0 
P1: 0 0 -2 
P2: 1 0 0 
P3: 0 0 0 
", color = "orange"]
5[label = "Index: 5 
P0: 0 1 0 
P1: 0 0 -2 
P2: 2 0 0 
P3: 0 0 0 
"]
6[label = "Index: 6 
P0: 0 1 0 
P1: 0 0 -2 
P2: 3 0 0 
P3: 0 0 0 
"]
7[label = "Index: 7 
P0: 0 1 0 
P1: 0 0 -2 
P2: 4 0 0 
P3: 0 0 0 
"]
8[label = "Index: 8 
P0: 0 2 0 
P1: 0 0 -2 
P2: 1 0 0 
P3: 0 0 0 
", style="filled", fillcolor = "red"]
9[label = "Index: 9 
P0: 0 2 0 
P1: 0 0 -2 
P2: 2 0 0 
P3: 0 0 0 
", color = "purple"]
10[label = "Index: 10 
P0: 0 2 0 
P1: 0 0 -2 
P2: 3 0 0 
P3: 0 0 0 
", color = "purple"]
11[label = "Index: 11 
P0: 0 2 0 
P1: 0 0 -2 
P2: 3 1 0 
P3: 0 0 0 
", color = "purple"]
12[label = "Index: 12 
P0: 0 2 0 
P1: 0 0 -2 
P2: 4 0 0 
P3: 0 0 0 
", color = "purple"]
13[label = "Index: 13 
P0: 0 1 0 
P1: 0 0 -1 
P2: 4 0 0 
P3: 0 0 0 
"]
14[label = "Index: 14 
P0: 0 1 0 
P1: 0 0 0 
P2: 4 0 0 
P3: 0 0 0 
"]
15[label = "Index: 15 
P0: 0 2 0 
P1: 0 0 -2 
P2: 4 1 0 
P3: 0 0 0 
", color = "purple"]
16[label = "Index: 16 
P0: 1 2 0 
P1: 1 0 -2 
P2: 2 0 0 
P3: 0 0 0 
"]
17[label = "Index: 17 
P0: 1 2 0 
P1: 1 0 -2 
P2: 3 0 0 
P3: 0 0 0 
"]
18[label = "Index: 18 
P0: 2 2 0 
P1: 2 0 -2 
P2: 3 0 0 
P3: 0 0 0 
"]
19[label = "Index: 19 
P0: 1 2 0 
P1: 1 0 -2 
P2: 3 1 0 
P3: 0 0 0 
"]
20[label = "Index: 20 
P0: 0 2 0 
P1: 0 0 -1 
P2: 4 0 0 
P3: 0 0 0 
"]
21[label = "Index: 21 
P0: 0 2 0 
P1: 0 0 0 
P2: 4 0 0 
P3: 0 0 0 
"]
22[label = "Index: 22 
P0: 1 2 0 
P1: 1 0 -2 
P2: 4 0 0 
P3: 0 0 0 
"]
23[label = "Index: 23 
P0: 2 2 0 
P1: 2 0 -2 
P2: 4 0 0 
P3: 0 0 0 
"]
24[label = "Index: 24 
P0: 3 2 0 
P1: 3 0 -2 
P2: 4 0 0 
P3: 0 0 0 
"]
25[label = "Index: 25 
P0: 0 2 0 
P1: 0 0 -1 
P2: 4 1 0 
P3: 0 0 0 
"]
26[label = "Index: 26 
P0: 0 2 0 
P1: 0 0 0 
P2: 4 1 0 
P3: 0 0 0 
"]
27[label = "Index: 27 
P0: 1 2 0 
P1: 1 0 -2 
P2: 4 1 0 
P3: 0 0 0 
"]
28[label = "Index: 28 
P0: 2 2 0 
P1: 2 0 -2 
P2: 4 1 0 
P3: 0 0 0 
"]
29[label = "Index: 29 
P0: 1 2 0 
P1: 1 0 -1 
P2: 5 0 0 
P3: 0 0 0 
", color = "purple"]
30[label = "Index: 30 
P0: 1 2 0 
P1: 1 0 -1 
P2: 5 1 0 
P3: 0 0 0 
", color = "purple"]
31[label = "Index: 31 
P3: 0 0 0 
", color = "fuchsia"]
32[label = "Index: 32 
P0: 0 2 0 
P1: 0 0 -2 
P2: 1 0 0 
", color = "orange"]
33[label = "Index: 33 
P0: 0 1 0 
P1: 0 0 -2 
P2: 1 0 0 
"]
34[label = "Index: 34 
P0: 0 3 0 
P1: 0 0 -2 
P2: 1 0 0 
", color = "red"]
35[label = "Index: 35 
P0: 0 2 0 
P1: 0 1 -2 
P2: 1 0 0 
"]
36[label = "Index: 36 
P0: -1 2 0 
P1: -1 0 -2 
P2: 1 0 0 
"]
37[label = "Index: 37 
P0: -2 2 0 
P1: -2 0 -2 
P2: 1 0 0 
"]
38[label = "Index: 38 
P0: -3 2 0 
P1: -3 0 -2 
P2: 1 0 0 
"]
39[label = "Index: 39 
P0: 0 3 0 
P1: 0 1 -2 
P2: 1 0 0 
"]
40[label = "Index: 40 
P0: 0 4 0 
P1: 0 2 -2 
P2: 1 0 0 
"]
41[label = "Index: 41 
P0: -1 1 0 
P1: -1 0 -2 
P2: 1 0 0 
"]
42[label = "Index: 42 
P0: -2 1 0 
P1: -2 0 -2 
P2: 1 0 0 
"]
43[label = "Index: 43 
P0: -3 1 0 
P1: -3 0 -2 
P2: 1 0 0 
"]
44[label = "Index: 44 
P0: 1 1 0 
P1: 1 0 -2 
P2: 1 0 0 
"]
45[label = "Index: 45 
P0: 0 3 0 
P1: 0 2 -2 
P2: 1 0 0 
"]
46[label = "Index: 46 
P1: 0 0 -2 
P2: 1 0 0 
", color = "red"]
47[label = "Index: 47 
P0: 0 3 0 
", color = "fuchsia"]
48[label = "Index: 48 
P2: 1 0 0 
", style="filled", fillcolor = "blue"]
49[label = "Index: 49 
P1: 0 0 -2 
", color = "fuchsia"]
0 -> 1

1 -> 0
1 -> 2
1 -> 3

2 -> 1
2 -> 3

3 -> 1
3 -> 2
3 -> 4
3 -> 5
3 -> 6
3 -> 7

4 -> 3
4 -> 8
4 -> 5
4 -> 6
4 -> 7

5 -> 3
5 -> 4
5 -> 9
5 -> 6
5 -> 7

6 -> 3
6 -> 4
6 -> 5
6 -> 10
6 -> 7
6 -> 11

7 -> 3
7 -> 4
7 -> 5
7 -> 6
7 -> 12
7 -> 13
7 -> 14
7 -> 15

8 -> 4
8 -> 9
8 -> 10
8 -> 12
8 -> 31
8 -> 32

9 -> 5
9 -> 8
9 -> 16
9 -> 10
9 -> 12

10 -> 6
10 -> 8
10 -> 9
10 -> 17
10 -> 18
10 -> 12
10 -> 11

11 -> 6
11 -> 10
11 -> 19
11 -> 15

12 -> 7
12 -> 8
12 -> 9
12 -> 10
12 -> 20
12 -> 21
12 -> 22
12 -> 23
12 -> 24
12 -> 15

13 -> 7
13 -> 20
13 -> 14
13 -> 25

14 -> 7
14 -> 13
14 -> 21
14 -> 26

15 -> 7
15 -> 11
15 -> 12
15 -> 25
15 -> 26
15 -> 27
15 -> 28

16 -> 9

17 -> 10

18 -> 10

19 -> 11

20 -> 12
20 -> 13
20 -> 21
20 -> 25
20 -> 29

21 -> 12
21 -> 14
21 -> 20
21 -> 26

22 -> 12

23 -> 12

24 -> 12

25 -> 13
25 -> 15
25 -> 20
25 -> 26
25 -> 30

26 -> 14
26 -> 15
26 -> 25
26 -> 21

27 -> 15

28 -> 15

29 -> 20

30 -> 25

32 -> 33
32 -> 34
32 -> 35
32 -> 36
32 -> 37
32 -> 38
32 -> 39
32 -> 40

33 -> 32
33 -> 34
33 -> 41
33 -> 42
33 -> 43
33 -> 44
33 -> 35
33 -> 45

34 -> 32
34 -> 33
34 -> 46
34 -> 47

35 -> 32
35 -> 33

36 -> 32

37 -> 32

38 -> 32

39 -> 32

40 -> 32

41 -> 33

42 -> 33

43 -> 33

44 -> 33

45 -> 33

46 -> 48
46 -> 49

}
