graph G {
color = "black"
0 [label = "P1: 0 0 0 
P2: 0 0 0 
P3: 0 0 0 
P4: 0 0 0 
P5: 0 0 0 
P6: 0 0 0 
P7: 0 0 0 
P8: 0 0 0 
",  style="filled", fillcolor = "#96FF96"];
1 [label = "P1: 0 -1 0 
P2: 0 0 0 
P3: 0 0 0 
P4: 0 0 0 
P5: 0 0 0 
P6: 0 0 0 
P7: 0 0 0 
P8: 0 0 0 
"];
2 [label = "P1: 0 -1 0 
P2: 1 0 0 
P3: 0 0 0 
P4: 0 0 0 
P5: 0 0 0 
P6: 0 0 0 
P7: 0 0 0 
P8: 0 0 0 
"];
3 [label = "P1: 0 -1 0 
P2: 1 0 0 
P3: 0 -1 0 
P4: 0 0 0 
P5: 0 0 0 
P6: 0 0 0 
P7: 0 0 0 
P8: 0 0 0 
"];
4 [label = "P1: 0 -1 0 
P2: 1 0 0 
P3: 0 -1 0 
P4: 0 0 -1 
P5: 0 0 0 
P6: 0 0 0 
P7: 0 0 0 
P8: 0 0 0 
"];
5 [label = "P1: 0 -1 0 
P2: 1 0 0 
P3: 0 -1 0 
P4: 0 0 -1 
P5: -1 0 0 
P6: 0 0 0 
P7: 0 0 0 
P8: 0 0 0 
"];
6 [label = "P1: 0 -1 0 
P2: 1 0 0 
P3: 0 -1 0 
P4: 0 0 -1 
P5: -1 0 0 
P6: -1 0 0 
P7: 0 0 0 
P8: 0 0 0 
"];
7 [label = "P1: 0 -1 0 
P2: 1 0 0 
P3: 0 -1 0 
P4: 0 0 -1 
P5: -1 0 0 
P6: 0 0 0 
P7: 0 -1 0 
P8: 0 0 0 
"];
8 [label = "P1: 0 -2 0 
P2: 1 0 0 
P3: 0 -1 0 
P4: 0 0 -1 
P5: -1 0 0 
P6: 0 0 0 
P7: 0 -1 0 
P8: 0 0 0 
"];
9 [label = "P1: 0 -1 0 
P2: 1 0 0 
P3: 0 -1 0 
P4: 0 0 -1 
P5: -1 0 0 
P6: -1 0 0 
P7: 0 -1 0 
P8: 0 0 0 
"];
10 [label = "P1: 0 -2 0 
P2: 1 0 0 
P3: 0 -1 0 
P4: 0 0 -1 
P5: -1 0 0 
P6: -1 0 0 
P7: 0 -1 0 
P8: 0 0 0 
"];
11 [label = "P1: 0 -1 0 
P2: 1 0 0 
P3: 0 -1 0 
P4: 0 0 -1 
P5: -1 0 0 
P6: 0 0 0 
P7: 0 -1 1 
P8: 0 0 0 
",  style="filled", fillcolor = "#FF9696"];
12 [label = "P1: 0 -2 0 
P2: 1 0 0 
P3: 0 -1 0 
P4: 0 0 -1 
P5: -1 0 0 
P6: 0 0 0 
P7: 0 -1 1 
P8: 0 0 0 
",  style="filled", fillcolor = "#FF9696"];
13 [label = "P1: 0 -1 0 
P2: 1 0 0 
P3: 0 -1 0 
P4: 0 0 -1 
P5: -1 0 0 
P6: -1 0 0 
P7: 0 -1 1 
P8: 0 0 0 
",  style="filled", fillcolor = "#FF9696"];
14 [label = "P1: 0 -2 0 
P2: 1 0 0 
P3: 0 -1 0 
P4: 0 0 -1 
P5: -1 0 0 
P6: -1 0 0 
P7: 0 -1 1 
P8: 0 0 0 
",  style="filled", fillcolor = "#FF9696"];
15 [label = "P1: 0 -1 0 
",  style="filled", fillcolor = "#FF96FF"];
16 [label = "P2: 1 0 0 
P3: 0 -1 0 
P4: 0 0 -1 
P5: -1 0 0 
P6: 0 0 0 
P7: 0 -1 1 
P8: 0 0 0 
"];
17 [label = "P5: -1 0 0 
",  style="filled", fillcolor = "#FF96FF"];
18 [label = "P2: 1 0 0 
P3: 0 -1 0 
P4: 0 0 -1 
P6: 0 0 0 
P7: 0 -1 1 
P8: 0 0 0 
"];
19 [label = "P2: 1 0 0 
P3: 0 -2 0 
P4: 0 0 -1 
P6: 0 0 0 
P7: 0 -1 1 
P8: 0 0 0 
"];
20 [label = "P2: 1 0 0 
P3: 0 -3 0 
P4: 0 0 -1 
P6: 0 0 0 
P7: 0 -1 1 
P8: 0 0 0 
"];
21 [label = "P2: 1 0 0 
P3: 0 -1 0 
P4: 0 0 0 
P6: 0 0 0 
P7: 0 -1 1 
P8: 0 0 0 
"];
22 [label = "P6: 0 0 0 
",  style="filled", fillcolor = "#FF96FF"];
23 [label = "P2: 1 0 0 
P3: 0 -1 0 
P4: 0 0 -1 
P7: 0 -1 1 
P8: 0 0 0 
"];
24 [label = "P2: 1 0 0 
P3: 0 -2 0 
P4: 0 0 -1 
P7: 0 -1 1 
P8: 0 0 0 
"];
25 [label = "P2: 1 0 0 
P3: 0 -3 0 
P4: 0 0 -1 
P7: 0 -1 1 
P8: 0 0 0 
"];
26 [label = "P2: 1 0 0 
P3: 0 -1 0 
P4: 0 0 0 
P7: 0 -1 1 
P8: 0 0 0 
"];
27 [label = "P2: 1 0 0 
P3: 0 -1 0 
P4: 0 0 -1 
P7: 1 -1 1 
P8: 0 0 0 
"];
28 [label = "P2: 1 0 0 
P3: 0 -1 0 
P4: 0 0 -1 
P7: 0 -2 1 
P8: 0 0 0 
"];
29 [label = "P2: 1 0 0 
P3: 0 -1 0 
P4: 0 0 -1 
P7: 0 -1 0 
P8: 0 0 0 
"];
30 [label = "P3: 0 -2 0 
",  style="filled", fillcolor = "#FF96FF"];
31 [label = "P2: 1 0 0 
P4: 0 0 -1 
P7: 0 -1 1 
P8: 0 0 0 
"];
32 [label = "P2: 1 0 0 
P4: 0 0 0 
P7: 0 -1 1 
P8: 0 0 0 
"];
33 [label = "P2: 1 0 0 
P4: 0 0 -1 
P7: 1 -1 1 
P8: 0 0 0 
"];
34 [label = "P2: 1 0 0 
P4: 0 0 -1 
P7: 0 -2 1 
P8: 0 0 0 
"];
35 [label = "P2: 1 0 0 
P4: 0 0 -1 
P7: 0 -1 0 
P8: 0 0 0 
"];
36 [label = "P2: 0 0 0 
P4: 0 0 0 
P7: 0 -1 1 
P8: 0 0 0 
"];
37 [label = "P2: 1 0 0 
P4: 1 0 0 
P7: 0 -1 1 
P8: 0 0 0 
"];
38 [label = "P2: 1 0 0 
P4: 0 0 0 
P7: 1 -1 1 
P8: 0 0 0 
"];
39 [label = "P2: 1 0 0 
P4: 0 0 0 
P7: 0 -2 1 
P8: 0 0 0 
"];
40 [label = "P2: 1 0 0 
P4: 0 0 0 
P7: 0 -1 0 
P8: 0 0 0 
"];
41 [label = "P7: 1 -1 1 
",  style="filled", fillcolor = "#FF96FF"];
42 [label = "P2: 1 0 0 
P4: 0 0 -1 
P8: 0 0 0 
"];
43 [label = "P2: 1 0 0 
P4: 0 0 0 
P8: 0 0 0 
"];
44 [label = "P2: 0 0 0 
P4: 0 0 0 
P8: 0 0 0 
"];
45 [label = "P2: 1 0 0 
P4: 1 0 0 
P8: 0 0 0 
"];
46 [label = "P2: 1 0 0 
P4: 1 0 1 
P8: 0 0 0 
"];
47 [label = "P2: 1 0 0 
P4: 1 0 2 
P8: 0 0 0 
"];
48 [label = "P2: 0 0 0 
P4: 1 0 1 
P8: 0 0 0 
"];
49 [label = "P4: 1 0 1 
",  style="filled", fillcolor = "#FF96FF"];
50 [label = "P2: 1 0 0 
P8: 0 0 0 
"];
51 [label = "P2: 0 0 0 
P8: 0 0 0 
"];
52 [label = "P2: 1 -1 0 
P8: 0 0 0 
"];
53 [label = "P2: 1 -1 -1 
P8: 0 0 0 
"];
54 [label = "P2: 1 -1 1 
P8: 0 0 0 
"];
55 [label = "P2: 1 -1 2 
P8: 0 0 0 
"];
56 [label = "P2: 1 -1 -1 
", style="filled", fillcolor = "#9696FF"];
57 [label = "P8: 0 0 0 
",  style="filled", fillcolor = "#FF96FF"];
edge [style=bold];
0 -- 1 [color="#1E96FF", penwidth=4.0];

1 -- 2 [color="#1E96FF", penwidth=4.0];

2 -- 3 [color="#1E96FF", penwidth=4.0];

3 -- 4 [color="#1E96FF", penwidth=4.0];

4 -- 5 [color="#1E96FF", penwidth=4.0];
4 -- 6 [color=black];

5 -- 6 [color=black];
5 -- 7 [color="#1E96FF", penwidth=4.0];
5 -- 8 [color=black];

6 -- 9 [color=black];
6 -- 10 [color=black];

7 -- 8 [color=black];
7 -- 9 [color=black];
7 -- 11 [color="#1E96FF", penwidth=4.0];

8 -- 10 [color=black];
8 -- 12 [color=black];

9 -- 10 [color=black];
9 -- 13 [color=black];

10 -- 14 [color=black];

11 -- 16 [color="#1E96FF", penwidth=4.0];
11 -- 15 [color=black];




16 -- 18 [color="#1E96FF", penwidth=4.0];
16 -- 17 [color=black];

18 -- 19 [color=black];
18 -- 20 [color=black];
18 -- 21 [color=black];
18 -- 23 [color="#1E96FF", penwidth=4.0];
18 -- 22 [color=black];




23 -- 24 [color="#1E96FF", penwidth=4.0];
23 -- 25 [color=black];
23 -- 26 [color=black];
23 -- 27 [color=black];
23 -- 28 [color=black];
23 -- 29 [color=black];

24 -- 31 [color="#1E96FF", penwidth=4.0];
24 -- 30 [color=black];






31 -- 32 [color=black];
31 -- 33 [color="#1E96FF", penwidth=4.0];
31 -- 34 [color=black];
31 -- 35 [color=black];

32 -- 36 [color=black];
32 -- 37 [color=black];
32 -- 38 [color=black];
32 -- 39 [color=black];
32 -- 40 [color=black];

33 -- 38 [color=black];
33 -- 42 [color="#1E96FF", penwidth=4.0];
33 -- 41 [color=black];








42 -- 43 [color="#1E96FF", penwidth=4.0];

43 -- 44 [color=black];
43 -- 45 [color="#1E96FF", penwidth=4.0];

44 -- 45 [color=black];

45 -- 46 [color="#1E96FF", penwidth=4.0];
45 -- 47 [color=black];

46 -- 48 [color=black];
46 -- 50 [color="#1E96FF", penwidth=4.0];
46 -- 49 [color=black];



50 -- 51 [color=black];
50 -- 52 [color="#1E96FF", penwidth=4.0];


52 -- 53 [color="#1E96FF", penwidth=4.0];
52 -- 54 [color=black];
52 -- 55 [color=black];

53 -- 57 [color=black];
53 -- 56 [color="#1E96FF", penwidth=4.0];



}
