digraph G {
color = "black"
0[label = "Index: 0 
P0: 0 0 0 
P1: 0 0 0 
P2: 0 0 0 
P3: 0 0 0 
P4: 0 0 0 
", style="filled", fillcolor = "green"]
1[label = "Index: 1 
P0: -1 0 0 
P1: 0 0 0 
P2: 0 0 0 
P3: 0 0 0 
P4: 0 0 0 
", color = "orange"]
2[label = "Index: 2 
P0: -1 0 0 
P1: 0 0 1 
P2: 0 0 0 
P3: 0 0 0 
P4: 0 0 0 
", color = "orange"]
3[label = "Index: 3 
P0: -1 0 0 
P1: 0 0 1 
P2: 0 -1 0 
P3: 0 0 0 
P4: 0 0 0 
", color = "orange"]
4[label = "Index: 4 
P0: -1 0 0 
P1: 0 0 1 
P2: 0 -1 0 
P3: 0 0 -1 
P4: 0 0 0 
", color = "orange"]
5[label = "Index: 5 
P0: 0 0 0 
P1: 1 0 1 
P2: 1 -1 0 
P3: 1 0 -1 
P4: 0 0 0 
", color = "orange"]
6[label = "Index: 6 
P0: 0 0 0 
P1: 1 0 2 
P2: 1 -1 0 
P3: 1 0 -1 
P4: 0 0 0 
", color = "orange"]
7[label = "Index: 7 
P0: 0 0 0 
P1: 1 0 2 
P2: 1 -2 0 
P3: 1 0 -1 
P4: 0 0 0 
", color = "orange"]
8[label = "Index: 8 
P0: 0 0 0 
P1: 1 0 2 
P2: 2 -2 0 
P3: 1 0 -1 
P4: 0 0 0 
", color = "orange"]
9[label = "Index: 9 
P0: 0 0 0 
P1: 1 0 3 
P2: 2 -2 0 
P3: 1 0 -1 
P4: 0 0 0 
", color = "orange"]
10[label = "Index: 10 
P0: 0 0 0 
P1: 0 0 3 
P2: 1 -2 0 
P3: 1 0 -1 
P4: 0 0 0 
", color = "orange"]
11[label = "Index: 11 
P0: -1 0 0 
P1: 0 0 3 
P2: 1 -2 0 
P3: 0 0 -1 
P4: 0 0 0 
"]
12[label = "Index: 12 
P0: 0 0 0 
P1: 0 1 3 
P2: 1 -2 0 
P3: 1 0 -1 
P4: 0 0 0 
", color = "orange"]
13[label = "Index: 13 
P0: 0 0 0 
P1: 0 1 3 
P2: 1 -1 0 
P3: 1 0 -1 
P4: 0 0 0 
"]
14[label = "Index: 14 
P0: -1 0 0 
P1: 0 0 3 
P2: 1 -2 0 
P3: 0 0 0 
P4: 0 0 0 
"]
15[label = "Index: 15 
P0: 0 0 0 
P1: 0 1 3 
P2: 2 -2 0 
P3: 1 0 -1 
P4: 0 0 0 
", style="filled", fillcolor = "red"]
16[label = "Index: 16 
P0: 0 0 0 
P1: 0 0 3 
P2: 1 -2 0 
P3: 0 0 0 
P4: 0 0 0 
"]
17[label = "Index: 17 
P1: 0 1 3 
", color = "fuchsia"]
18[label = "Index: 18 
P0: 0 0 0 
P2: 2 -2 0 
P3: 1 0 -1 
P4: 0 0 0 
", color = "orange"]
19[label = "Index: 19 
P0: 0 0 0 
P2: 1 -2 0 
P3: 1 0 -1 
P4: 0 0 0 
"]
20[label = "Index: 20 
P0: 0 0 0 
P2: 2 -1 0 
P3: 1 0 -1 
P4: 0 0 0 
", color = "orange"]
21[label = "Index: 21 
P0: -1 0 0 
P2: 1 -2 0 
P3: 0 0 -1 
P4: 0 0 0 
"]
22[label = "Index: 22 
P0: 0 0 0 
P2: 1 -1 0 
P3: 1 0 -1 
P4: 0 0 0 
"]
23[label = "Index: 23 
P0: -1 0 0 
P2: 0 -2 0 
P3: 0 0 -1 
P4: 0 0 0 
"]
24[label = "Index: 24 
P0: 0 0 0 
P2: 2 -1 1 
P3: 1 0 -1 
P4: 0 0 0 
", color = "orange"]
25[label = "Index: 25 
P0: -1 0 0 
P2: 1 -1 0 
P3: 0 0 -1 
P4: 0 0 0 
"]
26[label = "Index: 26 
P0: -1 0 0 
P2: 1 -2 0 
P3: 0 0 0 
P4: 0 0 0 
"]
27[label = "Index: 27 
P0: -1 0 0 
P2: 0 -1 0 
P3: 0 0 -1 
P4: 0 0 0 
"]
28[label = "Index: 28 
P0: -1 0 0 
P2: 0 -2 0 
P3: 0 0 0 
P4: 0 0 0 
"]
29[label = "Index: 29 
P0: -1 0 0 
P2: 1 -1 1 
P3: 0 0 -1 
P4: 0 0 0 
", color = "orange"]
30[label = "Index: 30 
P0: -1 0 -1 
P2: 1 -1 0 
P3: 0 0 -1 
P4: 0 0 0 
"]
31[label = "Index: 31 
P0: -1 0 0 
P2: 1 -1 0 
P3: 0 0 0 
P4: 0 0 0 
"]
32[label = "Index: 32 
P0: -1 0 -1 
P2: 1 -1 0 
P3: 0 0 -2 
P4: 0 0 0 
"]
33[label = "Index: 33 
P0: -1 0 0 
P2: 1 -1 1 
P3: 0 0 0 
P4: 0 0 0 
"]
34[label = "Index: 34 
P0: 0 0 0 
P2: 1 -2 0 
P3: 0 0 0 
P4: 0 0 0 
"]
35[label = "Index: 35 
P0: -1 0 0 
P2: 0 -1 0 
P3: 0 0 0 
P4: 0 0 0 
"]
36[label = "Index: 36 
P0: -1 0 0 
P2: 0 0 0 
P3: 0 0 0 
P4: 0 0 0 
"]
37[label = "Index: 37 
P0: -1 0 -1 
P2: 1 -1 1 
P3: 0 0 -1 
P4: 0 0 0 
", color = "red"]
38[label = "Index: 38 
P0: 0 0 0 
P2: 1 -1 0 
P3: 0 0 0 
P4: 0 0 0 
"]
39[label = "Index: 39 
P0: -1 -1 -1 
P2: 1 -2 0 
P3: 0 -1 -2 
P4: 0 0 0 
"]
40[label = "Index: 40 
P0: 0 0 0 
P2: 0 0 0 
P3: 0 0 0 
P4: 0 0 0 
"]
41[label = "Index: 41 
P2: 1 -1 1 
", color = "fuchsia"]
42[label = "Index: 42 
P0: -1 0 -1 
P3: 0 0 -1 
P4: 0 0 0 
", color = "orange"]
43[label = "Index: 43 
P0: -1 0 0 
P3: 0 0 -1 
P4: 0 0 0 
"]
44[label = "Index: 44 
P0: -1 0 -1 
P3: 0 0 -2 
P4: 0 0 0 
", color = "orange"]
45[label = "Index: 45 
P0: -1 0 0 
P3: 0 0 0 
P4: 0 0 0 
"]
46[label = "Index: 46 
P0: 0 0 0 
P3: 1 0 -1 
P4: 0 0 0 
"]
47[label = "Index: 47 
P0: -1 -1 -1 
P3: 0 -1 -2 
P4: 0 0 0 
", color = "orange"]
48[label = "Index: 48 
P0: 0 0 0 
P3: 0 0 0 
P4: 0 0 0 
"]
49[label = "Index: 49 
P0: -1 -1 -2 
P3: 0 -1 -2 
P4: 0 0 0 
"]
50[label = "Index: 50 
P0: -1 -1 -2 
P3: 0 -1 -3 
P4: 0 0 0 
", color = "orange"]
51[label = "Index: 51 
P0: -2 -1 -2 
P3: -1 -1 -3 
P4: 0 0 0 
", color = "red"]
52[label = "Index: 52 
P0: -3 -1 -2 
P3: -2 -1 -3 
P4: 0 0 0 
"]
53[label = "Index: 53 
P0: -2 -1 -3 
P3: -1 -1 -3 
P4: 0 0 0 
"]
54[label = "Index: 54 
P4: 0 0 0 
", color = "fuchsia"]
55[label = "Index: 55 
P0: -2 -1 -2 
P3: -1 -1 -3 
", color = "orange"]
56[label = "Index: 56 
P0: -2 -1 -3 
P3: -1 -1 -3 
", color = "orange"]
57[label = "Index: 57 
P0: -1 -1 -3 
P3: -1 -1 -3 
", color = "orange"]
58[label = "Index: 58 
P0: -1 -1 -4 
P3: -1 -1 -3 
", color = "orange"]
59[label = "Index: 59 
P0: -1 -2 -4 
P3: -1 -1 -3 
", color = "red"]
60[label = "Index: 60 
P3: -1 -1 -3 
", style="filled", fillcolor = "blue"]
61[label = "Index: 61 
P0: -1 -2 -4 
", color = "fuchsia"]
0 -> 1

1 -> 0
1 -> 2

2 -> 1
2 -> 3

3 -> 2
3 -> 4

4 -> 3
4 -> 5

5 -> 4
5 -> 6

6 -> 5
6 -> 7

7 -> 6
7 -> 8

8 -> 7
8 -> 9

9 -> 8
9 -> 10
9 -> 11

10 -> 9
10 -> 12
10 -> 13
10 -> 11

11 -> 9
11 -> 10
11 -> 14

12 -> 10
12 -> 15
12 -> 13

13 -> 10
13 -> 12

14 -> 11
14 -> 16

15 -> 12
15 -> 18
15 -> 17

16 -> 14

18 -> 19
18 -> 20
18 -> 21

19 -> 18
19 -> 22
19 -> 21
19 -> 23

20 -> 18
20 -> 22
20 -> 24
20 -> 25

21 -> 18
21 -> 19
21 -> 23
21 -> 25
21 -> 26

22 -> 19
22 -> 20
22 -> 25
22 -> 27

23 -> 19
23 -> 21
23 -> 27
23 -> 28

24 -> 20
24 -> 29

25 -> 20
25 -> 21
25 -> 22
25 -> 30
25 -> 27
25 -> 29
25 -> 31
25 -> 32
25 -> 33

26 -> 21
26 -> 34
26 -> 28
26 -> 31

27 -> 22
27 -> 23
27 -> 25
27 -> 35

28 -> 23
28 -> 26
28 -> 35
28 -> 36
28 -> 34

29 -> 24
29 -> 25
29 -> 37
29 -> 30
29 -> 33
29 -> 32

30 -> 25
30 -> 29
30 -> 37
30 -> 32
30 -> 31
30 -> 33

31 -> 25
31 -> 26
31 -> 30
31 -> 38
31 -> 35
31 -> 33

32 -> 25
32 -> 29
32 -> 30
32 -> 37
32 -> 39

33 -> 25
33 -> 29
33 -> 30
33 -> 31
33 -> 37

34 -> 26
34 -> 28
34 -> 38

35 -> 27
35 -> 28
35 -> 31
35 -> 36
35 -> 38

36 -> 28
36 -> 35
36 -> 40

37 -> 29
37 -> 30
37 -> 32
37 -> 33
37 -> 42
37 -> 41

38 -> 31
38 -> 34
38 -> 35

39 -> 32

40 -> 36

42 -> 43
42 -> 44
42 -> 45

43 -> 42
43 -> 45
43 -> 46
43 -> 44

44 -> 42
44 -> 43
44 -> 47

45 -> 42
45 -> 43
45 -> 48

46 -> 43

47 -> 44
47 -> 49
47 -> 50

48 -> 45

49 -> 47
49 -> 50

50 -> 47
50 -> 49
50 -> 51
50 -> 52

51 -> 50
51 -> 53
51 -> 54
51 -> 55

52 -> 50

53 -> 51

55 -> 56

56 -> 55
56 -> 57

57 -> 56
57 -> 58

58 -> 57
58 -> 59

59 -> 58
59 -> 60
59 -> 61

}
