graph G {
color = "black"
0 [label = "P1: 0 0 0 
P2: 0 0 0 
P3: 0 0 0 
",  style="filled", fillcolor = "#96FF96"];
1 [label = "P1: 1 0 0 
P2: 0 0 0 
P3: 0 0 0 
"];
2 [label = "P1: 2 0 0 
P2: 0 0 0 
P3: 0 0 0 
"];
3 [label = "P1: 2 0 0 
P2: 0 1 0 
P3: 0 0 0 
"];
4 [label = "P1: 3 0 0 
P2: 0 1 0 
P3: 0 0 0 
"];
5 [label = "P1: 3 0 0 
P2: 0 2 0 
P3: 0 0 0 
"];
6 [label = "P1: 3 1 0 
P2: 0 2 0 
P3: 0 0 0 
"];
7 [label = "P1: 3 0 0 
P2: 0 1 0 
P3: 0 -2 0 
",  style="filled", fillcolor = "#FF9696"];
8 [label = "P1: 3 1 0 
P2: 0 3 0 
P3: 0 0 0 
"];
9 [label = "P1: 3 1 0 
P2: 0 3 -1 
P3: 0 0 0 
"];
10 [label = "P1: 3 0 0 
P2: 0 3 -1 
P3: 0 0 0 
"];
11 [label = "P1: 3 1 0 
P2: 0 4 -1 
P3: 0 0 0 
"];
12 [label = "P1: 3 2 0 
P2: 0 4 -1 
P3: 0 0 0 
",  style="filled", fillcolor = "#FF9696"];
13 [label = "P1: 3 1 0 
P2: 0 4 -2 
P3: 0 0 0 
"];
14 [label = "P1: 3 2 0 
P2: 0 4 -2 
P3: 0 0 0 
",  style="filled", fillcolor = "#FF9696"];
15 [label = "P1: 3 3 0 
P2: 0 4 -2 
P3: 0 0 0 
",  style="filled", fillcolor = "#FF9696"];
16 [label = "P1: 3 1 0 
P2: -1 4 -2 
P3: 0 0 0 
"];
17 [label = "P1: 3 2 0 
P2: 0 5 -2 
P3: 0 0 0 
",  style="filled", fillcolor = "#FF9696"];
18 [label = "P1: 3 3 0 
P2: 0 6 -2 
P3: 0 0 0 
",  style="filled", fillcolor = "#FF9696"];
19 [label = "P1: 3 4 0 
P2: 0 7 -2 
P3: 0 0 0 
",  style="filled", fillcolor = "#FF9696"];
20 [label = "P1: 3 5 0 
P2: 0 8 -2 
P3: 0 0 0 
",  style="filled", fillcolor = "#FF9696"];
21 [label = "P1: 3 0 0 
P2: -1 4 -2 
P3: 0 0 0 
"];
22 [label = "P1: 3 2 0 
P2: -1 4 -2 
P3: 0 0 0 
",  style="filled", fillcolor = "#FF9696"];
23 [label = "P1: 3 3 0 
P2: -1 4 -2 
P3: 0 0 0 
",  style="filled", fillcolor = "#FF9696"];
24 [label = "P1: 3 0 -1 
P2: -1 4 -2 
P3: 0 0 0 
",  style="filled", fillcolor = "#FF9696"];
25 [label = "P1: 3 2 0 
",  style="filled", fillcolor = "#FF96FF"];
26 [label = "P2: 0 1 0 
P3: 0 -2 0 
"];
27 [label = "P2: 0 2 0 
P3: 0 0 0 
"];
28 [label = "P2: 0 1 0 
P3: 0 0 0 
"];
29 [label = "P2: 0 0 0 
P3: 0 0 0 
"];
30 [label = "P2: 0 1 -1 
P3: 0 -2 0 
"];
31 [label = "P2: 0 2 -1 
P3: 0 -2 0 
"];
32 [label = "P2: 0 2 -2 
P3: 0 -2 0 
"];
33 [label = "P2: 0 2 -2 
", style="filled", fillcolor = "#9696FF"];
34 [label = "P3: 0 0 0 
",  style="filled", fillcolor = "#FF96FF"];
edge [style=bold];
0 -- 1 [color=black];
0 -- 2 [color="#1E96FF", penwidth=4.0];

1 -- 2 [color=black];

2 -- 3 [color="#1E96FF", penwidth=4.0];

3 -- 4 [color="#1E96FF", penwidth=4.0];

4 -- 5 [color=black];
4 -- 6 [color=black];
4 -- 7 [color="#1E96FF", penwidth=4.0];

5 -- 6 [color=black];
5 -- 8 [color=black];

6 -- 8 [color=black];
6 -- 7 [color=black];

7 -- 8 [color=black];
7 -- 26 [color=black];
7 -- 25 [color=black];

8 -- 9 [color=black];

9 -- 10 [color=black];
9 -- 11 [color=black];
9 -- 12 [color=black];

10 -- 11 [color=black];

11 -- 12 [color=black];
11 -- 13 [color=black];


13 -- 14 [color=black];
13 -- 15 [color=black];
13 -- 16 [color=black];
13 -- 17 [color=black];
13 -- 18 [color=black];
13 -- 19 [color=black];
13 -- 20 [color=black];



16 -- 21 [color=black];
16 -- 22 [color=black];
16 -- 23 [color=black];





21 -- 22 [color=black];
21 -- 23 [color=black];
21 -- 24 [color=black];




26 -- 27 [color=black];
26 -- 28 [color=black];
26 -- 29 [color=black];
26 -- 30 [color="#1E96FF", penwidth=4.0];

27 -- 28 [color=black];
27 -- 29 [color=black];

28 -- 29 [color=black];


30 -- 31 [color="#1E96FF", penwidth=4.0];

31 -- 32 [color="#1E96FF", penwidth=4.0];

32 -- 34 [color=black];
32 -- 33 [color="#1E96FF", penwidth=4.0];

}
