graph G {
color = "black"
0 [label = "P1: 0 0 0 
P2: 0 0 0 
P3: 0 0 0 
P4: 0 0 0 
",  style="filled", fillcolor = "#96FF96"];
1 [label = "P1: -1 0 0 
P2: 0 0 0 
P3: 0 0 0 
P4: 0 0 0 
"];
2 [label = "P1: -2 0 0 
P2: 0 0 0 
P3: 0 0 0 
P4: 0 0 0 
"];
3 [label = "P1: -3 0 0 
P2: 0 0 0 
P3: 0 0 0 
P4: 0 0 0 
"];
4 [label = "P1: -4 0 0 
P2: 0 0 0 
P3: 0 0 0 
P4: 0 0 0 
"];
5 [label = "P1: -4 0 1 
P2: 0 0 0 
P3: 0 0 0 
P4: 0 0 0 
"];
6 [label = "P1: -4 0 1 
P2: 0 -1 0 
P3: 0 0 0 
P4: 0 0 0 
"];
7 [label = "P1: -4 0 1 
P2: 0 -1 0 
P3: 0 0 1 
P4: 0 0 0 
"];
8 [label = "P1: -4 0 2 
P2: 0 -1 0 
P3: 0 0 1 
P4: 0 0 0 
"];
9 [label = "P1: -4 0 1 
P2: 0 -2 0 
P3: 0 0 1 
P4: 0 0 0 
"];
10 [label = "P1: -4 0 2 
P2: 0 -2 0 
P3: 0 0 1 
P4: 0 0 0 
"];
11 [label = "P1: -4 0 1 
P2: 0 -2 -1 
P3: 0 0 0 
P4: 0 0 0 
"];
12 [label = "P1: -4 0 0 
P2: 0 -2 -1 
P3: 0 0 0 
P4: 0 0 0 
"];
13 [label = "P1: -4 0 1 
P2: 0 -3 -1 
P3: 0 0 0 
P4: 0 0 0 
",  style="filled", fillcolor = "#FF9696"];
14 [label = "P1: -4 0 1 
P2: 0 -4 -1 
P3: 0 0 0 
P4: 0 0 0 
",  style="filled", fillcolor = "#FF9696"];
15 [label = "P1: -4 0 0 
P2: 0 -3 -1 
P3: 0 0 0 
P4: 0 0 0 
",  style="filled", fillcolor = "#FF9696"];
16 [label = "P1: -3 0 0 
P2: 0 -3 -1 
P3: 0 0 0 
P4: 0 0 0 
"];
17 [label = "P1: -4 0 0 
P2: 0 -3 -1 
P3: 0 0 1 
P4: 0 0 0 
"];
18 [label = "P1: -4 0 0 
P2: 0 -3 -1 
P3: 0 0 2 
P4: 0 0 0 
"];
19 [label = "P1: -4 0 1 
",  style="filled", fillcolor = "#FF96FF"];
20 [label = "P2: 0 -3 -1 
P3: 0 0 0 
P4: 0 0 0 
"];
21 [label = "P2: 0 -4 -1 
P3: 0 0 0 
P4: 0 0 0 
"];
22 [label = "P2: 0 -2 -1 
P3: 0 0 0 
P4: 0 0 0 
"];
23 [label = "P3: 0 0 0 
",  style="filled", fillcolor = "#FF96FF"];
24 [label = "P2: 0 -3 -1 
P4: 0 0 0 
"];
25 [label = "P2: -1 -3 -1 
P4: 0 0 0 
"];
26 [label = "P2: 1 -3 -1 
P4: 0 0 0 
"];
27 [label = "P2: 0 -4 -1 
P4: 0 0 0 
"];
28 [label = "P2: 0 -5 -1 
P4: 0 0 0 
"];
29 [label = "P2: 0 -6 -1 
P4: 0 0 0 
"];
30 [label = "P2: 0 -2 -1 
P4: 0 0 0 
"];
31 [label = "P2: -1 -4 -1 
P4: 0 0 0 
"];
32 [label = "P2: -1 -5 -1 
P4: 0 0 0 
"];
33 [label = "P2: -1 -6 -1 
P4: 0 0 0 
"];
34 [label = "P2: 1 -3 -1 
", style="filled", fillcolor = "#9696FF"];
35 [label = "P4: 0 0 0 
",  style="filled", fillcolor = "#FF96FF"];
edge [style=bold];
0 -- 1 [color=black];
0 -- 2 [color=black];
0 -- 3 [color=black];
0 -- 4 [color="#1E96FF", penwidth=4.0];

1 -- 2 [color=black];
1 -- 3 [color=black];
1 -- 4 [color=black];

2 -- 3 [color=black];
2 -- 4 [color=black];

3 -- 4 [color=black];

4 -- 5 [color="#1E96FF", penwidth=4.0];

5 -- 6 [color="#1E96FF", penwidth=4.0];

6 -- 7 [color="#1E96FF", penwidth=4.0];
6 -- 8 [color=black];

7 -- 8 [color=black];
7 -- 9 [color="#1E96FF", penwidth=4.0];

8 -- 10 [color=black];

9 -- 10 [color=black];
9 -- 11 [color="#1E96FF", penwidth=4.0];
9 -- 12 [color=black];

10 -- 11 [color=black];

11 -- 12 [color=black];
11 -- 13 [color="#1E96FF", penwidth=4.0];
11 -- 14 [color=black];

12 -- 15 [color=black];

13 -- 15 [color=black];
13 -- 20 [color="#1E96FF", penwidth=4.0];
13 -- 19 [color=black];


15 -- 16 [color=black];
15 -- 17 [color=black];
15 -- 18 [color=black];




20 -- 21 [color=black];
20 -- 22 [color=black];
20 -- 24 [color="#1E96FF", penwidth=4.0];
20 -- 23 [color=black];



24 -- 25 [color=black];
24 -- 26 [color="#1E96FF", penwidth=4.0];
24 -- 27 [color=black];
24 -- 28 [color=black];
24 -- 29 [color=black];
24 -- 30 [color=black];

25 -- 26 [color=black];
25 -- 31 [color=black];
25 -- 32 [color=black];
25 -- 33 [color=black];

26 -- 35 [color=black];
26 -- 34 [color="#1E96FF", penwidth=4.0];








}
