digraph G {
color = "black"
0[label = "Index: 0 
P0: 0 0 0 
P1: 0 0 0 
P2: 0 0 0 
", style="filled", fillcolor = "green"]
1[label = "Index: 1 
P0: -1 0 0 
P1: 0 0 0 
P2: 0 0 0 
"]
2[label = "Index: 2 
P0: -2 0 0 
P1: 0 0 0 
P2: 0 0 0 
", color = "orange"]
3[label = "Index: 3 
P0: -3 0 0 
P1: 0 0 0 
P2: 0 0 0 
"]
4[label = "Index: 4 
P0: -2 0 0 
P1: 0 0 1 
P2: 0 0 0 
"]
5[label = "Index: 5 
P0: -2 0 1 
P1: 0 0 1 
P2: 0 0 0 
", color = "orange"]
6[label = "Index: 6 
P0: -3 0 1 
P1: 0 0 1 
P2: 0 0 0 
"]
7[label = "Index: 7 
P0: -1 0 0 
P1: 1 0 1 
P2: 0 0 0 
"]
8[label = "Index: 8 
P0: -2 0 1 
P1: 1 0 1 
P2: 0 0 0 
", color = "orange"]
9[label = "Index: 9 
P0: -2 1 1 
P1: 1 1 1 
P2: 0 0 0 
", style="filled", fillcolor = "red"]
10[label = "Index: 10 
P0: -1 1 1 
P1: 1 1 1 
P2: 0 0 0 
"]
11[label = "Index: 11 
P0: 0 1 1 
P1: 1 1 1 
P2: 0 0 0 
"]
12[label = "Index: 12 
P0: 1 1 1 
P1: 1 1 1 
P2: 0 0 0 
"]
13[label = "Index: 13 
P2: 0 0 0 
", color = "fuchsia"]
14[label = "Index: 14 
P0: -2 1 1 
P1: 1 1 1 
", color = "orange"]
15[label = "Index: 15 
P0: -1 1 1 
P1: 1 1 1 
", color = "red"]
16[label = "Index: 16 
P0: 0 1 1 
P1: 1 1 1 
"]
17[label = "Index: 17 
P0: 1 1 1 
P1: 1 1 1 
"]
18[label = "Index: 18 
P1: 1 1 1 
", style="filled", fillcolor = "blue"]
19[label = "Index: 19 
P0: -1 1 1 
", color = "fuchsia"]
0 -> 1
0 -> 2
0 -> 3

1 -> 0
1 -> 2
1 -> 3

2 -> 0
2 -> 1
2 -> 3
2 -> 4
2 -> 5

3 -> 0
3 -> 1
3 -> 2
3 -> 6

4 -> 2
4 -> 5
4 -> 7

5 -> 2
5 -> 4
5 -> 6
5 -> 8

6 -> 3
6 -> 5
6 -> 8

7 -> 4

8 -> 5
8 -> 6
8 -> 9

9 -> 8
9 -> 10
9 -> 11
9 -> 12
9 -> 13
9 -> 14

10 -> 9

11 -> 9

12 -> 9

14 -> 15
14 -> 16
14 -> 17

15 -> 14
15 -> 18
15 -> 19

16 -> 14

17 -> 14

}
