graph G {
color = "black"
0 [label = "P1: 0 0 0 
P2: 0 0 0 
P3: 0 0 0 
P4: 0 0 0 
",  style="filled", fillcolor = "#96FF96"];
1 [label = "P1: 0 1 0 
P2: 0 0 0 
P3: 0 0 0 
P4: 0 0 0 
"];
2 [label = "P1: 0 1 0 
P2: 0 0 -1 
P3: 0 0 0 
P4: 0 0 0 
"];
3 [label = "P1: 0 2 0 
P2: 0 0 -1 
P3: 0 0 0 
P4: 0 0 0 
",  style="filled", fillcolor = "#FF9696"];
4 [label = "P1: 1 2 0 
P2: 0 0 -1 
P3: 0 0 0 
P4: 0 0 0 
"];
5 [label = "P1: 0 2 1 
P2: 0 0 -1 
P3: 0 0 0 
P4: 0 0 0 
"];
6 [label = "P2: 0 0 -1 
",  style="filled", fillcolor = "#FF96FF"];
7 [label = "P1: 0 2 0 
P3: 0 0 0 
P4: 0 0 0 
"];
8 [label = "P1: 1 2 0 
P3: 0 0 0 
P4: 0 0 0 
"];
9 [label = "P1: 0 1 0 
P3: 0 0 0 
P4: 0 0 0 
"];
10 [label = "P1: 0 0 0 
P3: 0 0 0 
P4: 0 0 0 
"];
11 [label = "P1: 0 2 1 
P3: 0 0 0 
P4: 0 0 0 
"];
12 [label = "P1: 0 2 0 
P3: 0 -1 0 
P4: 0 0 0 
"];
13 [label = "P1: 0 1 0 
P3: 0 -1 0 
P4: 0 0 0 
"];
14 [label = "P1: 1 2 0 
",  style="filled", fillcolor = "#FF96FF"];
15 [label = "P3: 0 0 0 
P4: 0 0 0 
"];
16 [label = "P3: 0 -1 0 
P4: 0 0 0 
"];
17 [label = "P3: -1 -1 0 
P4: 0 0 0 
"];
18 [label = "P3: -1 -2 0 
P4: 0 0 0 
"];
19 [label = "P3: -1 -3 0 
P4: 0 0 0 
"];
20 [label = "P3: -1 -3 0 
", style="filled", fillcolor = "#9696FF"];
21 [label = "P4: 0 0 0 
",  style="filled", fillcolor = "#FF96FF"];
edge [style=bold];
0 -- 1 [color="#1E96FF", penwidth=4.0];

1 -- 2 [color="#1E96FF", penwidth=4.0];

2 -- 3 [color="#1E96FF", penwidth=4.0];

3 -- 4 [color=black];
3 -- 5 [color=black];
3 -- 7 [color=black];
3 -- 6 [color=black];



7 -- 8 [color="#1E96FF", penwidth=4.0];
7 -- 9 [color=black];
7 -- 10 [color=black];
7 -- 11 [color=black];
7 -- 12 [color=black];
7 -- 13 [color=black];

8 -- 15 [color="#1E96FF", penwidth=4.0];
8 -- 14 [color=black];






15 -- 16 [color="#1E96FF", penwidth=4.0];

16 -- 17 [color="#1E96FF", penwidth=4.0];

17 -- 18 [color=black];
17 -- 19 [color="#1E96FF", penwidth=4.0];

18 -- 19 [color=black];

19 -- 21 [color=black];
19 -- 20 [color="#1E96FF", penwidth=4.0];

}
