digraph G {
color = "black"
0[label = "Index: 0 
P0: 0 0 0 
P1: 0 0 0 
P2: 0 0 0 
", style="filled", fillcolor = "green"]
1[label = "Index: 1 
P0: 0 0 -1 
P1: 0 0 0 
P2: 0 0 0 
", color = "orange"]
2[label = "Index: 2 
P0: 0 0 -1 
P1: 1 0 0 
P2: 0 0 0 
", color = "orange"]
3[label = "Index: 3 
P0: 0 0 -1 
P1: 1 0 1 
P2: 0 0 0 
", color = "orange"]
4[label = "Index: 4 
P0: 0 0 0 
P1: 1 0 1 
P2: 0 0 0 
"]
5[label = "Index: 5 
P0: 0 0 -1 
P1: 2 0 1 
P2: 0 0 0 
", color = "orange"]
6[label = "Index: 6 
P0: 0 0 -1 
P1: 2 1 1 
P2: 0 0 0 
", color = "orange"]
7[label = "Index: 7 
P0: 0 0 -1 
P1: 2 1 2 
P2: 0 0 0 
", style="filled", fillcolor = "red"]
8[label = "Index: 8 
P0: 0 0 0 
P1: 2 1 2 
P2: 0 0 0 
"]
9[label = "Index: 9 
P1: 2 1 2 
", color = "fuchsia"]
10[label = "Index: 10 
P0: 0 0 -1 
P2: 0 0 0 
", color = "orange"]
11[label = "Index: 11 
P0: 0 0 0 
P2: 0 0 0 
", color = "orange"]
12[label = "Index: 12 
P0: 0 -1 0 
P2: 0 0 0 
", color = "red"]
13[label = "Index: 13 
P0: 0 -2 0 
P2: 0 0 0 
"]
14[label = "Index: 14 
P0: 0 -1 0 
", style="filled", fillcolor = "blue"]
15[label = "Index: 15 
P2: 0 0 0 
", color = "fuchsia"]
0 -> 1

1 -> 0
1 -> 2

2 -> 1
2 -> 3
2 -> 4

3 -> 2
3 -> 4
3 -> 5

4 -> 2
4 -> 3

5 -> 3
5 -> 6

6 -> 5
6 -> 7
6 -> 8

7 -> 6
7 -> 8
7 -> 10
7 -> 9

8 -> 6
8 -> 7

10 -> 11

11 -> 10
11 -> 12
11 -> 13

12 -> 11
12 -> 15
12 -> 14

13 -> 11

}
