digraph G {
color = "black"
0[label = "Index: 0 
P0: 0 0 0 
P1: 0 0 0 
P2: 0 0 0 
P3: 0 0 0 
", style="filled", fillcolor = "green"]
1[label = "Index: 1 
P0: 0 0 -1 
P1: 0 0 0 
P2: 0 0 0 
P3: 0 0 0 
", color = "orange"]
2[label = "Index: 2 
P0: 0 0 -1 
P1: 0 1 0 
P2: 0 0 0 
P3: 0 0 0 
", color = "orange"]
3[label = "Index: 3 
P0: 0 0 -1 
P1: 0 1 1 
P2: 0 0 1 
P3: 0 0 0 
", style="filled", fillcolor = "red"]
4[label = "Index: 4 
P0: 0 0 0 
P1: 0 1 1 
P2: 0 0 1 
P3: 0 0 0 
", color = "purple"]
5[label = "Index: 5 
P1: 0 1 1 
", color = "fuchsia"]
6[label = "Index: 6 
P0: 0 0 -1 
P2: 0 0 1 
P3: 0 0 0 
", color = "red"]
7[label = "Index: 7 
P0: -1 0 -1 
P2: 0 0 1 
P3: 0 0 0 
"]
8[label = "Index: 8 
P0: 0 0 0 
P2: 0 0 1 
P3: 0 0 0 
"]
9[label = "Index: 9 
P2: 0 0 1 
", color = "fuchsia"]
10[label = "Index: 10 
P0: 0 0 -1 
P3: 0 0 0 
", color = "orange"]
11[label = "Index: 11 
P0: -1 0 -1 
P3: 0 0 0 
", color = "red"]
12[label = "Index: 12 
P0: 0 0 0 
P3: 0 0 0 
"]
13[label = "Index: 13 
P0: -1 0 -1 
", style="filled", fillcolor = "blue"]
14[label = "Index: 14 
P3: 0 0 0 
", color = "fuchsia"]
0 -> 1

1 -> 0
1 -> 2

2 -> 1
2 -> 3
2 -> 4

3 -> 2
3 -> 4
3 -> 6
3 -> 5

4 -> 2
4 -> 3

6 -> 7
6 -> 8
6 -> 10
6 -> 9

7 -> 6

8 -> 6

10 -> 11
10 -> 12

11 -> 10
11 -> 14
11 -> 13

12 -> 10

}
