graph G {
color = "black"
0 [label = "P1: 0 0 0 
P2: 0 0 0 
P3: 0 0 0 
P4: 0 0 0 
P5: 0 0 0 
",  style="filled", fillcolor = "#96FF96"];
1 [label = "P1: -1 0 0 
P2: 0 0 0 
P3: 0 0 0 
P4: 0 0 0 
P5: 0 0 0 
"];
2 [label = "P1: -1 0 0 
P2: 0 0 1 
P3: 0 0 0 
P4: 0 0 0 
P5: 0 0 0 
"];
3 [label = "P1: -1 0 0 
P2: 0 0 1 
P3: 0 -1 0 
P4: 0 0 0 
P5: 0 0 0 
"];
4 [label = "P1: -1 0 0 
P2: 0 0 1 
P3: 0 -1 0 
P4: 0 0 -1 
P5: 0 0 0 
"];
5 [label = "P1: -1 0 -1 
P2: 0 0 1 
P3: 0 -1 0 
P4: 0 0 -1 
P5: 0 0 0 
"];
6 [label = "P1: -1 0 -1 
P2: 0 0 1 
P3: 0 -1 0 
P4: 0 0 -2 
P5: 0 0 0 
"];
7 [label = "P1: -1 0 0 
P2: 0 0 1 
P3: 0 -1 0 
P4: 0 0 -1 
P5: -1 0 0 
"];
8 [label = "P1: -1 -1 -1 
P2: 0 -1 1 
P3: 0 -2 0 
P4: 0 -1 -2 
P5: 0 0 0 
"];
9 [label = "P1: -1 0 0 
P2: 0 0 2 
P3: 0 -1 0 
P4: 0 0 -1 
P5: -1 0 0 
"];
10 [label = "P1: 0 0 0 
P2: 1 0 2 
P3: 1 -1 1 
P4: 1 0 -1 
P5: 0 0 0 
"];
11 [label = "P1: -1 0 0 
P2: 0 0 2 
P3: 0 -2 0 
P4: 0 0 -1 
P5: -1 0 0 
"];
12 [label = "P1: 0 0 0 
P2: 1 0 3 
P3: 1 -1 1 
P4: 1 0 -1 
P5: 0 0 0 
"];
13 [label = "P1: -1 0 0 
P2: 0 0 2 
P3: 1 -2 0 
P4: 0 0 -1 
P5: -1 0 0 
"];
14 [label = "P1: 0 0 0 
P2: 1 -1 3 
P3: 1 -1 1 
P4: 1 0 -1 
P5: 0 0 0 
"];
15 [label = "P1: -1 0 0 
P2: 0 0 3 
P3: 1 -2 0 
P4: 0 0 -1 
P5: -1 0 0 
"];
16 [label = "P1: -1 0 0 
P2: -1 0 3 
P3: 0 -2 0 
P4: 0 0 -1 
P5: -1 0 0 
"];
17 [label = "P1: -1 0 0 
P2: 0 0 3 
P3: 1 -2 0 
P4: 0 0 -1 
P5: 0 0 0 
"];
18 [label = "P1: 0 0 0 
P2: 0 1 3 
P3: 1 -2 0 
P4: 1 0 -1 
P5: 0 0 0 
"];
19 [label = "P1: -1 0 0 
P2: -1 1 3 
P3: 0 -1 0 
P4: 0 0 -1 
P5: -1 0 0 
"];
20 [label = "P1: 0 0 0 
P2: 0 1 3 
P3: 2 -2 0 
P4: 1 0 -1 
P5: 0 0 0 
"];
21 [label = "P1: 0 0 0 
P2: 0 1 3 
P3: 1 -1 1 
P4: 1 0 -1 
P5: 0 0 0 
"];
22 [label = "P1: -1 0 0 
P2: -1 1 4 
P3: 0 -1 1 
P4: 0 0 -1 
P5: -1 0 0 
"];
23 [label = "P1: -2 0 0 
P2: -1 1 4 
P3: 0 -1 1 
P4: -1 0 -1 
P5: -1 0 0 
"];
24 [label = "P1: -2 0 0 
P2: -1 1 4 
P3: 0 -1 1 
P4: -1 0 -1 
P5: -1 0 1 
"];
25 [label = "P1: -2 0 0 
P2: -1 2 4 
P3: 0 -1 1 
P4: -1 0 -1 
P5: -1 1 1 
"];
26 [label = "P1: -1 -1 -1 
P2: 0 0 3 
P3: 1 -2 0 
P4: 0 -1 -2 
P5: 0 0 0 
"];
27 [label = "P1: -2 0 0 
P2: -1 2 4 
P3: -1 -1 1 
P4: -1 0 -1 
P5: -1 1 1 
",  style="filled", fillcolor = "#FF9696"];
28 [label = "P2: 0 1 3 
",  style="filled", fillcolor = "#FF96FF"];
29 [label = "P1: -2 0 0 
P3: -1 -1 1 
P4: -1 0 -1 
P5: -1 1 1 
"];
30 [label = "P1: -1 -1 -1 
P3: 1 -2 0 
P4: 0 -1 -2 
P5: 0 0 0 
"];
31 [label = "P1: -2 0 0 
P3: -1 -1 1 
P4: -1 0 -1 
P5: -1 0 1 
"];
32 [label = "P1: -1 0 -1 
P3: 1 -1 0 
P4: 0 0 -2 
P5: 0 0 0 
"];
33 [label = "P1: -2 0 0 
P3: -1 -1 1 
P4: -1 0 0 
P5: -1 0 1 
"];
34 [label = "P1: -1 0 0 
P3: 0 -1 0 
P4: 0 0 -1 
P5: 0 0 0 
"];
35 [label = "P1: -1 0 -1 
P3: 1 -1 0 
P4: 0 0 -1 
P5: 0 0 0 
"];
36 [label = "P1: -1 0 0 
P3: 1 -1 0 
P4: 0 0 -1 
P5: 0 0 0 
"];
37 [label = "P1: -1 0 0 
P3: 1 -1 1 
P4: 0 0 -1 
P5: 0 0 0 
"];
38 [label = "P4: -1 0 0 
P5: -1 0 1 
"];
39 [label = "P4: -1 0 0 
", style="filled", fillcolor = "#9696FF"];
40 [label = "P5: 0 0 0 
",  style="filled", fillcolor = "#FF96FF"];
41 [label = "P1: -2 0 0 
P3: -1 -1 1 
"];
42 [label = "P3: -1 -1 1 
",  style="filled", fillcolor = "#FF96FF"];
43 [label = "P1: -1 0 -1 
",  style="filled", fillcolor = "#FF96FF"];
edge [style=bold];
0 -- 1 [color="#1E96FF", penwidth=4.0];

1 -- 2 [color="#1E96FF", penwidth=4.0];

2 -- 3 [color="#1E96FF", penwidth=4.0];

3 -- 4 [color="#1E96FF", penwidth=4.0];
3 -- 5 [color=black];

4 -- 5 [color=black];
4 -- 6 [color=black];
4 -- 7 [color="#1E96FF", penwidth=4.0];

5 -- 6 [color=black];

6 -- 8 [color=black];

7 -- 9 [color="#1E96FF", penwidth=4.0];
7 -- 10 [color=black];


9 -- 11 [color="#1E96FF", penwidth=4.0];
9 -- 10 [color=black];
9 -- 12 [color=black];

10 -- 12 [color=black];

11 -- 13 [color="#1E96FF", penwidth=4.0];

12 -- 14 [color=black];

13 -- 15 [color="#1E96FF", penwidth=4.0];


15 -- 16 [color="#1E96FF", penwidth=4.0];
15 -- 17 [color=black];

16 -- 18 [color=black];
16 -- 19 [color="#1E96FF", penwidth=4.0];
16 -- 17 [color=black];


18 -- 20 [color=black];
18 -- 19 [color=black];

19 -- 21 [color=black];
19 -- 22 [color="#1E96FF", penwidth=4.0];


21 -- 22 [color=black];

22 -- 23 [color="#1E96FF", penwidth=4.0];

23 -- 24 [color="#1E96FF", penwidth=4.0];

24 -- 25 [color="#1E96FF", penwidth=4.0];
24 -- 26 [color=black];

25 -- 26 [color=black];
25 -- 27 [color="#1E96FF", penwidth=4.0];


27 -- 29 [color=black];
27 -- 28 [color=black];

29 -- 30 [color=black];
29 -- 31 [color="#1E96FF", penwidth=4.0];

30 -- 32 [color=black];

31 -- 32 [color=black];
31 -- 33 [color="#1E96FF", penwidth=4.0];
31 -- 34 [color=black];

32 -- 35 [color=black];
32 -- 36 [color=black];
32 -- 37 [color=black];

33 -- 34 [color=black];
33 -- 35 [color=black];
33 -- 38 [color="#1E96FF", penwidth=4.0];
33 -- 41 [color=black];





38 -- 40 [color=black];
38 -- 39 [color="#1E96FF", penwidth=4.0];

41 -- 42 [color=black];
41 -- 43 [color=black];

}
