graph G {
color = "black"
0 [label = "P1: 0 0 0 
P2: 0 0 0 
P3: 0 0 0 
P4: 0 0 0 
",  style="filled", fillcolor = "#96FF96"];
1 [label = "P1: 0 0 1 
P2: 0 0 0 
P3: 0 0 0 
P4: 0 0 0 
"];
2 [label = "P1: 0 0 1 
P2: -1 0 0 
P3: 0 0 0 
P4: 0 0 0 
"];
3 [label = "P1: 0 0 1 
P2: -1 0 0 
P3: 0 0 -1 
P4: 0 0 0 
"];
4 [label = "P1: 0 0 1 
P2: -2 0 0 
P3: 0 0 -1 
P4: 0 0 0 
"];
5 [label = "P1: 0 0 1 
P2: -2 0 0 
P3: 0 0 -1 
P4: 0 -1 0 
"];
6 [label = "P1: 0 0 1 
P2: -2 0 0 
P3: 0 0 -2 
P4: 0 -1 0 
"];
7 [label = "P1: 0 0 1 
P2: -2 0 0 
P3: 0 0 -2 
P4: 0 -2 0 
"];
8 [label = "P1: 0 2 2 
P2: -2 2 0 
P3: 0 2 -2 
P4: 0 0 0 
"];
9 [label = "P1: 0 0 3 
P2: -2 0 0 
P3: 0 0 -2 
P4: 0 -2 0 
"];
10 [label = "P1: 0 2 1 
P2: -2 2 -1 
P3: 0 2 -2 
P4: 0 0 0 
"];
11 [label = "P1: 0 2 1 
P2: -2 2 -1 
P3: 0 2 -3 
P4: 0 0 0 
"];
12 [label = "P1: 0 2 2 
P2: -2 2 -1 
P3: 0 2 -2 
P4: 0 0 0 
"];
13 [label = "P1: 0 2 2 
P2: -2 2 -1 
P3: 0 2 -3 
P4: 0 0 0 
"];
14 [label = "P1: 0 1 3 
P2: -2 2 0 
P3: 0 2 -2 
P4: 0 0 0 
"];
15 [label = "P1: 0 0 3 
P2: -2 0 0 
P3: 0 0 -2 
P4: 0 -1 0 
"];
16 [label = "P1: 0 1 3 
P2: -2 1 0 
P3: 0 1 -1 
P4: 0 0 0 
"];
17 [label = "P1: 0 1 3 
P2: -2 1 1 
P3: 0 1 -1 
P4: 0 0 0 
"];
18 [label = "P1: 0 0 3 
P2: -2 0 0 
P3: 0 0 -2 
P4: 0 -1 -1 
"];
19 [label = "P1: 0 -1 3 
P2: -2 0 0 
P3: 0 0 -2 
P4: 0 -1 -1 
"];
20 [label = "P1: -1 -1 3 
P2: -3 0 0 
P3: 0 0 -2 
P4: 0 -1 -1 
"];
21 [label = "P1: -1 -1 3 
P2: -3 0 0 
P3: 0 0 -2 
P4: 0 0 -1 
"];
22 [label = "P1: -1 -1 4 
P2: -3 0 1 
P3: 0 0 0 
P4: 0 0 0 
"];
23 [label = "P1: -1 -1 3 
P2: -3 0 0 
P3: 0 0 -2 
P4: 0 0 -2 
"];
24 [label = "P1: -2 -1 3 
P2: -4 0 0 
P3: 0 0 -2 
P4: 0 0 -2 
"];
25 [label = "P1: 0 -1 5 
P2: -2 0 2 
P3: 0 0 0 
P4: 0 0 0 
"];
26 [label = "P1: -2 0 3 
P2: -4 0 0 
P3: 0 0 -2 
P4: 0 0 -2 
"];
27 [label = "P1: 0 0 5 
P2: -2 0 2 
P3: 0 0 0 
P4: 0 0 0 
"];
28 [label = "P1: -2 0 3 
P2: -3 0 0 
P3: 0 0 -2 
P4: 0 0 -2 
",  style="filled", fillcolor = "#FF9696"];
29 [label = "P1: -2 0 5 
P2: -2 0 2 
P3: 0 0 0 
P4: 0 0 0 
",  style="filled", fillcolor = "#FF9696"];
30 [label = "P1: 0 0 4 
P2: -2 0 2 
P3: 0 0 0 
P4: 0 0 0 
"];
31 [label = "P1: -2 0 5 
",  style="filled", fillcolor = "#FF96FF"];
32 [label = "P2: -3 0 0 
P3: 0 0 -2 
P4: 0 0 -2 
"];
33 [label = "P2: -3 0 2 
",  style="filled", fillcolor = "#FF96FF"];
34 [label = "P3: 0 0 -2 
P4: 0 0 -2 
"];
35 [label = "P3: 0 0 -3 
P4: 0 0 -2 
"];
36 [label = "P3: 0 1 -3 
P4: 0 0 -2 
"];
37 [label = "P3: 0 1 -3 
", style="filled", fillcolor = "#9696FF"];
38 [label = "P4: 0 0 0 
",  style="filled", fillcolor = "#FF96FF"];
edge [style=bold];
0 -- 1 [color="#1E96FF", penwidth=4.0];

1 -- 2 [color="#1E96FF", penwidth=4.0];

2 -- 3 [color="#1E96FF", penwidth=4.0];

3 -- 4 [color="#1E96FF", penwidth=4.0];

4 -- 5 [color="#1E96FF", penwidth=4.0];

5 -- 6 [color="#1E96FF", penwidth=4.0];

6 -- 7 [color="#1E96FF", penwidth=4.0];

7 -- 8 [color=black];
7 -- 9 [color="#1E96FF", penwidth=4.0];
7 -- 10 [color=black];
7 -- 11 [color=black];

8 -- 9 [color=black];
8 -- 12 [color=black];
8 -- 10 [color=black];
8 -- 13 [color=black];
8 -- 11 [color=black];

9 -- 14 [color=black];
9 -- 12 [color=black];
9 -- 15 [color="#1E96FF", penwidth=4.0];
9 -- 13 [color=black];

10 -- 12 [color=black];
10 -- 11 [color=black];

11 -- 13 [color=black];
11 -- 12 [color=black];

12 -- 13 [color=black];


14 -- 15 [color=black];

15 -- 16 [color=black];
15 -- 17 [color=black];
15 -- 18 [color="#1E96FF", penwidth=4.0];

16 -- 17 [color=black];
16 -- 18 [color=black];

17 -- 18 [color=black];

18 -- 19 [color="#1E96FF", penwidth=4.0];

19 -- 20 [color="#1E96FF", penwidth=4.0];

20 -- 21 [color="#1E96FF", penwidth=4.0];

21 -- 22 [color=black];
21 -- 23 [color="#1E96FF", penwidth=4.0];

22 -- 23 [color=black];

23 -- 24 [color="#1E96FF", penwidth=4.0];
23 -- 25 [color=black];

24 -- 26 [color="#1E96FF", penwidth=4.0];
24 -- 25 [color=black];

25 -- 27 [color=black];

26 -- 28 [color="#1E96FF", penwidth=4.0];
26 -- 29 [color=black];

27 -- 30 [color=black];

28 -- 32 [color="#1E96FF", penwidth=4.0];
28 -- 31 [color=black];



32 -- 34 [color="#1E96FF", penwidth=4.0];
32 -- 33 [color=black];

34 -- 35 [color="#1E96FF", penwidth=4.0];

35 -- 36 [color="#1E96FF", penwidth=4.0];

36 -- 38 [color=black];
36 -- 37 [color="#1E96FF", penwidth=4.0];

}
