graph G {
color = "black"
0 [label = "P1: 0 0 0 
P2: 0 0 0 
P3: 0 0 0 
P4: 0 0 0 
P5: 0 0 0 
",  style="filled", fillcolor = "#96FF96"];
1 [label = "P1: -1 0 0 
P2: 0 0 0 
P3: 0 0 0 
P4: 0 0 0 
P5: 0 0 0 
"];
2 [label = "P1: -1 0 0 
P2: 0 -1 0 
P3: 0 0 0 
P4: 0 0 0 
P5: 0 0 0 
"];
3 [label = "P1: -2 0 0 
P2: 0 -1 0 
P3: 0 0 0 
P4: 0 0 0 
P5: 0 0 0 
"];
4 [label = "P1: -2 0 0 
P2: 0 -2 0 
P3: 0 0 0 
P4: 0 0 0 
P5: 0 0 0 
"];
5 [label = "P1: -3 0 0 
P2: 0 -2 0 
P3: 0 0 0 
P4: 0 0 0 
P5: 0 0 0 
"];
6 [label = "P1: -3 0 0 
P2: -1 -2 0 
P3: -1 0 0 
P4: -1 0 0 
P5: 0 0 0 
"];
7 [label = "P1: -3 0 -1 
P2: 0 -2 0 
P3: 0 0 0 
P4: 0 0 0 
P5: 0 0 0 
"];
77 [label = "P2: 0 -2 0 
P3: 0 0 0 
P4: 0 0 0 
P5: 0 0 0 
",  style="filled", fillcolor = "#FF9696"];
8 [label = "P1: -4 0 0 
P2: -1 -2 0 
P3: -1 0 0 
P4: -1 0 0 
P5: 0 0 0 
"];
9 [label = "P1: -4 0 -1 
P2: -1 -2 0 
P3: -1 0 0 
P4: -1 0 0 
P5: 0 0 0 
"];
99 [label = "P2: -1 -2 0 
P3: -1 0 0 
P4: -1 0 0 
P5: 0 0 0 
",  style="filled", fillcolor = "#FF9696"];
edge [style=bold];
0 -- 1 [color="#1E96FF", penwidth=4.0];

1 -- 2 [color="#1E96FF", penwidth=4.0];

2 -- 3 [color="#1E96FF", penwidth=4.0];

3 -- 4 [color="#1E96FF", penwidth=4.0];

4 -- 5 [color="#1E96FF", penwidth=4.0];
4 -- 6 [color=black];

5 -- 7 [color="#1E96FF", penwidth=4.0];
5 -- 6 [color=black];
5 -- 8 [color=black];

6 -- 8 [color=black];


7 -- 77 [color="#1E96FF", penwidth=4.0];
8 -- 9 [color=black];


9 -- 99 [color=black];
}
