digraph G {
color = "black"
0[label = "Index: 0 
P0: 0 0 0 
P1: 0 0 0 
P2: 0 0 0 
P3: 0 0 0 
P4: 0 0 0 
", style="filled", fillcolor = "green"]
1[label = "Index: 1 
P0: 0 -1 0 
P1: 0 0 0 
P2: 0 0 0 
P3: 0 0 0 
P4: 0 0 0 
", color = "orange"]
2[label = "Index: 2 
P0: 1 -1 0 
P1: 0 0 0 
P2: 0 0 0 
P3: 0 0 0 
P4: 0 0 0 
"]
3[label = "Index: 3 
P0: 1 -1 0 
P1: 1 0 0 
P2: 0 0 0 
P3: 0 0 0 
P4: 0 0 0 
"]
4[label = "Index: 4 
P0: 1 -1 0 
P1: 1 0 0 
P2: 1 0 0 
P3: 0 0 0 
P4: 0 0 0 
", color = "orange"]
5[label = "Index: 5 
P0: 1 -1 1 
P1: 0 0 0 
P2: 0 0 0 
P3: 0 0 0 
P4: 0 0 0 
"]
6[label = "Index: 6 
P0: 1 -1 0 
P1: 1 0 0 
P2: 1 0 0 
P3: 0 1 0 
P4: 0 0 0 
", color = "orange"]
7[label = "Index: 7 
P0: 1 0 0 
P1: 1 0 0 
P2: 1 0 0 
P3: 0 1 0 
P4: 0 0 0 
"]
8[label = "Index: 8 
P0: 2 -1 0 
P1: 1 0 0 
P2: 1 0 0 
P3: 0 1 0 
P4: 0 0 0 
"]
9[label = "Index: 9 
P0: 1 -1 0 
P1: 0 0 0 
P2: 0 0 0 
P3: -1 1 0 
P4: 0 0 0 
", color = "orange"]
10[label = "Index: 10 
P0: 0 -1 0 
P1: 0 0 0 
P2: 0 0 0 
P3: -1 1 0 
P4: 0 0 0 
"]
11[label = "Index: 11 
P0: 0 0 0 
P1: 0 0 0 
P2: 0 0 0 
P3: -1 1 0 
P4: 0 0 0 
"]
12[label = "Index: 12 
P0: 2 -1 1 
P1: 1 0 0 
P2: 1 0 0 
P3: 0 1 0 
P4: 0 0 0 
"]
13[label = "Index: 13 
P0: 1 -1 1 
P1: 0 0 0 
P2: 0 0 0 
P3: -1 1 0 
P4: 0 0 0 
"]
14[label = "Index: 14 
P0: 1 -1 0 
P1: 0 0 0 
P2: 0 0 0 
P3: -1 2 0 
P4: 0 0 0 
", color = "orange"]
15[label = "Index: 15 
P0: 1 0 0 
P1: 0 0 0 
P2: 0 0 0 
P3: -1 2 0 
P4: 0 0 0 
"]
16[label = "Index: 16 
P0: 0 -1 0 
P1: 0 0 0 
P2: 0 0 0 
P3: -1 2 0 
P4: 0 0 0 
"]
17[label = "Index: 17 
P0: 0 0 0 
P1: 0 0 0 
P2: 0 0 0 
P3: -1 2 0 
P4: 0 0 0 
"]
18[label = "Index: 18 
P0: 1 -1 1 
P1: 0 0 0 
P2: 0 0 0 
P3: -1 2 0 
P4: 0 0 0 
"]
19[label = "Index: 19 
P0: 1 -1 0 
P1: 1 0 0 
P2: 0 0 0 
P3: -1 2 0 
P4: 0 0 0 
", color = "orange"]
20[label = "Index: 20 
P0: 1 -1 0 
P1: 1 0 0 
P2: 1 0 0 
P3: -1 2 0 
P4: 0 0 0 
"]
21[label = "Index: 21 
P0: 1 0 0 
P1: 1 0 0 
P2: 0 0 0 
P3: -1 2 0 
P4: 0 0 0 
"]
22[label = "Index: 22 
P0: 1 0 0 
P1: 1 0 0 
P2: 1 0 0 
P3: -1 2 0 
P4: 0 0 0 
"]
23[label = "Index: 23 
P0: 1 -1 0 
P1: 1 0 0 
P2: 0 0 0 
P3: -1 2 -1 
P4: 0 0 0 
", color = "orange"]
24[label = "Index: 24 
P0: 1 -1 0 
P1: 1 0 0 
P2: 1 0 0 
P3: -1 2 -1 
P4: 0 0 0 
"]
25[label = "Index: 25 
P0: 1 0 0 
P1: 1 0 0 
P2: 0 0 0 
P3: -1 2 -1 
P4: 0 0 0 
"]
26[label = "Index: 26 
P0: 1 0 0 
P1: 1 0 0 
P2: 1 0 0 
P3: -1 2 -1 
P4: 0 0 0 
"]
27[label = "Index: 27 
P0: 0 -1 0 
P1: 0 0 0 
P2: 0 0 0 
P3: -2 2 -1 
P4: 0 0 0 
", style="filled", fillcolor = "red"]
28[label = "Index: 28 
P0: 1 -1 0 
P1: 1 0 0 
P2: 1 0 0 
P3: -1 1 -1 
P4: 0 0 0 
"]
29[label = "Index: 29 
P0: 0 0 0 
P1: 0 0 0 
P2: 0 0 0 
P3: -2 2 -1 
P4: 0 0 0 
", color = "purple"]
30[label = "Index: 30 
P0: 0 -1 0 
P1: 0 0 0 
P2: 0 0 0 
P3: -2 1 -1 
P4: 0 0 0 
", color = "purple"]
31[label = "Index: 31 
P3: -2 2 -1 
", color = "fuchsia"]
32[label = "Index: 32 
P0: 0 -1 0 
P1: 0 0 0 
P2: 0 0 0 
P4: 0 0 0 
", color = "orange"]
33[label = "Index: 33 
P0: 1 -1 0 
P1: 0 0 0 
P2: 0 0 0 
P4: 0 0 0 
", color = "orange"]
34[label = "Index: 34 
P0: 2 -1 0 
P1: 0 0 0 
P2: 0 0 0 
P4: 0 0 0 
"]
35[label = "Index: 35 
P0: 0 0 0 
P1: 0 0 0 
P2: 0 0 0 
P4: 0 0 0 
"]
36[label = "Index: 36 
P0: 1 -1 0 
P1: 1 0 0 
P2: 0 0 0 
P4: 0 0 0 
"]
37[label = "Index: 37 
P0: 1 -1 0 
P1: 1 0 0 
P2: 1 0 0 
P4: 0 0 0 
"]
38[label = "Index: 38 
P0: 2 -1 0 
P1: 2 0 0 
P2: 2 0 0 
P4: 0 0 0 
"]
39[label = "Index: 39 
P0: 1 0 0 
P1: 0 0 0 
P2: 0 0 0 
P4: 0 0 0 
"]
40[label = "Index: 40 
P0: 1 -1 1 
P1: 0 0 0 
P2: 0 0 0 
P4: 0 0 0 
", color = "red"]
41[label = "Index: 41 
P0: 2 -1 0 
P1: 1 0 0 
P2: 0 0 0 
P4: 0 0 0 
"]
42[label = "Index: 42 
P0: 2 -1 0 
P1: 1 0 0 
P2: 1 0 0 
P4: 0 0 0 
"]
43[label = "Index: 43 
P0: 2 -1 1 
P1: 0 0 0 
P2: 0 0 0 
P4: 0 0 0 
"]
44[label = "Index: 44 
P0: 1 0 0 
P1: 1 0 0 
P2: 0 0 0 
P4: 0 0 0 
"]
45[label = "Index: 45 
P0: 1 0 0 
P1: 1 0 0 
P2: 1 0 0 
P4: 0 0 0 
"]
46[label = "Index: 46 
P0: 2 -1 0 
P1: 2 0 0 
P2: 1 0 0 
P4: 0 0 0 
"]
47[label = "Index: 47 
P0: 1 -1 1 
", color = "fuchsia"]
48[label = "Index: 48 
P1: 0 0 0 
P2: 0 0 0 
P4: 0 0 0 
", color = "orange"]
49[label = "Index: 49 
P1: 1 0 0 
P2: 0 0 0 
P4: 0 0 0 
", color = "orange"]
50[label = "Index: 50 
P1: 1 0 0 
P2: 1 0 0 
P4: 0 0 0 
"]
51[label = "Index: 51 
P1: 2 0 0 
P2: 2 0 0 
P4: 0 0 0 
"]
52[label = "Index: 52 
P1: 3 0 0 
P2: 3 0 0 
P4: 0 0 0 
"]
53[label = "Index: 53 
P1: 4 0 0 
P2: 4 0 0 
P4: 0 0 0 
"]
54[label = "Index: 54 
P1: 2 0 0 
P2: 1 0 0 
P4: 0 0 0 
"]
55[label = "Index: 55 
P1: 3 0 0 
P2: 2 0 0 
P4: 0 0 0 
"]
56[label = "Index: 56 
P1: 4 0 0 
P2: 3 0 0 
P4: 0 0 0 
"]
57[label = "Index: 57 
P1: 5 0 0 
P2: 4 0 0 
P4: 0 0 0 
", color = "orange"]
58[label = "Index: 58 
P1: 3 -1 0 
P2: 3 -1 0 
P4: 0 0 0 
"]
59[label = "Index: 59 
P1: 4 -1 0 
P2: 4 -1 0 
P4: 0 0 0 
"]
60[label = "Index: 60 
P1: 4 0 0 
P2: 3 -1 0 
P4: 0 0 0 
"]
61[label = "Index: 61 
P1: 4 -1 0 
P2: 3 -1 0 
P4: 0 0 0 
"]
62[label = "Index: 62 
P1: 5 0 0 
P2: 4 -1 0 
P4: 0 0 0 
"]
63[label = "Index: 63 
P1: 5 -1 0 
P2: 4 -1 0 
P4: 0 0 0 
", color = "orange"]
64[label = "Index: 64 
P1: 5 0 0 
P2: 3 -1 0 
P4: 0 0 0 
"]
65[label = "Index: 65 
P1: 6 0 0 
P2: 3 -1 0 
P4: 0 0 0 
"]
66[label = "Index: 66 
P1: 6 0 0 
P2: 4 -1 0 
P4: 0 0 0 
"]
67[label = "Index: 67 
P1: 7 0 0 
P2: 4 -1 0 
P4: 0 0 0 
"]
68[label = "Index: 68 
P1: 5 -1 1 
P2: 4 -1 1 
P4: 0 0 0 
", color = "red"]
69[label = "Index: 69 
P1: 6 -1 0 
P2: 3 -1 0 
P4: 0 0 0 
"]
70[label = "Index: 70 
P1: 6 0 1 
P2: 3 -1 0 
P4: 0 0 0 
"]
71[label = "Index: 71 
P1: 6 0 0 
P2: 3 0 0 
P4: 0 0 0 
"]
72[label = "Index: 72 
P1: 6 1 0 
P2: 3 0 0 
P4: 0 0 0 
"]
73[label = "Index: 73 
P1: 6 0 1 
P2: 4 -1 0 
P4: 0 0 0 
"]
74[label = "Index: 74 
P1: 6 1 0 
P2: 4 0 0 
P4: 0 0 0 
"]
75[label = "Index: 75 
P1: 6 0 1 
P2: 4 -1 1 
P4: 0 0 0 
"]
76[label = "Index: 76 
P1: 7 -1 0 
P2: 4 -1 0 
P4: 0 0 0 
"]
77[label = "Index: 77 
P1: 7 0 1 
P2: 4 -1 0 
P4: 0 0 0 
"]
78[label = "Index: 78 
P1: 7 0 0 
P2: 4 0 0 
P4: 0 0 0 
"]
79[label = "Index: 79 
P1: 7 1 0 
P2: 4 0 0 
P4: 0 0 0 
"]
80[label = "Index: 80 
P1: 7 0 1 
P2: 4 -1 1 
P4: 0 0 0 
"]
81[label = "Index: 81 
P1: 5 -1 1 
P2: 5 -1 1 
P4: 0 0 0 
"]
82[label = "Index: 82 
P4: 0 0 0 
", color = "fuchsia"]
83[label = "Index: 83 
P1: 5 -1 1 
P2: 4 -1 1 
", color = "orange"]
84[label = "Index: 84 
P1: 4 -1 1 
P2: 4 -1 1 
"]
85[label = "Index: 85 
P1: 5 0 1 
P2: 4 -1 1 
", color = "orange"]
86[label = "Index: 86 
P1: 6 0 1 
P2: 4 -1 1 
", color = "orange"]
87[label = "Index: 87 
P1: 7 0 1 
P2: 4 -1 1 
"]
88[label = "Index: 88 
P1: 6 0 2 
P2: 4 -1 1 
", color = "red"]
89[label = "Index: 89 
P1: 7 -1 1 
P2: 4 -1 1 
"]
90[label = "Index: 90 
P1: 7 0 2 
P2: 4 -1 1 
"]
91[label = "Index: 91 
P2: 4 -1 1 
", style="filled", fillcolor = "blue"]
92[label = "Index: 92 
P1: 6 0 2 
", color = "fuchsia"]
0 -> 1

1 -> 0
1 -> 2
1 -> 3
1 -> 4

2 -> 1
2 -> 5
2 -> 3
2 -> 4

3 -> 1
3 -> 2
3 -> 4

4 -> 1
4 -> 2
4 -> 3
4 -> 6
4 -> 7

5 -> 2

6 -> 4
6 -> 8
6 -> 7
6 -> 9
6 -> 10

7 -> 4
7 -> 6
7 -> 11

8 -> 6
8 -> 12
8 -> 9

9 -> 6
9 -> 8
9 -> 10
9 -> 13
9 -> 14
9 -> 15

10 -> 6
10 -> 9
10 -> 11
10 -> 16

11 -> 7
11 -> 10
11 -> 17

12 -> 8
12 -> 13

13 -> 9
13 -> 12
13 -> 18

14 -> 9
14 -> 16
14 -> 15
14 -> 18
14 -> 19
14 -> 20

15 -> 9
15 -> 14
15 -> 17
15 -> 21
15 -> 22

16 -> 10
16 -> 14
16 -> 17
16 -> 19
16 -> 20

17 -> 11
17 -> 15
17 -> 16
17 -> 21
17 -> 22

18 -> 13
18 -> 14

19 -> 14
19 -> 16
19 -> 21
19 -> 20
19 -> 23

20 -> 14
20 -> 16
20 -> 19
20 -> 22
20 -> 24

21 -> 15
21 -> 17
21 -> 19
21 -> 22
21 -> 25

22 -> 15
22 -> 17
22 -> 20
22 -> 21
22 -> 26

23 -> 19
23 -> 25
23 -> 24
23 -> 27

24 -> 20
24 -> 23
24 -> 26
24 -> 28
24 -> 27

25 -> 21
25 -> 23
25 -> 26
25 -> 29

26 -> 22
26 -> 24
26 -> 25
26 -> 28
26 -> 29

27 -> 23
27 -> 24
27 -> 29
27 -> 32
27 -> 31

28 -> 24
28 -> 26
28 -> 30

29 -> 25
29 -> 26
29 -> 27

30 -> 28

32 -> 33
32 -> 34
32 -> 35
32 -> 36
32 -> 37
32 -> 38

33 -> 32
33 -> 34
33 -> 39
33 -> 40
33 -> 36
33 -> 41
33 -> 37
33 -> 42

34 -> 32
34 -> 33
34 -> 43
