graph G {
color = "black"
0 [label = "P1: 0 0 0 
P2: 0 0 0 
P3: 0 0 0 
",  style="filled", fillcolor = "#96FF96"];
1 [label = "P1: 1 0 0 
P2: 0 0 0 
P3: 0 0 0 
"];
2 [label = "P1: 2 0 0 
P2: 0 0 0 
P3: 0 0 0 
"];
3 [label = "P1: 2 0 0 
P2: 0 1 0 
P3: 0 0 0 
"];
4 [label = "P1: 3 0 0 
P2: 0 1 0 
P3: 0 0 0 
"];
5 [label = "P1: 3 0 0 
P2: 0 2 0 
P3: 0 0 0 
"];
6 [label = "P1: 3 1 0 
P2: 0 2 0 
P3: 0 0 0 
"];
7 [label = "P1: 3 0 0 
P2: 0 2 0 
P3: 0 -1 0 
"];
8 [label = "P1: 3 0 0 
P2: 0 2 -1 
P3: 0 -1 0 
"];
9 [label = "P1: 3 0 0 
P2: 0 3 -1 
P3: 0 0 0 
"];
10 [label = "P1: 3 0 0 
P2: 0 3 -1 
P3: 0 -1 0 
"];
11 [label = "P1: 3 0 0 
P2: -1 3 -1 
P3: 0 -1 0 
"];
12 [label = "P1: 3 1 0 
P2: 0 4 -2 
P3: 0 0 0 
"];
13 [label = "P1: 3 0 0 
P2: -1 4 -1 
P3: 0 0 0 
"];
14 [label = "P1: 3 0 0 
P2: -1 3 -2 
P3: 0 -1 0 
",  style="filled", fillcolor = "#FF9696"];
15 [label = "P1: 3 1 0 
P2: 1 4 -2 
P3: 0 0 0 
"];
16 [label = "P1: 3 0 -1 
P2: -1 4 -1 
P3: 0 0 0 
",  style="filled", fillcolor = "#FF9696"];
17 [label = "P1: 3 0 0 
P2: -1 4 -2 
P3: 0 0 0 
",  style="filled", fillcolor = "#FF9696"];
18 [label = "P1: 3 0 -1 
P2: -1 4 -2 
P3: 0 0 0 
",  style="filled", fillcolor = "#FF9696"];
19 [label = "P1: 3 1 0 
P2: 1 3 -2 
P3: 0 0 0 
"];
20 [label = "P1: 3 0 0 
P2: 1 3 -2 
P3: 0 0 0 
"];
21 [label = "P2: -1 4 -2 
",  style="filled", fillcolor = "#FF96FF"];
22 [label = "P1: 3 0 0 
P3: 0 -1 0 
"];
23 [label = "P1: 3 -1 0 
P3: 0 -1 0 
"];
24 [label = "P1: 2 0 0 
P3: 0 0 0 
"];
25 [label = "P1: 1 0 0 
P3: 0 0 0 
"];
26 [label = "P1: 0 0 0 
P3: 0 0 0 
"];
27 [label = "P1: 3 -1 -1 
P3: 0 -1 0 
"];
28 [label = "P1: 3 -1 -1 
", style="filled", fillcolor = "#9696FF"];
29 [label = "P3: 0 0 0 
",  style="filled", fillcolor = "#FF96FF"];
edge [style=bold];
0 -- 1 [color=black];
0 -- 2 [color="#1E96FF", penwidth=4.0];

1 -- 2 [color=black];

2 -- 3 [color="#1E96FF", penwidth=4.0];

3 -- 4 [color="#1E96FF", penwidth=4.0];

4 -- 5 [color="#1E96FF", penwidth=4.0];
4 -- 6 [color=black];

5 -- 6 [color=black];
5 -- 7 [color="#1E96FF", penwidth=4.0];

6 -- 7 [color=black];

7 -- 8 [color="#1E96FF", penwidth=4.0];

8 -- 9 [color=black];
8 -- 10 [color="#1E96FF", penwidth=4.0];

9 -- 10 [color=black];

10 -- 11 [color="#1E96FF", penwidth=4.0];
10 -- 12 [color=black];

11 -- 13 [color=black];
11 -- 14 [color="#1E96FF", penwidth=4.0];

12 -- 14 [color=black];
12 -- 15 [color=black];

13 -- 16 [color=black];
13 -- 17 [color=black];
13 -- 18 [color=black];

14 -- 17 [color=black];
14 -- 15 [color=black];
14 -- 22 [color=black];
14 -- 21 [color=black];

15 -- 19 [color=black];
15 -- 20 [color=black];


17 -- 18 [color=black];


19 -- 20 [color=black];


22 -- 23 [color="#1E96FF", penwidth=4.0];

23 -- 24 [color=black];
23 -- 25 [color=black];
23 -- 26 [color=black];
23 -- 27 [color="#1E96FF", penwidth=4.0];

24 -- 25 [color=black];
24 -- 26 [color=black];

25 -- 26 [color=black];


27 -- 29 [color=black];
27 -- 28 [color="#1E96FF", penwidth=4.0];

}
