graph G {
color = "black"
0 [label = "P1: 0 0 0 
P2: 0 0 0 
P3: 0 0 0 
",  style="filled", fillcolor = "#96FF96"];
1 [label = "P1: -1 0 0 
P2: 0 0 0 
P3: 0 0 0 
"];
2 [label = "P1: -2 0 0 
P2: 0 0 0 
P3: 0 0 0 
"];
3 [label = "P1: -3 0 0 
P2: 0 0 0 
P3: 0 0 0 
"];
4 [label = "P1: -2 0 0 
P2: 0 -1 0 
P3: 0 0 0 
"];
5 [label = "P1: -3 0 0 
P2: 0 -1 0 
P3: 0 0 0 
"];
6 [label = "P1: -2 0 -1 
P2: 0 -1 0 
P3: 0 0 0 
"];
7 [label = "P1: -2 0 0 
P2: 0 -1 1 
P3: 0 0 0 
"];
8 [label = "P1: -2 0 0 
P2: 0 -1 0 
P3: 1 0 0 
"];
9 [label = "P1: -3 0 -1 
P2: 0 -1 0 
P3: 0 0 0 
"];
10 [label = "P1: -3 0 0 
P2: 0 -1 1 
P3: 0 0 0 
"];
11 [label = "P1: -3 0 -1 
P2: -1 -1 0 
P3: 0 0 0 
"];
12 [label = "P1: -3 0 0 
P2: -1 -1 1 
P3: 0 0 0 
"];
13 [label = "P1: -2 0 0 
P2: 0 -1 0 
P3: 1 0 1 
"];
14 [label = "P1: -3 0 -2 
P2: -1 -1 -1 
P3: 0 0 0 
"];
15 [label = "P1: -2 -1 0 
P2: 0 -1 0 
P3: 1 0 1 
"];
16 [label = "P1: -2 -1 0 
P2: -1 -1 0 
P3: 1 0 1 
"];
17 [label = "P1: -2 -1 0 
P2: -1 -1 0 
P3: 1 1 1 
"];
18 [label = "P1: -3 -3 -1 
P2: -2 -3 -1 
P3: 0 0 0 
"];
19 [label = "P1: -4 -2 -1 
P2: -2 -2 -1 
P3: 0 0 0 
"];
20 [label = "P1: -4 -1 0 
P2: -1 -1 0 
P3: 1 1 1 
"];
21 [label = "P1: -4 -3 -1 
P2: -2 -3 -1 
P3: 0 0 0 
"];
22 [label = "P1: -5 -3 -1 
P2: -2 -3 -1 
P3: 0 0 0 
"];
23 [label = "P1: -4 -2 0 
P2: -2 -2 -1 
P3: 0 0 0 
"];
24 [label = "P1: -4 -2 -1 
P2: -2 -3 -1 
P3: 0 0 0 
"];
25 [label = "P1: -4 0 0 
P2: -1 -1 0 
P3: 1 1 1 
"];
26 [label = "P1: -5 -2 0 
P2: -2 -2 -1 
P3: 0 0 0 
"];
27 [label = "P1: -5 -2 1 
P2: -2 -2 -1 
P3: 0 0 0 
"];
28 [label = "P1: -5 -2 -1 
P2: -2 -3 -1 
P3: 0 0 0 
"];
29 [label = "P1: -5 -1 -1 
P2: -2 -1 -1 
P3: 0 0 0 
"];
30 [label = "P1: -4 -3 0 
P2: -2 -3 -1 
P3: 0 0 0 
"];
31 [label = "P1: -5 -3 0 
P2: -2 -3 -1 
P3: 0 0 0 
"];
32 [label = "P1: -5 -3 1 
P2: -2 -3 -1 
P3: 0 0 0 
"];
33 [label = "P1: -4 -2 -2 
P2: -2 -3 -1 
P3: 0 0 0 
"];
34 [label = "P1: -4 0 -1 
P2: -1 -1 0 
P3: 1 1 1 
"];
35 [label = "P1: -5 0 -1 
P2: -2 -1 -1 
P3: 0 0 0 
"];
36 [label = "P1: -5 -1 0 
P2: -2 -1 -1 
P3: 0 0 0 
"];
37 [label = "P1: -5 -2 1 
P2: -2 -3 -1 
P3: 0 0 0 
"];
38 [label = "P1: -5 -2 -2 
P2: -2 -3 -1 
P3: 0 0 0 
"];
39 [label = "P1: -5 -1 0 
P2: -2 -1 0 
P3: 0 0 0 
"];
40 [label = "P1: -4 0 -1 
P2: -1 -1 0 
P3: 1 0 1 
"];
41 [label = "P1: -5 0 -1 
P2: -2 -1 0 
P3: 0 0 0 
"];
42 [label = "P1: -5 0 0 
P2: -2 -1 0 
P3: 0 0 0 
"];
43 [label = "P1: -4 0 -1 
P2: -1 -1 0 
P3: 1 0 -1 
"];
44 [label = "P1: -4 0 -1 
P2: -2 -1 0 
P3: 1 0 -1 
"];
45 [label = "P1: -6 0 0 
P2: -3 -1 1 
P3: 0 0 0 
"];
46 [label = "P1: -5 -1 0 
P2: -3 -2 1 
P3: 0 0 0 
"];
47 [label = "P1: -4 0 -1 
P2: -2 -1 0 
P3: 1 2 -1 
"];
4747 [label = "P1: +∞ 0 -1 
P2: +∞ -1 0 
P3: 1 2 -1 
",  style="filled", fillcolor = "#FF9696"];
48 [label = "P1: -6 -1 0 
P2: -3 -2 1 
P3: 0 0 0 
"];
49 [label = "P1: -6 -2 0 
P2: -3 -3 1 
P3: 0 0 0 
"];
4949 [label = "P1: +∞ -2 0 
P2: +∞ -3 1 
P3: 0 0 0 
",  style="filled", fillcolor = "#FF9696"];
50 [label = "P1: -5 -2 1 
P2: -3 -3 1 
P3: 0 0 0 
"];
51 [label = "P1: -6 -2 1 
P2: -3 -3 1 
P3: 0 0 0 
"];
52 [label = "P1: -6 -2 0 
P2: -4 -3 1 
P3: 0 0 0 
"];
edge [style=bold];
0 -- 1 [color=black];
0 -- 2 [color="#1E96FF", penwidth=4.0];
0 -- 3 [color=black];

1 -- 2 [color=black];
1 -- 3 [color=black];

2 -- 3 [color=black];
2 -- 4 [color="#1E96FF", penwidth=4.0];

3 -- 5 [color=black];

4 -- 5 [color=black];
4 -- 6 [color=black];
4 -- 7 [color=black];
4 -- 8 [color="#1E96FF", penwidth=4.0];

5 -- 9 [color=black];
5 -- 8 [color=black];
5 -- 10 [color=black];

6 -- 9 [color=black];
6 -- 11 [color=black];
6 -- 7 [color=black];

7 -- 10 [color=black];
7 -- 12 [color=black];

8 -- 11 [color=black];
8 -- 12 [color=black];
8 -- 13 [color="#1E96FF", penwidth=4.0];

9 -- 11 [color=black];
9 -- 10 [color=black];

10 -- 12 [color=black];

11 -- 13 [color=black];
11 -- 14 [color=black];
11 -- 12 [color=black];

12 -- 14 [color=black];

13 -- 15 [color="#1E96FF", penwidth=4.0];
13 -- 14 [color=black];


15 -- 16 [color="#1E96FF", penwidth=4.0];

16 -- 17 [color="#1E96FF", penwidth=4.0];
16 -- 18 [color=black];

17 -- 19 [color=black];
17 -- 20 [color="#1E96FF", penwidth=4.0];
17 -- 18 [color=black];

18 -- 21 [color=black];
18 -- 22 [color=black];

19 -- 20 [color=black];
19 -- 23 [color=black];
19 -- 24 [color=black];
19 -- 21 [color=black];

20 -- 25 [color="#1E96FF", penwidth=4.0];
20 -- 26 [color=black];
20 -- 27 [color=black];
20 -- 28 [color=black];
20 -- 22 [color=black];
20 -- 29 [color=black];

21 -- 22 [color=black];
21 -- 24 [color=black];
21 -- 30 [color=black];

22 -- 28 [color=black];
22 -- 31 [color=black];
22 -- 32 [color=black];
22 -- 29 [color=black];

23 -- 26 [color=black];
23 -- 30 [color=black];

24 -- 28 [color=black];
24 -- 33 [color=black];

25 -- 34 [color="#1E96FF", penwidth=4.0];
25 -- 29 [color=black];
25 -- 28 [color=black];
25 -- 35 [color=black];

26 -- 27 [color=black];
26 -- 31 [color=black];
26 -- 36 [color=black];

27 -- 37 [color=black];
27 -- 32 [color=black];

28 -- 38 [color=black];
28 -- 35 [color=black];

29 -- 35 [color=black];
29 -- 36 [color=black];
29 -- 39 [color=black];

30 -- 31 [color=black];

31 -- 32 [color=black];
31 -- 36 [color=black];

32 -- 37 [color=black];

33 -- 38 [color=black];

34 -- 38 [color=black];
34 -- 40 [color="#1E96FF", penwidth=4.0];

35 -- 40 [color=black];
35 -- 41 [color=black];
35 -- 42 [color=black];

36 -- 39 [color=black];


38 -- 40 [color=black];

39 -- 42 [color=black];

40 -- 41 [color=black];
40 -- 43 [color="#1E96FF", penwidth=4.0];

41 -- 42 [color=black];
41 -- 43 [color=black];

42 -- 43 [color=black];

43 -- 44 [color="#1E96FF", penwidth=4.0];
43 -- 45 [color=black];

44 -- 45 [color=black];
44 -- 46 [color=black];
44 -- 47 [color="#1E96FF", penwidth=4.0];

45 -- 48 [color=black];
45 -- 49 [color=black];

46 -- 48 [color=black];
46 -- 47 [color=black];

47 -- 49 [color=black];
47 -- 50 [color=black];

47 -- 4747 [color="#1E96FF", penwidth=4.0];
48 -- 49 [color=black];

49 -- 51 [color=black];
49 -- 52 [color=black];

49 -- 4949 [color=black];



}
