digraph G {
color = "black"
0[label = "Index: 0 
P0: 0 0 0 
P1: 0 0 0 
P2: 0 0 0 
", style="filled", fillcolor = "green"]
1[label = "Index: 1 
P0: 0 1 0 
P1: 0 0 0 
P2: 0 0 0 
", color = "orange"]
2[label = "Index: 2 
P0: 0 1 0 
P1: -1 0 0 
P2: 0 0 0 
", color = "orange"]
3[label = "Index: 3 
P0: 0 1 0 
P1: -2 0 0 
P2: 0 0 0 
"]
4[label = "Index: 4 
P0: 0 1 0 
P1: -1 0 0 
P2: 0 0 1 
", color = "orange"]
5[label = "Index: 5 
P0: 0 2 0 
P1: -1 0 0 
P2: 0 0 1 
", color = "orange"]
6[label = "Index: 6 
P0: 1 2 0 
P1: -1 0 0 
P2: 0 0 1 
", style="filled", fillcolor = "red"]
7[label = "Index: 7 
P0: 1 2 -1 
", color = "fuchsia"]
8[label = "Index: 8 
P1: -1 0 0 
P2: 0 0 1 
", color = "red"]
9[label = "Index: 9 
P1: -1 0 0 
", style="filled", fillcolor = "blue"]
10[label = "Index: 10 
P2: 0 0 0 
", color = "fuchsia"]
0 -> 1

1 -> 0
1 -> 2
1 -> 3

2 -> 1
2 -> 3
2 -> 4

3 -> 1
3 -> 2

4 -> 2
4 -> 5

5 -> 4
5 -> 6

6 -> 5
6 -> 8
6 -> 7

8 -> 10
8 -> 9

}
