graph G {
color = "black"
0 [label = "P1: 0 0 0 
P2: 0 0 0 
P3: 0 0 0 
P4: 0 0 0 
",  style="filled", fillcolor = "#96FF96"];
1 [label = "P1: 0 0 1 
P2: 0 0 0 
P3: 0 0 0 
P4: 0 0 0 
"];
2 [label = "P1: 0 0 2 
P2: 0 0 0 
P3: 0 0 0 
P4: 0 0 0 
"];
3 [label = "P1: 0 0 3 
P2: 0 0 0 
P3: 0 0 0 
P4: 0 0 0 
"];
4 [label = "P1: 0 0 4 
P2: 0 0 0 
P3: 0 0 0 
P4: 0 0 0 
"];
5 [label = "P1: 0 0 2 
P2: 1 0 0 
P3: 0 0 0 
P4: 0 0 0 
"];
6 [label = "P1: 0 0 3 
P2: 1 0 0 
P3: 0 0 0 
P4: 0 0 0 
"];
7 [label = "P1: 0 0 4 
P2: 1 0 0 
P3: 0 0 0 
P4: 0 0 0 
"];
8 [label = "P1: 0 0 2 
P2: 1 0 0 
P3: 0 -1 0 
P4: 0 0 0 
",  style="filled", fillcolor = "#FF9696"];
9 [label = "P1: 0 0 3 
P2: 1 0 0 
P3: 0 -1 0 
P4: 0 0 0 
",  style="filled", fillcolor = "#FF9696"];
10 [label = "P1: 0 0 4 
P2: 1 0 0 
P3: 0 -1 0 
P4: 0 0 0 
",  style="filled", fillcolor = "#FF9696"];
11 [label = "P1: 0 0 3 
P2: 1 0 0 
P3: -1 -1 0 
P4: 0 0 0 
"];
12 [label = "P1: 0 0 3 
P2: 1 0 0 
P3: 0 -1 1 
P4: 0 0 0 
"];
13 [label = "P1: 0 0 4 
P2: 1 0 0 
P3: -1 -1 0 
P4: 0 0 0 
"];
14 [label = "P1: 0 0 4 
P2: 1 0 0 
P3: 0 -1 1 
P4: 0 0 0 
"];
15 [label = "P1: 0 0 4 
P2: 1 0 0 
P3: 0 -1 2 
P4: 0 0 0 
"];
edge [style=bold];
0 -- 1 [color=black];
0 -- 2 [color="#1E96FF", penwidth=4.0];
0 -- 3 [color=black];
0 -- 4 [color=black];

1 -- 2 [color=black];
1 -- 3 [color=black];
1 -- 4 [color=black];

2 -- 3 [color=black];
2 -- 4 [color=black];
2 -- 5 [color="#1E96FF", penwidth=4.0];

3 -- 4 [color=black];
3 -- 6 [color=black];

4 -- 7 [color=black];

5 -- 6 [color=black];
5 -- 7 [color=black];
5 -- 8 [color="#1E96FF", penwidth=4.0];

6 -- 7 [color=black];
6 -- 9 [color=black];

7 -- 10 [color=black];

8 -- 9 [color=black];
8 -- 10 [color=black];

9 -- 10 [color=black];
9 -- 11 [color=black];
9 -- 12 [color=black];

10 -- 13 [color=black];
10 -- 14 [color=black];
10 -- 15 [color=black];






}
