digraph G {
color = "black"
0[label = "Index: 0 
P0: 0 0 0 
P1: 0 0 0 
P2: 0 0 0 
", style="filled", fillcolor = "green"]
1[label = "Index: 1 
P0: 0 1 0 
P1: 0 0 0 
P2: 0 0 0 
", color = "orange"]
2[label = "Index: 2 
P0: 0 1 0 
P1: -1 0 0 
P2: 0 0 0 
", color = "orange"]
3[label = "Index: 3 
P0: 0 1 0 
P1: -2 0 0 
P2: 0 0 0 
"]
4[label = "Index: 4 
P0: 0 2 0 
P1: -1 0 0 
P2: 0 0 0 
", style="filled", fillcolor = "red"]
5[label = "Index: 5 
P0: 0 2 0 
P1: -2 0 0 
P2: 0 0 0 
", color = "purple"]
6[label = "Index: 6 
P1: -1 0 0 
", color = "fuchsia"]
7[label = "Index: 7 
P0: 0 2 0 
P2: 0 0 0 
", color = "orange"]
8[label = "Index: 8 
P0: 0 1 0 
P2: 0 0 0 
"]
9[label = "Index: 9 
P0: 0 0 0 
P2: 0 0 0 
"]
10[label = "Index: 10 
P0: 0 3 0 
P2: 0 0 0 
", color = "orange"]
11[label = "Index: 11 
P0: 0 4 0 
P2: 0 0 0 
"]
12[label = "Index: 12 
P0: 1 3 0 
P2: 0 0 0 
", color = "red"]
13[label = "Index: 13 
P0: 2 3 0 
P2: 0 0 0 
"]
14[label = "Index: 14 
P0: 3 3 0 
P2: 0 0 0 
"]
15[label = "Index: 15 
P0: 1 4 0 
P2: 0 0 0 
"]
16[label = "Index: 16 
P0: 2 4 0 
P2: 0 0 0 
"]
17[label = "Index: 17 
P0: 3 4 0 
P2: 0 0 0 
"]
18[label = "Index: 18 
P0: 1 3 0 
", style="filled", fillcolor = "blue"]
19[label = "Index: 19 
P2: 0 0 0 
", color = "fuchsia"]
0 -> 1

1 -> 0
1 -> 2
1 -> 3

2 -> 1
2 -> 4
2 -> 3

3 -> 1
3 -> 2
3 -> 5

4 -> 2
4 -> 7
4 -> 6

5 -> 3

7 -> 8
7 -> 9
7 -> 10
7 -> 11

8 -> 7
8 -> 9
8 -> 10
8 -> 11

9 -> 7
9 -> 8
9 -> 10
9 -> 11

10 -> 7
10 -> 8
10 -> 9
10 -> 12
10 -> 13
10 -> 14
10 -> 11

11 -> 7
11 -> 8
11 -> 9
11 -> 10
11 -> 15
11 -> 16
11 -> 17

12 -> 10
12 -> 19
12 -> 18

13 -> 10

14 -> 10

15 -> 11

16 -> 11

17 -> 11

}
