digraph G {
color = "black"
0[label = "Index: 0 
P0: 0 0 0 
P1: 0 0 0 
P2: 0 0 0 
", style="filled", fillcolor = "green"]
1[label = "Index: 1 
P0: 0 1 0 
P1: 0 0 0 
P2: 0 0 0 
", color = "orange"]
2[label = "Index: 2 
P0: 0 1 0 
P1: -1 0 0 
P2: 0 0 0 
", color = "orange"]
3[label = "Index: 3 
P0: 0 2 0 
P1: -1 0 0 
P2: 0 0 0 
", color = "orange"]
4[label = "Index: 4 
P0: 0 2 0 
P1: -2 0 0 
P2: 0 0 0 
"]
5[label = "Index: 5 
P0: 0 2 0 
P1: -3 0 0 
P2: 0 0 0 
", color = "orange"]
6[label = "Index: 6 
P0: 0 3 0 
P1: -3 0 0 
P2: 0 0 0 
", color = "orange"]
7[label = "Index: 7 
P0: 0 3 0 
P1: -4 0 0 
P2: 0 0 0 
", color = "orange"]
8[label = "Index: 8 
P0: 0 4 0 
P1: -4 0 0 
P2: 0 0 0 
"]
9[label = "Index: 9 
P0: 0 3 0 
P1: -4 -1 0 
P2: 0 0 0 
", style="filled", fillcolor = "red"]
10[label = "Index: 10 
P0: 0 2 0 
P1: -4 -1 0 
P2: 0 0 0 
", color = "purple"]
11[label = "Index: 11 
P0: 1 4 0 
P1: -4 0 0 
P2: 0 0 0 
", color = "purple"]
12[label = "Index: 12 
P0: 0 4 0 
P1: -4 -1 0 
P2: 0 0 0 
", color = "purple"]
13[label = "Index: 13 
P0: 1 4 0 
P1: -3 0 0 
P2: 0 0 0 
", color = "purple"]
14[label = "Index: 14 
P0: 1 4 0 
P1: -4 -1 0 
P2: 0 0 0 
"]
15[label = "Index: 15 
P1: -4 -1 0 
", color = "fuchsia"]
16[label = "Index: 16 
P0: 0 3 0 
P2: 0 0 0 
", color = "orange"]
17[label = "Index: 17 
P0: 0 2 0 
P2: 0 0 0 
"]
18[label = "Index: 18 
P0: 0 1 0 
P2: 0 0 0 
"]
19[label = "Index: 19 
P0: 0 0 0 
P2: 0 0 0 
"]
20[label = "Index: 20 
P0: 0 4 0 
P2: 0 0 0 
", color = "orange"]
21[label = "Index: 21 
P0: 1 4 0 
P2: 0 0 0 
", color = "red"]
22[label = "Index: 22 
P0: 1 4 0 
", style="filled", fillcolor = "blue"]
23[label = "Index: 23 
P2: 0 0 0 
", color = "fuchsia"]
0 -> 1

1 -> 0
1 -> 2

2 -> 1
2 -> 3

3 -> 2
3 -> 4
3 -> 5

4 -> 3
4 -> 5

5 -> 3
5 -> 4
5 -> 6

6 -> 5
6 -> 7

7 -> 6
7 -> 8
7 -> 9
7 -> 10

8 -> 7
8 -> 11
8 -> 12
8 -> 13
8 -> 9

9 -> 7
9 -> 8
9 -> 10
9 -> 12
9 -> 16
9 -> 15

10 -> 7
10 -> 9
10 -> 12

11 -> 8

12 -> 8
12 -> 9
12 -> 10
12 -> 14

13 -> 8

14 -> 12

16 -> 17
16 -> 18
16 -> 19
16 -> 20

17 -> 16
17 -> 18
17 -> 19
17 -> 20

18 -> 16
18 -> 17
18 -> 19
18 -> 20

19 -> 16
19 -> 17
19 -> 18
19 -> 20

20 -> 16
20 -> 17
20 -> 18
20 -> 19
20 -> 21

21 -> 20
21 -> 23
21 -> 22

}
