graph G {
color = "black"
0 [label = "P1: 0 0 0 
P2: 0 0 0 
P3: 0 0 0 
",  style="filled", fillcolor = "#96FF96"];
1 [label = "P1: 0 0 1 
P2: 0 0 0 
P3: 0 0 0 
"];
2 [label = "P1: 0 0 1 
P2: 0 1 0 
P3: 0 0 0 
"];
3 [label = "P1: 0 0 2 
P2: 0 1 0 
P3: 0 0 0 
"];
4 [label = "P1: 0 0 1 
P2: 1 1 0 
P3: 0 0 0 
"];
5 [label = "P1: 0 0 2 
P2: 0 1 0 
P3: 1 0 0 
"];
6 [label = "P1: 0 0 2 
P2: 0 1 1 
P3: 1 0 0 
"];
7 [label = "P1: -1 0 2 
P2: 0 1 1 
P3: 1 0 0 
"];
8 [label = "P1: -1 0 2 
P2: 0 1 1 
P3: 1 -1 0 
"];
9 [label = "P1: -1 0 2 
P2: 0 1 1 
P3: 1 -1 -1 
",  style="filled", fillcolor = "#FF9696"];
10 [label = "P1: -2 1 3 
P2: -2 2 2 
P3: 0 0 0 
"];
edge [style=bold];
0 -- 1 [color="#1E96FF", penwidth=4.0];

1 -- 2 [color="#1E96FF", penwidth=4.0];

2 -- 3 [color="#1E96FF", penwidth=4.0];
2 -- 4 [color=black];

3 -- 5 [color="#1E96FF", penwidth=4.0];


5 -- 6 [color="#1E96FF", penwidth=4.0];

6 -- 7 [color="#1E96FF", penwidth=4.0];

7 -- 8 [color="#1E96FF", penwidth=4.0];

8 -- 9 [color="#1E96FF", penwidth=4.0];

9 -- 10 [color=black];


}
