digraph G {
color = "black"
0[label = "Index: 0 
P0: 0 0 0 
P1: 0 0 0 
P2: 0 0 0 
P3: 0 0 0 
P4: 0 0 0 
", color = "green"]
1[label = "Index: 1 
P0: 1 0 0 
P1: 0 0 0 
P2: 0 0 0 
P3: 0 0 0 
P4: 0 0 0 
", color = "orange"]
2[label = "Index: 2 
P0: 1 0 0 
P1: 0 1 0 
P2: 0 0 0 
P3: 0 0 0 
P4: 0 0 0 
", color = "orange"]
3[label = "Index: 3 
P0: 1 0 0 
P1: 0 2 0 
P2: 0 0 0 
P3: 0 0 0 
P4: 0 0 0 
"]
4[label = "Index: 4 
P0: 1 0 0 
P1: 0 1 0 
P2: 0 0 -1 
P3: 0 0 0 
P4: 0 0 0 
", color = "orange"]
5[label = "Index: 5 
P0: 1 0 0 
P1: 0 2 0 
P2: 0 0 -1 
P3: 0 0 0 
P4: 0 0 0 
"]
6[label = "Index: 6 
P0: 1 0 0 
P1: 0 1 0 
P2: 0 0 -1 
P3: 0 -1 0 
P4: 0 0 0 
", color = "orange"]
7[label = "Index: 7 
P0: 1 0 0 
P1: 0 2 0 
P2: 0 0 -1 
P3: 0 -1 0 
P4: 0 0 0 
"]
8[label = "Index: 8 
P0: 2 0 0 
P1: 0 1 0 
P2: 0 0 -1 
P3: 0 -1 0 
P4: 0 0 0 
", color = "orange"]
9[label = "Index: 9 
P0: 2 0 0 
P1: 0 2 0 
P2: 0 0 -1 
P3: 0 -1 0 
P4: 0 0 0 
"]
10[label = "Index: 10 
P0: 2 1 0 
P1: 0 1 0 
P2: 0 0 -1 
P3: 0 -1 0 
P4: 0 0 0 
", color = "red"]
11[label = "Index: 11 
P0: 2 1 0 
P1: 0 2 0 
P2: 0 0 -1 
P3: 0 -1 0 
P4: 0 0 0 
", color = "purple"]
12[label = "Index: 12 
P0: 2 0 0 
P1: 0 1 0 
P2: 0 -1 -1 
P3: 0 -1 0 
P4: 0 0 0 
"]
13[label = "Index: 13 
P0: 2 0 0 
P1: 0 0 0 
P2: 0 -1 -1 
P3: 0 -1 0 
P4: 0 0 0 
"]
14[label = "Index: 14 
P0: 2 1 0 
P1: 0 1 0 
P2: 0 0 -1 
P3: 0 0 0 
P4: 0 0 0 
", color = "purple"]
15[label = "Index: 15 
P0: 2 1 0 
P1: 0 2 0 
P2: 0 0 -1 
P3: 0 0 0 
P4: 0 0 0 
", color = "purple"]
16[label = "Index: 16 
P0: 2 0 0 
P1: 0 1 0 
P2: 0 -1 -1 
P3: 0 -2 0 
P4: 0 0 0 
", color = "purple"]
17[label = "Index: 17 
P0: 2 0 0 
P1: 0 0 0 
P2: 0 -1 -1 
P3: 0 -2 0 
P4: 0 0 0 
", color = "purple"]
18[label = "Index: 18 
P0: 2 0 0 
P1: 0 2 0 
P2: 0 -1 -1 
P3: 0 -1 0 
P4: 0 0 0 
"]
19[label = "Index: 19 
P0: 2 0 0 
P1: 0 2 0 
P2: 0 -1 -1 
P3: 0 -2 0 
P4: 0 0 0 
", color = "purple"]
20[label = "Index: 20 
P0: 2 1 0 
P1: 0 1 0 
P2: 0 -1 -1 
P3: 0 -1 0 
P4: 0 0 0 
", color = "purple"]
21[label = "Index: 21 
P0: 2 1 0 
P1: 0 2 0 
P2: 0 -1 -1 
P3: 0 -1 0 
P4: 0 0 0 
", color = "purple"]
22[label = "Index: 22 
P0: 2 1 0 
P1: 0 1 0 
P2: 0 -1 -1 
P3: 0 -2 0 
P4: 0 0 0 
"]
23[label = "Index: 23 
P0: 2 1 0 
P1: 0 2 0 
P2: 0 -1 -1 
P3: 0 -2 0 
P4: 0 0 0 
"]
24[label = "Index: 24 
P1: 0 1 0 
P2: 0 0 -1 
P3: 0 -1 0 
P4: 0 0 0 
", color = "green"]
25[label = "Index: 25 
P1: 0 2 0 
P2: 0 0 -1 
P3: 0 -1 0 
P4: 0 0 0 
"]
26[label = "Index: 26 
P1: 0 1 0 
P2: 0 -1 -1 
P3: 0 -1 0 
P4: 0 0 0 
"]
27[label = "Index: 27 
P1: 0 0 0 
P2: 0 -1 -1 
P3: 0 -1 0 
P4: 0 0 0 
"]
28[label = "Index: 28 
P1: 0 1 0 
P2: 0 0 -1 
P3: 0 0 0 
P4: 0 0 0 
"]
29[label = "Index: 29 
P1: 0 2 0 
P2: 0 0 -1 
P3: 0 0 0 
P4: 0 0 0 
"]
30[label = "Index: 30 
P1: 0 1 0 
P2: 0 -1 -1 
P3: 0 -2 0 
P4: 0 0 0 
", color = "red"]
31[label = "Index: 31 
P1: 0 0 0 
P2: 0 -1 -1 
P3: 0 -2 0 
P4: 0 0 0 
"]
32[label = "Index: 32 
P1: 0 2 0 
P2: 0 -1 -1 
P3: 0 -1 0 
P4: 0 0 0 
"]
33[label = "Index: 33 
P1: 0 2 0 
P2: 0 -1 -1 
P3: 0 -2 0 
P4: 0 0 0 
"]
34[label = "Index: 34 
P1: 0 1 0 
P2: 0 -1 0 
P3: 0 -1 0 
P4: 0 0 0 
"]
35[label = "Index: 35 
P1: 0 0 0 
P2: 0 -1 0 
P3: 0 -1 0 
P4: 0 0 0 
"]
36[label = "Index: 36 
P1: 0 1 0 
P2: 0 0 0 
P3: 0 0 0 
P4: 0 0 0 
"]
37[label = "Index: 37 
P1: 0 2 0 
P2: 0 0 0 
P3: 0 0 0 
P4: 0 0 0 
"]
38[label = "Index: 38 
P1: 0 1 0 
P4: 0 0 0 
", color = "green"]
39[label = "Index: 39 
P1: 0 0 0 
P4: 0 0 0 
"]
40[label = "Index: 40 
P1: 0 2 0 
P4: 0 0 0 
", color = "orange"]
41[label = "Index: 41 
P1: 0 2 1 
P4: 0 0 0 
", color = "red"]
42[label = "Index: 42 
P1: 0 2 2 
P4: 0 0 0 
"]
43[label = "Index: 43 
P4: 0 0 0 
", color = "blue"]
0 -> 1

1 -> 0
1 -> 2
1 -> 3

2 -> 1
2 -> 3
2 -> 4

3 -> 1
3 -> 2
3 -> 5

4 -> 2
4 -> 5
4 -> 6

5 -> 3
5 -> 4
5 -> 7
5 -> 6

6 -> 4
6 -> 5
6 -> 8
6 -> 7

7 -> 5
7 -> 6
7 -> 9

8 -> 6
8 -> 10
8 -> 9
8 -> 11
8 -> 12
8 -> 13
8 -> 14
8 -> 15
8 -> 16
8 -> 17

9 -> 7
9 -> 8
9 -> 11
9 -> 18
9 -> 12
9 -> 15
9 -> 19
9 -> 16

10 -> 8
10 -> 12
10 -> 13
10 -> 24

11 -> 8
11 -> 9
11 -> 12
11 -> 18

12 -> 8
12 -> 9
12 -> 20
12 -> 13
12 -> 18
12 -> 21
12 -> 10
12 -> 11
12 -> 16
12 -> 17
12 -> 14
12 -> 15

13 -> 8
13 -> 12
13 -> 18
13 -> 20
13 -> 10
13 -> 17
13 -> 14

14 -> 8
14 -> 12
14 -> 13

15 -> 8
15 -> 9
15 -> 12
15 -> 18

16 -> 8
16 -> 9
16 -> 12
16 -> 22
16 -> 17
16 -> 19
16 -> 23
16 -> 20
16 -> 18
16 -> 21

17 -> 8
17 -> 12
17 -> 13
17 -> 16
17 -> 19
17 -> 22
17 -> 20

18 -> 9
18 -> 12
18 -> 13
18 -> 16
18 -> 21
18 -> 11
18 -> 19
18 -> 15

19 -> 9
19 -> 16
19 -> 17
19 -> 18
19 -> 23
19 -> 21

20 -> 12
20 -> 13
20 -> 16
20 -> 17

21 -> 12
21 -> 16
21 -> 18
21 -> 19

22 -> 16
22 -> 17

23 -> 16
23 -> 19

24 -> 25
24 -> 26
24 -> 27
24 -> 28
24 -> 29
24 -> 30
24 -> 31

25 -> 24
25 -> 32
25 -> 26
25 -> 29
25 -> 33
25 -> 30

26 -> 24
26 -> 25
26 -> 27
26 -> 32
26 -> 34
26 -> 30
26 -> 31
26 -> 28
26 -> 29

27 -> 24
27 -> 26
27 -> 32
27 -> 35
27 -> 31
27 -> 28

28 -> 24
28 -> 26
28 -> 27
28 -> 29
28 -> 36

29 -> 24
29 -> 25
29 -> 26
29 -> 28
29 -> 37
29 -> 32

30 -> 24
30 -> 25
30 -> 26
30 -> 31
30 -> 33
30 -> 32
30 -> 38

31 -> 24
31 -> 26
31 -> 27
31 -> 30

32 -> 25
32 -> 26
32 -> 27
32 -> 29
32 -> 30

33 -> 25
33 -> 30

34 -> 26

35 -> 27

36 -> 28

37 -> 29

38 -> 39
38 -> 40

39 -> 38
39 -> 40

40 -> 38
40 -> 39
40 -> 41
40 -> 42

41 -> 40
41 -> 43[style=bold label=" Remove P1 "];


42 -> 40

}
