digraph G {
color = "black"
0[label = "Index: 0 
P0: 0 0 0 
P1: 0 0 0 
P2: 0 0 0 
P3: 0 0 0 
", style="filled", fillcolor = "green"]
1[label = "Index: 1 
P0: 0 -1 0 
P1: 0 -1 0 
P2: 0 -1 0 
P3: 0 0 0 
"]
2[label = "Index: 2 
P0: 0 -2 0 
P1: 0 -2 0 
P2: 0 -2 0 
P3: 0 0 0 
"]
3[label = "Index: 3 
P0: 0 -3 0 
P1: 0 -3 0 
P2: 0 -3 0 
P3: 0 0 0 
", color = "orange"]
4[label = "Index: 4 
P0: -1 -3 0 
P1: 0 -3 0 
P2: 0 -3 0 
P3: 0 0 0 
", color = "orange"]
5[label = "Index: 5 
P0: 0 -3 0 
P1: 1 -3 0 
P2: 1 -3 0 
P3: 0 0 0 
"]
6[label = "Index: 6 
P0: -1 -3 0 
P1: 1 -3 0 
P2: 1 -3 0 
P3: 0 0 0 
", color = "orange"]
7[label = "Index: 7 
P0: -1 -3 0 
P1: 1 -4 0 
P2: 1 -3 0 
P3: 0 0 0 
", color = "orange"]
8[label = "Index: 8 
P0: -1 -3 -1 
P1: 1 -4 0 
P2: 1 -3 0 
P3: 0 0 0 
", color = "orange"]
9[label = "Index: 9 
P0: -1 -3 -1 
P1: 1 -5 0 
P2: 1 -3 0 
P3: 0 0 0 
", color = "orange"]
10[label = "Index: 10 
P0: -1 -3 -1 
P1: 1 -6 0 
P2: 1 -3 0 
P3: 0 0 0 
"]
11[label = "Index: 11 
P0: -1 -3 -2 
P1: 1 -5 0 
P2: 1 -3 0 
P3: 0 0 0 
", style="filled", fillcolor = "red"]
12[label = "Index: 12 
P0: -1 -3 -1 
P1: 1 -5 1 
P2: 1 -3 1 
P3: 0 0 0 
", color = "purple"]
13[label = "Index: 13 
P0: -1 -3 0 
P1: 1 -5 1 
P2: 1 -3 1 
P3: 0 0 0 
", color = "purple"]
14[label = "Index: 14 
P0: -1 -3 -2 
P1: 1 -6 0 
P2: 1 -3 0 
P3: 0 0 0 
", color = "purple"]
15[label = "Index: 15 
P0: -1 -3 -2 
P1: 1 -6 -1 
P2: 1 -3 0 
P3: 0 0 0 
", color = "purple"]
16[label = "Index: 16 
P0: -1 -3 -1 
P1: 1 -6 0 
P2: 1 -3 1 
P3: 0 0 0 
", color = "purple"]
17[label = "Index: 17 
P0: -1 -3 -1 
P1: 1 -6 1 
P2: 1 -3 1 
P3: 0 0 0 
", color = "purple"]
18[label = "Index: 18 
P0: -1 -3 0 
P1: 1 -6 1 
P2: 1 -3 1 
P3: 0 0 0 
", color = "purple"]
19[label = "Index: 19 
P0: -1 -2 -1 
P1: 1 -5 1 
P2: 1 -3 1 
P3: 0 0 0 
"]
20[label = "Index: 20 
P0: -1 -3 -1 
P1: 1 -5 1 
P2: 1 -4 1 
P3: 0 0 0 
"]
21[label = "Index: 21 
P0: -1 -3 -1 
P1: 1 -5 1 
P2: 1 -5 1 
P3: 0 0 0 
"]
22[label = "Index: 22 
P0: -1 -4 0 
P1: 1 -5 1 
P2: 1 -4 1 
P3: 0 0 0 
"]
23[label = "Index: 23 
P0: -1 -2 -1 
P1: 1 -6 0 
P2: 1 -3 1 
P3: 0 0 0 
"]
24[label = "Index: 24 
P0: -1 -3 -2 
P1: 1 -6 0 
P2: 1 -3 1 
P3: 0 0 0 
"]
25[label = "Index: 25 
P0: -1 -2 -1 
P1: 1 -6 1 
P2: 1 -3 1 
P3: 0 0 0 
"]
26[label = "Index: 26 
P0: -1 -3 -1 
P1: 1 -6 1 
P2: 2 -3 1 
P3: 0 0 0 
"]
27[label = "Index: 27 
P0: -1 -3 -1 
P1: 1 -6 1 
P2: 1 -4 1 
P3: 0 0 0 
"]
28[label = "Index: 28 
P0: -1 -3 -1 
P1: 1 -6 1 
P2: 1 -5 1 
P3: 0 0 0 
"]
29[label = "Index: 29 
P0: -1 -3 -1 
P1: 1 -6 1 
P2: 1 -6 1 
P3: 0 0 0 
"]
30[label = "Index: 30 
P0: -1 -4 -1 
P1: 1 -6 1 
P2: 1 -4 1 
P3: 0 0 0 
"]
31[label = "Index: 31 
P0: -1 -3 0 
P1: 1 -6 1 
P2: 2 -3 1 
P3: 0 0 0 
"]
32[label = "Index: 32 
P0: -1 -4 0 
P1: 1 -6 1 
P2: 1 -4 1 
P3: 0 0 0 
"]
33[label = "Index: 33 
P0: -1 -5 0 
P1: 1 -6 1 
P2: 1 -5 1 
P3: 0 0 0 
"]
34[label = "Index: 34 
P0: -1 -3 -2 
", color = "fuchsia"]
35[label = "Index: 35 
P1: 1 -5 0 
P2: 1 -3 0 
P3: 0 0 0 
", color = "orange"]
36[label = "Index: 36 
P1: 1 -6 0 
P2: 1 -3 0 
P3: 0 0 0 
"]
37[label = "Index: 37 
P1: 1 -4 0 
P2: 1 -3 0 
P3: 0 0 0 
"]
38[label = "Index: 38 
P1: 1 -3 0 
P2: 1 -3 0 
P3: 0 0 0 
"]
39[label = "Index: 39 
P1: 0 -5 0 
P2: 0 -3 0 
P3: 0 0 0 
"]
40[label = "Index: 40 
P1: 1 -5 1 
P2: 1 -3 1 
P3: 0 0 0 
", color = "red"]
41[label = "Index: 41 
P1: 0 -6 0 
P2: 1 -3 0 
P3: 0 0 0 
"]
42[label = "Index: 42 
P1: 1 -6 -1 
P2: 1 -3 0 
P3: 0 0 0 
"]
43[label = "Index: 43 
P1: 1 -6 0 
P2: 1 -3 1 
P3: 0 0 0 
"]
44[label = "Index: 44 
P1: 0 -6 0 
P2: 0 -3 0 
P3: 0 0 0 
"]
45[label = "Index: 45 
P1: 1 -6 1 
P2: 1 -3 1 
P3: 0 0 0 
"]
46[label = "Index: 46 
P1: 0 -4 0 
P2: 0 -3 0 
P3: 0 0 0 
"]
47[label = "Index: 47 
P1: 0 -3 0 
P2: 0 -3 0 
P3: 0 0 0 
"]
48[label = "Index: 48 
P1: 0 -5 0 
P2: 0 -2 0 
P3: 0 0 0 
"]
49[label = "Index: 49 
P1: 0 -4 0 
P2: 0 -2 0 
P3: 0 0 0 
"]
50[label = "Index: 50 
P1: 0 -3 0 
P2: 0 -1 0 
P3: 0 0 0 
"]
51[label = "Index: 51 
P1: 0 -2 0 
P2: 0 0 0 
P3: 0 0 0 
"]
52[label = "Index: 52 
P1: 1 -5 1 
P2: 1 -4 1 
P3: 0 0 0 
"]
53[label = "Index: 53 
P1: 1 -5 1 
P2: 1 -5 1 
P3: 0 0 0 
"]
54[label = "Index: 54 
P3: 0 0 0 
", color = "fuchsia"]
55[label = "Index: 55 
P1: 1 -5 1 
P2: 1 -3 1 
", color = "orange"]
56[label = "Index: 56 
P1: 1 -6 1 
P2: 1 -3 1 
", color = "orange"]
57[label = "Index: 57 
P1: 1 -4 1 
P2: 1 -3 1 
"]
58[label = "Index: 58 
P1: 1 -3 1 
P2: 1 -3 1 
"]
59[label = "Index: 59 
P1: 0 -6 1 
P2: 1 -3 1 
", color = "red"]
60[label = "Index: 60 
P1: 1 -6 0 
P2: 1 -3 1 
"]
61[label = "Index: 61 
P2: 1 -3 1 
", style="filled", fillcolor = "blue"]
62[label = "Index: 62 
P1: 0 -6 1 
", color = "fuchsia"]
0 -> 1
0 -> 2
0 -> 3

1 -> 0
1 -> 2
1 -> 3

2 -> 0
2 -> 1
2 -> 3

3 -> 0
3 -> 1
3 -> 2
3 -> 4
3 -> 5

4 -> 3
4 -> 6
4 -> 5

5 -> 3
5 -> 4
5 -> 6

6 -> 4
6 -> 5
6 -> 7

7 -> 6
7 -> 8

8 -> 7
8 -> 9
8 -> 10

9 -> 8
9 -> 11
9 -> 10
9 -> 12
9 -> 13

10 -> 8
10 -> 9
10 -> 14
10 -> 15
10 -> 16
10 -> 17
10 -> 18

11 -> 9
11 -> 35
11 -> 34

12 -> 9
12 -> 19
12 -> 13
12 -> 17
12 -> 20
12 -> 21

13 -> 9
13 -> 12
13 -> 18
13 -> 22

14 -> 10

15 -> 10

16 -> 10
16 -> 23
16 -> 24
16 -> 17
16 -> 18

17 -> 10
17 -> 12
17 -> 25
17 -> 18
17 -> 16
17 -> 19
17 -> 24
17 -> 26
17 -> 27
17 -> 28
17 -> 29
17 -> 30

18 -> 10
18 -> 13
18 -> 17
18 -> 16
18 -> 31
18 -> 32
18 -> 33

19 -> 12
19 -> 17

20 -> 12

21 -> 12

22 -> 13

23 -> 16

24 -> 16
24 -> 17

25 -> 17

26 -> 17

27 -> 17

28 -> 17

29 -> 17

30 -> 17

31 -> 18

32 -> 18

33 -> 18

35 -> 36
35 -> 37
35 -> 38
35 -> 39
35 -> 40

36 -> 35
36 -> 41
36 -> 37
36 -> 38
36 -> 42
36 -> 43
36 -> 44
36 -> 45

37 -> 35
37 -> 36
37 -> 38
37 -> 46

38 -> 35
38 -> 36
38 -> 37
38 -> 47

39 -> 35
39 -> 44
39 -> 46
39 -> 47
39 -> 48
39 -> 49
39 -> 50
39 -> 51

40 -> 35
40 -> 45
40 -> 52
40 -> 53
40 -> 54
40 -> 55

41 -> 36

42 -> 36

43 -> 36

44 -> 36
44 -> 39

45 -> 36
45 -> 40

46 -> 37
46 -> 39

47 -> 38
47 -> 39

48 -> 39

49 -> 39

50 -> 39

51 -> 39

52 -> 40

53 -> 40

55 -> 56
55 -> 57
55 -> 58

56 -> 55
56 -> 59
56 -> 57
56 -> 58
56 -> 60

57 -> 55
57 -> 56
57 -> 58

58 -> 55
58 -> 56
58 -> 57

59 -> 56
59 -> 61
59 -> 62

60 -> 56

}
