digraph G {
color = "black"
0[label = "Index: 0 
P0: 0 0 0 
P1: 0 0 0 
P2: 0 0 0 
P3: 0 0 0 
P4: 0 0 0 
P5: 0 0 0 
P6: 0 0 0 
", color = "green"]
1[label = "Index: 1 
P0: 0 0 1 
P1: 0 0 0 
P2: 0 0 0 
P3: 0 0 0 
P4: 0 0 0 
P5: 0 0 0 
P6: 0 0 0 
", color = "orange"]
2[label = "Index: 2 
P0: 0 0 1 
P1: -1 0 0 
P2: 0 0 0 
P3: 0 0 0 
P4: 0 0 0 
P5: 0 0 0 
P6: 0 0 0 
"]
3[label = "Index: 3 
P0: 0 0 1 
P1: -1 0 0 
P2: -1 0 0 
P3: 0 0 0 
P4: 0 0 0 
P5: 0 0 0 
P6: 0 0 0 
", color = "red"]
4[label = "Index: 4 
P0: 0 0 1 
P1: -1 0 0 
P2: 0 0 0 
P3: 0 -1 0 
P4: 0 0 0 
P5: 0 0 0 
P6: 0 0 0 
", color = "purple"]
5[label = "Index: 5 
P0: 0 0 1 
P1: -1 0 0 
P2: -1 0 0 
P3: 0 -1 0 
P4: 0 0 0 
P5: 0 0 0 
P6: 0 0 0 
"]
6[label = "Index: 6 
P0: 0 0 1 
P1: -1 0 0 
P2: -1 0 0 
P3: 0 -1 0 
P4: 0 -1 0 
P5: 0 0 0 
P6: 0 0 0 
"]
7[label = "Index: 7 
P0: 0 0 1 
P1: -1 0 0 
P2: -1 0 0 
P3: 0 -1 0 
P4: 0 0 0 
P5: -1 0 0 
P6: 0 0 0 
"]
8[label = "Index: 8 
P0: 0 0 1 
P1: -1 0 0 
P3: 0 0 0 
P4: 0 0 0 
P6: 0 0 0 
", color = "red"]
9[label = "Index: 9 
P0: 0 0 1 
P3: 0 0 0 
P4: 0 0 0 
P6: 0 0 0 
", color = "red"]
10[label = "Index: 10 
P3: 0 0 0 
P4: 0 0 0 
P6: 0 0 0 
", color = "red"]
11[label = "Index: 11 
P4: 0 0 0 
P6: 0 0 0 
", color = "red"]
12[label = "Index: 12 
P6: 0 0 0 
", color = "blue"]
0 -> 1

1 -> 0
1 -> 2
1 -> 3

2 -> 1
2 -> 3
2 -> 4

3 -> 1
3 -> 2
3 -> 5
3 -> 6
3 -> 8[style=bold label=" Remove P2 P5 "];


4 -> 2
4 -> 5
4 -> 7

5 -> 3
5 -> 4

6 -> 3

7 -> 4

8 -> 9[style=bold label=" Remove P1 "];


9 -> 10[style=bold label=" Remove P0 "];


10 -> 11[style=bold label=" Remove P3 "];


11 -> 12[style=bold label=" Remove P4 "];


}
