graph G {
color = "black"
0 [label = "P1: 0 0 0 
P2: 0 0 0 
P3: 0 0 0 
P4: 0 0 0 
P5: 0 0 0 
P6: 0 0 0 
P7: 0 0 0 
P8: 0 0 0 
",  style="filled", fillcolor = "#96FF96"];
1 [label = "P1: 1 0 0 
P2: 0 0 0 
P3: 0 0 0 
P4: 0 0 0 
P5: 0 0 0 
P6: 0 0 0 
P7: 0 0 0 
P8: 0 0 0 
"];
2 [label = "P1: 1 0 0 
P2: 0 1 0 
P3: 0 0 0 
P4: 0 0 0 
P5: 0 0 0 
P6: 0 0 0 
P7: 0 0 0 
P8: 0 0 0 
"];
3 [label = "P1: 1 0 0 
P2: 0 1 -1 
P3: 0 0 0 
P4: 0 0 0 
P5: 0 0 0 
P6: 0 0 0 
P7: 0 0 0 
P8: 0 0 0 
"];
4 [label = "P1: 1 0 0 
P2: 0 1 -1 
P3: 1 0 0 
P4: 0 0 0 
P5: 0 0 0 
P6: 0 0 0 
P7: 0 0 0 
P8: 0 0 0 
"];
5 [label = "P1: 1 0 0 
P2: 0 1 -1 
P3: 1 0 0 
P4: 0 0 -1 
P5: 0 0 0 
P6: 0 0 0 
P7: 0 0 0 
P8: 0 0 0 
"];
6 [label = "P1: 1 0 0 
P2: 0 1 -1 
P3: 1 0 0 
P4: 0 1 -1 
P5: 0 0 0 
P6: 0 0 0 
P7: 0 0 0 
P8: 0 0 0 
"];
7 [label = "P1: 1 0 0 
P2: 0 1 -1 
P3: 1 0 0 
P4: 0 0 -1 
P5: 1 0 0 
P6: 0 0 0 
P7: 0 0 0 
P8: 0 0 0 
"];
8 [label = "P1: 1 0 0 
P2: 0 1 -1 
P3: 0 0 0 
P4: 0 1 -1 
P5: 0 0 0 
P6: 0 0 0 
P7: 0 0 0 
P8: 0 0 0 
"];
9 [label = "P1: 1 0 0 
P2: 0 1 -1 
P3: 1 0 0 
P4: 0 1 -1 
P5: 1 0 0 
P6: 0 0 0 
P7: 0 0 0 
P8: 0 0 0 
"];
10 [label = "P1: 1 0 0 
P2: 0 1 -1 
P3: 1 0 0 
P4: 0 0 -1 
P5: 1 0 0 
P6: 0 0 0 
P7: 0 -1 0 
P8: 0 0 0 
"];
11 [label = "P1: 1 0 -1 
P2: 0 1 -1 
P3: 0 0 0 
P4: 0 1 -1 
P5: 0 0 0 
P6: 0 0 0 
P7: 0 0 0 
P8: 0 0 0 
"];
12 [label = "P1: 1 0 0 
P2: 0 1 -1 
P3: 0 0 0 
P4: 0 1 -1 
P5: 1 0 0 
P6: 0 0 0 
P7: 0 0 0 
P8: 0 0 0 
"];
13 [label = "P1: 1 0 0 
P2: 0 1 -1 
P3: 1 0 0 
P4: 0 1 -1 
P5: 1 0 0 
P6: 0 0 0 
P7: 0 -1 0 
P8: 0 0 0 
"];
14 [label = "P1: 1 0 0 
P2: 0 1 -1 
P3: 1 0 0 
P4: 0 0 -1 
P5: 1 0 0 
P6: 0 0 1 
P7: 0 -1 0 
P8: 0 0 0 
"];
15 [label = "P1: 1 0 -1 
P2: 0 1 -1 
P3: 0 0 0 
P4: 0 1 -1 
P5: 1 0 0 
P6: 0 0 0 
P7: 0 0 0 
P8: 0 0 0 
"];
16 [label = "P1: 1 0 0 
P2: 0 1 -1 
P3: 0 0 0 
P4: 0 1 -1 
P5: 1 0 0 
P6: 0 0 0 
P7: 0 -1 0 
P8: 0 0 0 
"];
17 [label = "P1: 1 0 0 
P2: 0 1 -1 
P3: 1 0 0 
P4: 0 1 -1 
P5: 1 0 0 
P6: 0 0 1 
P7: 0 -1 0 
P8: 0 0 0 
"];
18 [label = "P1: 1 0 -1 
P2: 0 1 -1 
P3: 0 0 0 
P4: 0 1 -1 
P5: 1 0 0 
P6: 0 0 0 
P7: 0 -1 0 
P8: 0 0 0 
"];
19 [label = "P1: 1 0 0 
P2: 0 1 -1 
P3: 0 0 1 
P4: 0 1 -1 
P5: 1 0 0 
P6: 0 0 1 
P7: 0 -1 0 
P8: 0 0 0 
"];
20 [label = "P1: 1 0 -1 
P2: 0 1 -1 
P3: 0 0 1 
P4: 0 1 -1 
P5: 1 0 0 
P6: 0 0 1 
P7: 0 -1 0 
P8: 0 0 0 
"];
2020 [label = "P1: 1 -∞ -1 
P2: 0 -∞ -1 
P3: 0 0 1 
P4: 0 -∞ -1 
P5: 1 0 0 
P6: 0 0 1 
P7: 0 -1 0 
P8: 0 0 0 
",  style="filled", fillcolor = "#FF9696"];
21 [label = "P1: 1 0 0 
P2: 0 1 -1 
P3: 0 -1 1 
P4: 0 1 -1 
P5: 1 0 0 
P6: 0 0 1 
P7: 0 -1 0 
P8: 0 0 0 
"];
2121 [label = "P1: 1 0 0 
P2: 0 1 -1 
P3: 0 -1 -∞ 
P4: 0 1 -1 
P5: 1 0 0 
P6: 0 0 1 
P7: 0 -1 0 
P8: 0 0 0 
",  style="filled", fillcolor = "#FF9696"];
22 [label = "P1: 1 0 0 
P2: 0 1 -1 
P3: 0 -2 1 
P4: 0 1 -1 
P5: 1 0 0 
P6: 0 0 1 
P7: 0 -1 0 
P8: 0 0 0 
"];
2222 [label = "P1: 1 0 0 
P2: 0 1 -1 
P3: 0 -2 -∞ 
P4: 0 1 -1 
P5: 1 0 0 
P6: 0 0 1 
P7: 0 -1 0 
P8: 0 0 0 
",  style="filled", fillcolor = "#FF9696"];
23 [label = "P1: 1 0 0 
P2: 0 1 -1 
P3: 0 0 1 
P4: 0 0 -1 
P5: 1 0 0 
P6: 0 0 1 
P7: 0 -1 0 
P8: 0 0 0 
"];
24 [label = "P1: 1 1 -1 
P2: 0 1 -1 
P3: 0 0 1 
P4: 0 1 -1 
P5: 1 0 0 
P6: 0 0 1 
P7: 0 -1 0 
P8: 0 0 0 
"];
25 [label = "P1: 1 1 -1 
P2: 0 2 -1 
P3: 0 0 1 
P4: 0 1 -1 
P5: 1 0 0 
P6: 0 0 1 
P7: 0 -1 0 
P8: 0 0 0 
"];
26 [label = "P1: 1 0 -1 
P2: 0 1 -1 
P3: 0 -1 1 
P4: 0 1 -1 
P5: 1 0 0 
P6: 0 0 1 
P7: 0 -1 0 
P8: 0 0 0 
"];
27 [label = "P1: 1 0 -1 
P2: 0 1 -1 
P3: 0 -2 1 
P4: 0 1 -1 
P5: 1 0 0 
P6: 0 0 1 
P7: 0 -1 0 
P8: 0 0 0 
"];
28 [label = "P1: 1 0 -1 
P2: 0 1 -1 
P3: 0 0 1 
P4: 0 0 -1 
P5: 1 0 0 
P6: 0 0 1 
P7: 0 -1 0 
P8: 0 0 0 
"];
2828 [label = "P1: 1 -∞ -1 
P2: 0 -∞ -1 
P3: 0 0 1 
P4: 0 -∞ -1 
P5: 1 0 0 
P6: 0 0 1 
P7: 0 -1 0 
P8: 0 0 0 
",  style="filled", fillcolor = "#FF9696"];
29 [label = "P1: 1 0 0 
P2: 0 1 -1 
P3: 0 -1 1 
P4: 0 0 -1 
P5: 1 0 0 
P6: 0 0 1 
P7: 0 -1 0 
P8: 0 0 0 
"];
2929 [label = "P1: 1 0 0 
P2: 0 1 -1 
P3: 0 -1 -∞ 
P4: 0 0 -1 
P5: 1 0 0 
P6: 0 0 1 
P7: 0 -1 0 
P8: 0 0 0 
",  style="filled", fillcolor = "#FF9696"];
30 [label = "P1: 1 0 0 
P2: 0 1 -1 
P3: 0 -2 1 
P4: 0 0 -1 
P5: 1 0 0 
P6: 0 0 1 
P7: 0 -1 0 
P8: 0 0 0 
"];
3030 [label = "P1: 1 0 0 
P2: 0 1 -1 
P3: 0 -2 -∞ 
P4: 0 0 -1 
P5: 1 0 0 
P6: 0 0 1 
P7: 0 -1 0 
P8: 0 0 0 
",  style="filled", fillcolor = "#FF9696"];
31 [label = "P1: 1 0 -1 
P2: 0 1 -1 
P3: 0 -1 1 
P4: 0 0 -1 
P5: 1 0 0 
P6: 0 0 1 
P7: 0 -1 0 
P8: 0 0 0 
"];
32 [label = "P1: 1 0 -1 
P2: 0 1 -1 
P3: 0 -2 1 
P4: 0 0 -1 
P5: 1 0 0 
P6: 0 0 1 
P7: 0 -1 0 
P8: 0 0 0 
"];
edge [style=bold];
0 -- 1 [color="#1E96FF", penwidth=4.0];

1 -- 2 [color="#1E96FF", penwidth=4.0];

2 -- 3 [color="#1E96FF", penwidth=4.0];

3 -- 4 [color="#1E96FF", penwidth=4.0];

4 -- 5 [color="#1E96FF", penwidth=4.0];

5 -- 6 [color="#1E96FF", penwidth=4.0];
5 -- 7 [color=black];

6 -- 8 [color="#1E96FF", penwidth=4.0];
6 -- 9 [color=black];

7 -- 9 [color=black];
7 -- 10 [color=black];

8 -- 11 [color="#1E96FF", penwidth=4.0];
8 -- 12 [color=black];
8 -- 9 [color=black];

9 -- 12 [color=black];
9 -- 13 [color=black];

10 -- 13 [color=black];
10 -- 14 [color=black];

11 -- 15 [color="#1E96FF", penwidth=4.0];

12 -- 15 [color=black];
12 -- 16 [color=black];

13 -- 16 [color=black];
13 -- 17 [color=black];

14 -- 17 [color=black];

15 -- 18 [color="#1E96FF", penwidth=4.0];

16 -- 18 [color=black];
16 -- 19 [color=black];


18 -- 20 [color="#1E96FF", penwidth=4.0];
18 -- 19 [color=black];

19 -- 20 [color=black];
19 -- 21 [color=black];
19 -- 22 [color=black];
19 -- 23 [color=black];

20 -- 24 [color=black];
20 -- 25 [color=black];
20 -- 26 [color=black];
20 -- 27 [color=black];
20 -- 28 [color=black];

20 -- 2020 [color="#1E96FF", penwidth=4.0];
21 -- 26 [color=black];

21 -- 2121 [color=black];
22 -- 27 [color=black];

22 -- 2222 [color=black];
23 -- 28 [color=black];
23 -- 29 [color=black];
23 -- 30 [color=black];

24 -- 28 [color=black];




28 -- 31 [color=black];
28 -- 32 [color=black];

28 -- 2828 [color=black];
29 -- 31 [color=black];

29 -- 2929 [color=black];
30 -- 32 [color=black];

30 -- 3030 [color=black];


}
