graph G {
color = "black"
0 [label = "P1: 0 0 0 
P2: 0 0 0 
P3: 0 0 0 
P4: 0 0 0 
P5: 0 0 0 
P6: 0 0 0 
P7: 0 0 0 
P8: 0 0 0 
",  style="filled", fillcolor = "#96FF96"];
1 [label = "P1: 1 0 0 
P2: 0 0 0 
P3: 0 0 0 
P4: 0 0 0 
P5: 0 0 0 
P6: 0 0 0 
P7: 0 0 0 
P8: 0 0 0 
"];
2 [label = "P1: 1 0 0 
P2: 0 1 0 
P3: 0 0 0 
P4: 0 0 0 
P5: 0 0 0 
P6: 0 0 0 
P7: 0 0 0 
P8: 0 0 0 
"];
3 [label = "P1: 1 0 0 
P2: 0 1 -1 
P3: 0 0 0 
P4: 0 0 0 
P5: 0 0 0 
P6: 0 0 0 
P7: 0 0 0 
P8: 0 0 0 
"];
4 [label = "P1: 1 0 0 
P2: 0 1 -1 
P3: 1 0 0 
P4: 0 0 0 
P5: 0 0 0 
P6: 0 0 0 
P7: 0 0 0 
P8: 0 0 0 
"];
5 [label = "P1: 1 0 0 
P2: 0 1 -1 
P3: 1 0 0 
P4: 0 0 -1 
P5: 0 0 0 
P6: 0 0 0 
P7: 0 0 0 
P8: 0 0 0 
"];
6 [label = "P1: 1 0 0 
P2: 0 1 -1 
P3: 1 0 0 
P4: 0 1 -1 
P5: 0 0 0 
P6: 0 0 0 
P7: 0 0 0 
P8: 0 0 0 
"];
7 [label = "P1: 1 0 0 
P2: 0 1 -1 
P3: 1 0 0 
P4: 0 0 -1 
P5: 1 0 0 
P6: 0 0 0 
P7: 0 0 0 
P8: 0 0 0 
"];
8 [label = "P1: 1 0 0 
P2: 0 1 -1 
P3: 0 0 0 
P4: 0 1 -1 
P5: 0 0 0 
P6: 0 0 0 
P7: 0 0 0 
P8: 0 0 0 
"];
9 [label = "P1: 1 0 0 
P2: 0 1 -1 
P3: 1 0 0 
P4: 0 1 -1 
P5: 1 0 0 
P6: 0 0 0 
P7: 0 0 0 
P8: 0 0 0 
"];
10 [label = "P1: 1 0 0 
P2: 0 1 -1 
P3: 1 0 0 
P4: 0 0 -1 
P5: 1 0 0 
P6: 0 0 0 
P7: 0 -1 0 
P8: 0 0 0 
"];
11 [label = "P1: 1 0 -1 
P2: 0 1 -1 
P3: 0 0 0 
P4: 0 1 -1 
P5: 0 0 0 
P6: 0 0 0 
P7: 0 0 0 
P8: 0 0 0 
"];
12 [label = "P1: 1 0 0 
P2: 0 1 -1 
P3: 0 0 0 
P4: 0 1 -1 
P5: 1 0 0 
P6: 0 0 0 
P7: 0 0 0 
P8: 0 0 0 
"];
13 [label = "P1: 1 0 0 
P2: 0 1 -1 
P3: 1 0 0 
P4: 0 1 -1 
P5: 1 0 0 
P6: 0 0 0 
P7: 0 -1 0 
P8: 0 0 0 
"];
14 [label = "P1: 1 0 0 
P2: 0 1 -1 
P3: 1 0 0 
P4: 0 0 -1 
P5: 1 0 0 
P6: 0 0 1 
P7: 0 -1 0 
P8: 0 0 0 
"];
15 [label = "P1: 1 0 -1 
P2: 0 1 -1 
P3: 0 0 0 
P4: 0 1 -1 
P5: 1 0 0 
P6: 0 0 0 
P7: 0 0 0 
P8: 0 0 0 
"];
16 [label = "P1: 1 0 0 
P2: 0 1 -1 
P3: 0 0 0 
P4: 0 1 -1 
P5: 1 0 0 
P6: 0 0 0 
P7: 0 -1 0 
P8: 0 0 0 
"];
17 [label = "P1: 1 0 0 
P2: 0 1 -1 
P3: 1 0 0 
P4: 0 1 -1 
P5: 1 0 0 
P6: 0 0 1 
P7: 0 -1 0 
P8: 0 0 0 
"];
18 [label = "P1: 1 0 -1 
P2: 0 1 -1 
P3: 0 0 0 
P4: 0 1 -1 
P5: 1 0 0 
P6: 0 0 0 
P7: 0 -1 0 
P8: 0 0 0 
"];
19 [label = "P1: 1 0 0 
P2: 0 1 -1 
P3: 0 0 1 
P4: 0 1 -1 
P5: 1 0 0 
P6: 0 0 1 
P7: 0 -1 0 
P8: 0 0 0 
"];
20 [label = "P1: 1 0 -1 
P2: 0 1 -1 
P3: 0 0 1 
P4: 0 1 -1 
P5: 1 0 0 
P6: 0 0 1 
P7: 0 -1 0 
P8: 0 0 0 
",  style="filled", fillcolor = "#FF9696"];
21 [label = "P1: 1 0 0 
P2: 0 1 -1 
P3: 0 -1 1 
P4: 0 1 -1 
P5: 1 0 0 
P6: 0 0 1 
P7: 0 -1 0 
P8: 0 0 0 
",  style="filled", fillcolor = "#FF9696"];
22 [label = "P1: 1 0 0 
P2: 0 1 -1 
P3: 0 -2 1 
P4: 0 1 -1 
P5: 1 0 0 
P6: 0 0 1 
P7: 0 -1 0 
P8: 0 0 0 
",  style="filled", fillcolor = "#FF9696"];
23 [label = "P1: 1 0 0 
P2: 0 1 -1 
P3: 0 0 1 
P4: 0 0 -1 
P5: 1 0 0 
P6: 0 0 1 
P7: 0 -1 0 
P8: 0 0 0 
"];
24 [label = "P1: 1 1 -1 
P2: 0 1 -1 
P3: 0 0 1 
P4: 0 1 -1 
P5: 1 0 0 
P6: 0 0 1 
P7: 0 -1 0 
P8: 0 0 0 
"];
25 [label = "P1: 1 1 -1 
P2: 0 2 -1 
P3: 0 0 1 
P4: 0 1 -1 
P5: 1 0 0 
P6: 0 0 1 
P7: 0 -1 0 
P8: 0 0 0 
"];
26 [label = "P1: 1 0 -1 
P2: 0 1 -1 
P3: 0 -1 1 
P4: 0 1 -1 
P5: 1 0 0 
P6: 0 0 1 
P7: 0 -1 0 
P8: 0 0 0 
"];
27 [label = "P1: 1 0 -1 
P2: 0 1 -1 
P3: 0 -2 1 
P4: 0 1 -1 
P5: 1 0 0 
P6: 0 0 1 
P7: 0 -1 0 
P8: 0 0 0 
"];
28 [label = "P1: 1 0 -1 
P2: 0 1 -1 
P3: 0 0 1 
P4: 0 0 -1 
P5: 1 0 0 
P6: 0 0 1 
P7: 0 -1 0 
P8: 0 0 0 
",  style="filled", fillcolor = "#FF9696"];
29 [label = "P1: 1 0 0 
P2: 0 1 -1 
P3: 0 -1 1 
P4: 0 0 -1 
P5: 1 0 0 
P6: 0 0 1 
P7: 0 -1 0 
P8: 0 0 0 
",  style="filled", fillcolor = "#FF9696"];
30 [label = "P1: 1 0 0 
P2: 0 1 -1 
P3: 0 -2 1 
P4: 0 0 -1 
P5: 1 0 0 
P6: 0 0 1 
P7: 0 -1 0 
P8: 0 0 0 
",  style="filled", fillcolor = "#FF9696"];
31 [label = "P1: 1 0 -1 
P2: 0 1 -1 
P3: 0 -1 1 
P4: 0 0 -1 
P5: 1 0 0 
P6: 0 0 1 
P7: 0 -1 0 
P8: 0 0 0 
"];
32 [label = "P1: 1 0 -1 
P2: 0 1 -1 
P3: 0 -2 1 
P4: 0 0 -1 
P5: 1 0 0 
P6: 0 0 1 
P7: 0 -1 0 
P8: 0 0 0 
"];
33 [label = "P3: 0 0 1 
P5: 1 0 0 
P6: 0 0 1 
P7: 0 -1 0 
P8: 0 0 0 
"];
34 [label = "P3: 0 -1 1 
P5: 1 0 0 
P6: 0 0 1 
P7: 0 -1 0 
P8: 0 0 0 
"];
35 [label = "P3: 0 -2 1 
P5: 1 0 0 
P6: 0 0 1 
P7: 0 -1 0 
P8: 0 0 0 
"];
36 [label = "P3: 0 0 1 
P5: 2 0 0 
P6: 0 0 1 
P7: 0 -1 0 
P8: 0 0 0 
"];
37 [label = "P3: 0 0 1 
P5: 1 1 0 
P6: 0 0 1 
P7: 0 -1 0 
P8: 0 0 0 
"];
38 [label = "P3: 1 0 1 
P5: 2 0 0 
P6: 0 0 1 
P7: 0 -1 0 
P8: 0 0 0 
"];
39 [label = "P3: 0 0 0 
P5: 1 0 0 
P6: 0 0 0 
P7: 0 -1 0 
P8: 0 0 0 
"];
40 [label = "P3: 1 0 1 
P5: 2 0 0 
P6: 1 0 1 
P7: 0 -1 0 
P8: 0 0 0 
"];
41 [label = "P3: 1 0 1 
P5: 2 0 0 
P6: 1 0 1 
P7: 1 -1 0 
P8: 0 0 0 
"];
42 [label = "P3: 0 -1 1 
",  style="filled", fillcolor = "#FF96FF"];
43 [label = "P5: 1 0 0 
P6: 0 0 1 
P7: 0 -1 0 
P8: 0 0 0 
"];
44 [label = "P5: 2 0 0 
P6: 0 0 1 
P7: 0 -1 0 
P8: 0 0 0 
"];
45 [label = "P5: 1 1 0 
P6: 0 0 1 
P7: 0 -1 0 
P8: 0 0 0 
"];
46 [label = "P5: 1 0 0 
P6: 0 0 0 
P7: 0 -1 0 
P8: 0 0 0 
"];
47 [label = "P5: 2 0 0 
P6: 1 0 1 
P7: 0 -1 0 
P8: 0 0 0 
"];
48 [label = "P5: 2 0 0 
P6: 1 0 1 
P7: 1 -1 0 
P8: 0 0 0 
"];
49 [label = "P5: 2 0 0 
",  style="filled", fillcolor = "#FF96FF"];
50 [label = "P6: 0 0 1 
P7: 0 -1 0 
P8: 0 0 0 
"];
51 [label = "P6: 1 0 1 
P7: 0 -1 0 
P8: 0 0 0 
"];
52 [label = "P6: 2 0 1 
P7: 0 -1 0 
P8: 0 0 0 
"];
53 [label = "P6: 0 0 0 
P7: 0 -1 0 
P8: 0 0 0 
"];
54 [label = "P6: 1 0 1 
P7: 1 -1 0 
P8: 0 0 0 
"];
55 [label = "P6: 1 0 1 
",  style="filled", fillcolor = "#FF96FF"];
56 [label = "P7: 0 -1 0 
P8: 0 0 0 
"];
57 [label = "P7: 1 -1 0 
P8: 0 0 0 
"];
58 [label = "P7: 0 0 0 
P8: 0 0 0 
"];
59 [label = "P7: 1 -1 1 
P8: 0 0 0 
"];
60 [label = "P7: 1 -1 2 
P8: 0 0 0 
"];
61 [label = "P7: 1 -1 1 
", style="filled", fillcolor = "#9696FF"];
62 [label = "P8: 0 0 0 
",  style="filled", fillcolor = "#FF96FF"];
63 [label = "P1: 1 0 -1 
P2: 0 1 -1 
P4: 0 1 -1 
"];
64 [label = "P2: 0 1 -1 
P4: 0 1 -1 
"];
65 [label = "P1: 1 0 -1 
",  style="filled", fillcolor = "#FF96FF"];
66 [label = "P2: 0 2 -1 
P4: 0 1 -1 
"];
67 [label = "P4: 0 1 -1 
",  style="filled", fillcolor = "#FF96FF"];
68 [label = "P2: 0 2 -1 
",  style="filled", fillcolor = "#FF96FF"];
edge [style=bold];
0 -- 1 [color="#1E96FF", penwidth=4.0];

1 -- 2 [color="#1E96FF", penwidth=4.0];

2 -- 3 [color="#1E96FF", penwidth=4.0];

3 -- 4 [color="#1E96FF", penwidth=4.0];

4 -- 5 [color="#1E96FF", penwidth=4.0];

5 -- 6 [color="#1E96FF", penwidth=4.0];
5 -- 7 [color=black];

6 -- 8 [color="#1E96FF", penwidth=4.0];
6 -- 9 [color=black];

7 -- 9 [color=black];
7 -- 10 [color=black];

8 -- 11 [color="#1E96FF", penwidth=4.0];
8 -- 12 [color=black];
8 -- 9 [color=black];

9 -- 12 [color=black];
9 -- 13 [color=black];

10 -- 13 [color=black];
10 -- 14 [color=black];

11 -- 15 [color="#1E96FF", penwidth=4.0];

12 -- 15 [color=black];
12 -- 16 [color=black];

13 -- 16 [color=black];
13 -- 17 [color=black];

14 -- 17 [color=black];

15 -- 18 [color="#1E96FF", penwidth=4.0];

16 -- 18 [color=black];
16 -- 19 [color=black];


18 -- 20 [color="#1E96FF", penwidth=4.0];
18 -- 19 [color=black];

19 -- 20 [color=black];
19 -- 21 [color=black];
19 -- 22 [color=black];
19 -- 23 [color=black];

20 -- 24 [color=black];
20 -- 25 [color=black];
20 -- 26 [color=black];
20 -- 27 [color=black];
20 -- 28 [color=black];
20 -- 33 [color=black];
20 -- 63 [color=black];

21 -- 26 [color=black];

22 -- 27 [color=black];

23 -- 28 [color=black];
23 -- 29 [color=black];
23 -- 30 [color=black];

24 -- 28 [color=black];




28 -- 31 [color=black];
28 -- 32 [color=black];

29 -- 31 [color=black];

30 -- 32 [color=black];



33 -- 34 [color="#1E96FF", penwidth=4.0];
33 -- 35 [color=black];
33 -- 36 [color=black];
33 -- 37 [color=black];
33 -- 38 [color=black];
33 -- 39 [color=black];
33 -- 40 [color=black];
33 -- 41 [color=black];

34 -- 43 [color="#1E96FF", penwidth=4.0];
34 -- 42 [color=black];








43 -- 44 [color="#1E96FF", penwidth=4.0];
43 -- 45 [color=black];
43 -- 46 [color=black];
43 -- 47 [color=black];
43 -- 48 [color=black];

44 -- 50 [color="#1E96FF", penwidth=4.0];
44 -- 49 [color=black];





50 -- 51 [color="#1E96FF", penwidth=4.0];
