digraph G {
color = "black"
0[label = "Index: 0 
P0: 0 0 0 
P1: 0 0 0 
P2: 0 0 0 
P3: 0 0 0 
P4: 0 0 0 
P5: 0 0 0 
", style="filled", fillcolor = "green"]
1[label = "Index: 1 
P0: 0 -1 0 
P1: 0 0 0 
P2: 0 0 0 
P3: 0 0 0 
P4: 0 0 0 
P5: 0 0 0 
", color = "orange"]
2[label = "Index: 2 
P0: 0 -1 0 
P1: 0 0 -1 
P2: 0 0 0 
P3: 0 0 0 
P4: 0 0 0 
P5: 0 0 0 
", color = "orange"]
3[label = "Index: 3 
P0: 0 -1 0 
P1: 0 0 -1 
P2: 1 0 0 
P3: 0 0 0 
P4: 0 0 0 
P5: 0 0 0 
", color = "orange"]
4[label = "Index: 4 
P0: 0 -1 0 
P1: 0 0 -1 
P2: 2 0 0 
P3: 0 0 0 
P4: 0 0 0 
P5: 0 0 0 
"]
5[label = "Index: 5 
P0: 0 -1 0 
P1: 0 0 -1 
P2: 3 0 0 
P3: 0 0 0 
P4: 0 0 0 
P5: 0 0 0 
"]
6[label = "Index: 6 
P0: 0 -1 0 
P1: 0 0 -1 
P2: 1 0 0 
P3: 0 -1 0 
P4: 0 0 0 
P5: 0 0 0 
", color = "orange"]
7[label = "Index: 7 
P0: 0 -1 0 
P1: 0 0 -1 
P2: 2 0 0 
P3: 0 -1 0 
P4: 0 0 0 
P5: 0 0 0 
"]
8[label = "Index: 8 
P0: 0 -1 0 
P1: 0 0 -1 
P2: 3 0 0 
P3: 0 -1 0 
P4: 0 0 0 
P5: 0 0 0 
"]
9[label = "Index: 9 
P0: 0 -1 0 
P1: 1 0 -1 
P2: 1 0 0 
P3: 0 -1 0 
P4: 0 0 0 
P5: 0 0 0 
"]
10[label = "Index: 10 
P0: 0 -1 0 
P1: 1 0 -1 
P2: 2 0 0 
P3: 0 -1 0 
P4: 0 0 0 
P5: 0 0 0 
", color = "orange"]
11[label = "Index: 11 
P0: 0 -1 0 
P1: 1 0 -1 
P2: 3 0 0 
P3: 0 -1 0 
P4: 0 0 0 
P5: 0 0 0 
"]
12[label = "Index: 12 
P0: 0 -1 0 
P1: 1 0 -2 
P2: 1 0 0 
P3: 0 -1 0 
P4: 0 0 0 
P5: 0 0 0 
"]
13[label = "Index: 13 
P0: 0 -1 0 
P1: 1 0 -2 
P2: 2 0 0 
P3: 0 -1 0 
P4: 0 0 0 
P5: 0 0 0 
", color = "orange"]
14[label = "Index: 14 
P0: 0 -1 0 
P1: 1 0 -2 
P2: 3 0 0 
P3: 0 -1 0 
P4: 0 0 0 
P5: 0 0 0 
"]
15[label = "Index: 15 
P0: 0 -1 0 
P1: 1 0 -2 
P2: 1 0 0 
P3: 0 -1 0 
P4: 0 -1 0 
P5: 0 0 0 
"]
16[label = "Index: 16 
P0: 0 -1 0 
P1: 1 0 -2 
P2: 2 0 0 
P3: 0 -1 0 
P4: 0 -1 0 
P5: 0 0 0 
", color = "orange"]
17[label = "Index: 17 
P0: 0 -1 0 
P1: 1 0 -2 
P2: 3 0 0 
P3: 0 -1 0 
P4: 0 -1 0 
P5: 0 0 0 
"]
18[label = "Index: 18 
P0: 0 -1 1 
P1: 1 0 -1 
P2: 2 0 0 
P3: 0 -1 1 
P4: 0 -1 1 
P5: 0 0 0 
", style="filled", fillcolor = "red"]
19[label = "Index: 19 
P0: 0 -1 0 
P1: 1 0 -2 
P2: 3 0 -1 
P3: 0 -1 0 
P4: 0 -1 0 
P5: 0 0 0 
", color = "purple"]
20[label = "Index: 20 
P0: 0 -1 1 
P1: 1 0 -1 
P2: 3 0 0 
P3: 0 -1 1 
P4: 0 -1 1 
P5: 0 0 0 
", color = "purple"]
21[label = "Index: 21 
P0: 0 -2 1 
P1: 1 0 -1 
P2: 2 0 0 
P3: 0 -1 1 
P4: 0 -1 1 
P5: 0 0 0 
"]
22[label = "Index: 22 
P0: 0 -2 1 
P1: 1 0 -1 
P2: 2 0 0 
P3: 0 -2 1 
P4: 0 -1 1 
P5: 0 0 0 
"]
23[label = "Index: 23 
P0: 0 -2 1 
P1: 1 0 -1 
P2: 2 0 0 
P3: 0 -2 1 
P4: 0 -2 1 
P5: 0 0 0 
"]
24[label = "Index: 24 
P0: 0 -2 1 
P1: 1 0 -1 
P2: 3 0 0 
P3: 0 -1 1 
P4: 0 -1 1 
P5: 0 0 0 
"]
25[label = "Index: 25 
P0: 0 -2 1 
P1: 1 0 -1 
P2: 3 0 0 
P3: 0 -2 1 
P4: 0 -1 1 
P5: 0 0 0 
"]
26[label = "Index: 26 
P0: 0 -2 1 
P1: 1 0 -1 
P2: 3 0 0 
P3: 0 -2 1 
P4: 0 -2 1 
P5: 0 0 0 
"]
27[label = "Index: 27 
P2: 2 0 0 
P5: 0 0 0 
", color = "blue"]
28[label = "Index: 28 
P2: 1 0 0 
P5: 0 0 0 
"]
29[label = "Index: 29 
P2: 0 0 0 
P5: 0 0 0 
"]
30[label = "Index: 30 
P2: 3 0 0 
P5: 0 0 0 
", color = "orange"]
31[label = "Index: 31 
P2: 3 0 -1 
P5: 0 0 0 
", color = "red"]
32[label = "Index: 32 
P2: 3 0 -1 
", color = "fuchsia"]
33[label = "Index: 33 
P5: 0 0 0 
", color = "fuchsia"]
34[label = "Index: 34 
P0: 0 -1 1 
P1: 1 0 -1 
P3: 0 -1 1 
P4: 0 -1 1 
", color = "red"]
35[label = "Index: 35 
P0: 0 -2 1 
P1: 1 0 -1 
P3: 0 -1 1 
P4: 0 -1 1 
"]
36[label = "Index: 36 
P0: 0 -1 1 
P1: 1 1 -1 
P3: 0 -1 1 
P4: 0 -1 1 
"]
37[label = "Index: 37 
P0: 0 -2 1 
P1: 1 0 -1 
P3: 0 -2 1 
P4: 0 -1 1 
"]
38[label = "Index: 38 
P4: 0 -1 1 
", color = "fuchsia"]
39[label = "Index: 39 
P0: 0 -1 1 
P1: 1 0 -1 
P3: 0 -1 1 
", color = "orange"]
40[label = "Index: 40 
P0: 0 -2 1 
P1: 1 0 -1 
P3: 0 -1 1 
", color = "red"]
41[label = "Index: 41 
P0: 0 -1 1 
P1: 1 1 -1 
P3: 0 -1 1 
"]
42[label = "Index: 42 
P0: 0 -1 1 
P1: 1 0 0 
P3: 0 -1 1 
"]
43[label = "Index: 43 
P0: 0 -2 2 
P1: 1 0 -1 
P3: 0 -1 1 
"]
44[label = "Index: 44 
P0: 0 -2 1 
P3: 0 -1 1 
", color = "red"]
45[label = "Index: 45 
P1: 1 0 -1 
", color = "fuchsia"]
46[label = "Index: 46 
P3: 0 -1 1 
", style="filled", fillcolor = "blue"]
47[label = "Index: 47 
P0: 0 -2 1 
", color = "fuchsia"]
0 -> 1

1 -> 0
1 -> 2

2 -> 1
2 -> 3
2 -> 4
2 -> 5

3 -> 2
3 -> 4
3 -> 5
3 -> 6

4 -> 2
4 -> 3
4 -> 5
4 -> 7

5 -> 2
5 -> 3
5 -> 4
5 -> 8

6 -> 3
6 -> 9
6 -> 7
6 -> 8
6 -> 10

7 -> 4
7 -> 6
7 -> 10
7 -> 8
7 -> 11

8 -> 5
8 -> 6
8 -> 7
8 -> 11

9 -> 6
9 -> 12
9 -> 10
9 -> 11

10 -> 6
10 -> 7
10 -> 9
10 -> 13
10 -> 11

11 -> 7
11 -> 8
11 -> 9
11 -> 10
11 -> 14

12 -> 9
12 -> 13
12 -> 14
12 -> 15

13 -> 10
13 -> 12
13 -> 14
13 -> 16

14 -> 11
14 -> 12
14 -> 13
14 -> 17

15 -> 12
15 -> 16
15 -> 17

16 -> 13
16 -> 15
16 -> 17
16 -> 18

17 -> 14
17 -> 15
17 -> 16
17 -> 19
17 -> 20

18 -> 16
18 -> 21
18 -> 20
18 -> 22
18 -> 23
18 -> 27
18 -> 34

19 -> 17

20 -> 17
20 -> 18
20 -> 24
20 -> 25
20 -> 26

21 -> 18

22 -> 18

23 -> 18

24 -> 20

25 -> 20

26 -> 20

27 -> 28
27 -> 29
27 -> 30

28 -> 27
28 -> 29
28 -> 30

29 -> 27
29 -> 28
29 -> 30

30 -> 27
30 -> 28
30 -> 29
30 -> 31

31 -> 30
31 -> 33
31 -> 32

34 -> 35
34 -> 36
34 -> 37
34 -> 38
34 -> 39

35 -> 34

36 -> 34

37 -> 34

39 -> 40
39 -> 41
39 -> 42

40 -> 39
40 -> 43
40 -> 44
40 -> 45

41 -> 39

42 -> 39

43 -> 40

44 -> 46
44 -> 47

}
