digraph G {
color = "black"
0[label = "Index: 0 
P0: 0 0 0 
P1: 0 0 0 
P2: 0 0 0 
", style="filled", fillcolor = "green"]
1[label = "Index: 1 
P0: 0 0 -1 
P1: 0 0 0 
P2: 0 0 0 
"]
2[label = "Index: 2 
P0: 0 0 -2 
P1: 0 0 0 
P2: 0 0 0 
", color = "orange"]
3[label = "Index: 3 
P0: 0 0 -1 
P1: -1 0 0 
P2: 0 0 0 
"]
4[label = "Index: 4 
P0: 0 0 -1 
P1: -2 0 0 
P2: 0 0 0 
"]
5[label = "Index: 5 
P0: 0 0 -2 
P1: -1 0 0 
P2: 0 0 0 
"]
6[label = "Index: 6 
P0: 0 0 -2 
P1: -2 0 0 
P2: 0 0 0 
", color = "orange"]
7[label = "Index: 7 
P0: -1 0 -2 
P1: -1 0 0 
P2: 0 0 0 
"]
8[label = "Index: 8 
P0: 0 -1 -1 
P1: -2 -1 0 
P2: 0 0 0 
"]
9[label = "Index: 9 
P0: -1 0 -2 
P1: -2 0 0 
P2: 0 0 0 
"]
10[label = "Index: 10 
P0: -1 0 -2 
P1: -3 0 0 
P2: 0 0 0 
", color = "orange"]
11[label = "Index: 11 
P0: 0 -1 -2 
P1: -2 -1 0 
P2: 0 0 0 
"]
12[label = "Index: 12 
P0: -1 -1 -2 
P1: -2 -1 0 
P2: 0 0 0 
"]
13[label = "Index: 13 
P0: -1 -1 -2 
P1: -3 -1 0 
P2: 0 0 0 
", color = "orange"]
14[label = "Index: 14 
P0: -1 -1 -2 
P1: -3 -1 -1 
P2: 0 0 0 
", style="filled", fillcolor = "red"]
15[label = "Index: 15 
P0: -1 -1 -2 
P1: -3 -1 1 
P2: 0 0 0 
"]
16[label = "Index: 16 
P0: -1 -1 -2 
P1: -3 -1 2 
P2: 0 0 0 
", color = "purple"]
17[label = "Index: 17 
P2: 0 0 0 
", color = "fuchsia"]
18[label = "Index: 18 
P0: -1 -1 -2 
P1: -3 -1 -1 
", color = "orange"]
19[label = "Index: 19 
P0: -2 -1 -2 
P1: -3 -1 -1 
"]
20[label = "Index: 20 
P0: -3 -1 -2 
P1: -3 -1 -1 
"]
21[label = "Index: 21 
P0: -1 -1 -3 
P1: -3 -1 -1 
"]
22[label = "Index: 22 
P0: -1 -1 -4 
P1: -3 -1 -1 
"]
23[label = "Index: 23 
P0: -1 -1 -5 
P1: -3 -1 -1 
", color = "red"]
24[label = "Index: 24 
P0: -1 -1 -6 
P1: -3 -1 -1 
"]
25[label = "Index: 25 
P0: -1 -1 -7 
P1: -3 -1 -1 
"]
26[label = "Index: 26 
P0: -1 -1 -8 
P1: -3 -1 -1 
"]
27[label = "Index: 27 
P0: -2 -1 -3 
P1: -3 -1 -1 
"]
28[label = "Index: 28 
P0: -2 -1 -4 
P1: -3 -1 -1 
"]
29[label = "Index: 29 
P0: -3 -1 -3 
P1: -3 -1 -1 
"]
30[label = "Index: 30 
P0: -3 -1 -4 
P1: -3 -1 -1 
"]
31[label = "Index: 31 
P0: -3 -1 -1 
P1: -3 -1 -1 
"]
32[label = "Index: 32 
P1: -3 -1 -1 
", style="filled", fillcolor = "blue"]
33[label = "Index: 33 
P0: -1 -1 -5 
", color = "fuchsia"]
0 -> 1
0 -> 2

1 -> 0
1 -> 2
1 -> 3
1 -> 4

2 -> 0
2 -> 1
2 -> 5
2 -> 6
2 -> 7

3 -> 1
3 -> 5
3 -> 4

4 -> 1
4 -> 3
4 -> 6
4 -> 8

5 -> 2
5 -> 3
5 -> 7
5 -> 6
5 -> 9

6 -> 2
6 -> 4
6 -> 5
6 -> 9
6 -> 10
6 -> 11

7 -> 2
7 -> 5
7 -> 9
7 -> 10

8 -> 4
8 -> 11

9 -> 5
9 -> 6
9 -> 7
9 -> 10
9 -> 12

10 -> 6
10 -> 7
10 -> 9
10 -> 13

11 -> 6
11 -> 8
11 -> 12
11 -> 13

12 -> 9
12 -> 11
12 -> 13

13 -> 10
13 -> 11
13 -> 12
13 -> 14
13 -> 15
13 -> 16

14 -> 13
14 -> 15
14 -> 16
14 -> 17
14 -> 18

15 -> 13
15 -> 14
15 -> 16

16 -> 13
16 -> 14
16 -> 15

18 -> 19
18 -> 20
18 -> 21
18 -> 22
18 -> 23
18 -> 24
18 -> 25
18 -> 26

19 -> 18
19 -> 20
19 -> 27
19 -> 28

20 -> 18
20 -> 19
20 -> 29
20 -> 30
20 -> 31

21 -> 18
21 -> 27
21 -> 29
21 -> 22
21 -> 23
21 -> 24
21 -> 25
21 -> 26

22 -> 18
22 -> 21
22 -> 28
22 -> 30
22 -> 23
22 -> 24
22 -> 25
22 -> 26

23 -> 18
23 -> 21
23 -> 22
23 -> 32
23 -> 33

24 -> 18
24 -> 21
24 -> 22

25 -> 18
25 -> 21
25 -> 22

26 -> 18
26 -> 21
26 -> 22

27 -> 19
27 -> 21

28 -> 19
28 -> 22

29 -> 20
29 -> 21

30 -> 20
30 -> 22

31 -> 20

}
