digraph G {
color = "black"
0[label = "Index: 0 
P0: 0 0 0 
P1: 0 0 0 
P2: 0 0 0 
", style="filled", fillcolor = "green"]
1[label = "Index: 1 
P0: 0 -1 0 
P1: 0 0 0 
P2: 0 0 0 
", color = "orange"]
2[label = "Index: 2 
P0: 0 -2 0 
P1: 0 0 0 
P2: 0 0 0 
"]
3[label = "Index: 3 
P0: 0 -3 0 
P1: 0 0 0 
P2: 0 0 0 
"]
4[label = "Index: 4 
P0: 0 -1 0 
P1: 0 0 -1 
P2: 0 0 0 
", color = "orange"]
5[label = "Index: 5 
P0: 0 -1 0 
P1: -1 0 -1 
P2: 0 0 0 
", color = "orange"]
6[label = "Index: 6 
P0: 0 -1 0 
P1: -2 0 -1 
P2: 0 0 0 
"]
7[label = "Index: 7 
P0: 0 -2 0 
P1: -1 -1 -1 
P2: 0 0 0 
", style="filled", fillcolor = "red"]
8[label = "Index: 8 
P0: 0 0 0 
P1: -1 1 -1 
P2: 0 0 0 
"]
9[label = "Index: 9 
P0: 0 -2 0 
P1: -2 -1 -1 
P2: 0 0 0 
", color = "purple"]
10[label = "Index: 10 
P1: -1 -1 -1 
", color = "fuchsia"]
11[label = "Index: 11 
P0: 0 -2 0 
P2: 0 0 0 
", color = "red"]
12[label = "Index: 12 
P0: 0 -2 0 
", style="filled", fillcolor = "blue"]
13[label = "Index: 13 
P2: 0 0 0 
", color = "fuchsia"]
0 -> 1
0 -> 2
0 -> 3

1 -> 0
1 -> 2
1 -> 3
1 -> 4

2 -> 0
2 -> 1
2 -> 3

3 -> 0
3 -> 1
3 -> 2

4 -> 1
4 -> 5
4 -> 6

5 -> 4
5 -> 6
5 -> 7
5 -> 8

6 -> 4
6 -> 5
6 -> 9

7 -> 5
7 -> 8
7 -> 11
7 -> 10

8 -> 5
8 -> 7

9 -> 6

11 -> 13
11 -> 12

}
