graph G {
color = "black"
0 [label = "P1: 0 0 0 
P2: 0 0 0 
P3: 0 0 0 
P4: 0 0 0 
",  style="filled", fillcolor = "#96FF96"];
1 [label = "P1: 1 0 0 
P2: 0 0 0 
P3: 0 0 0 
P4: 0 0 0 
"];
2 [label = "P1: 2 0 0 
P2: 0 0 0 
P3: 0 0 0 
P4: 0 0 0 
"];
3 [label = "P1: 1 0 0 
P2: 0 0 -1 
P3: 0 0 0 
P4: 0 0 0 
"];
4 [label = "P1: 1 0 0 
P2: 0 0 -2 
P3: 0 0 0 
P4: 0 0 0 
"];
5 [label = "P1: 1 0 0 
P2: 0 0 -3 
P3: 0 0 0 
P4: 0 0 0 
"];
6 [label = "P1: 2 0 0 
P2: 0 0 -1 
P3: 0 0 0 
P4: 0 0 0 
"];
7 [label = "P1: 2 0 0 
P2: 0 0 -2 
P3: 0 0 0 
P4: 0 0 0 
"];
8 [label = "P1: 2 0 0 
P2: 0 0 -3 
P3: 0 0 0 
P4: 0 0 0 
"];
9 [label = "P1: 2 0 0 
P2: 0 0 -1 
P3: 0 0 -1 
P4: 0 0 0 
"];
10 [label = "P1: 2 0 0 
P2: 0 0 -2 
P3: 0 0 -2 
P4: 0 0 0 
"];
11 [label = "P1: 2 0 0 
P2: 0 0 -3 
P3: 0 0 -3 
P4: 0 0 0 
"];
12 [label = "P1: 2 0 0 
P2: 0 0 -2 
P3: 0 0 -1 
P4: 0 0 0 
"];
13 [label = "P1: 2 0 0 
P2: 0 0 -3 
P3: 0 0 -2 
P4: 0 0 0 
"];
14 [label = "P1: 2 0 0 
P2: 0 0 -3 
P3: 0 0 -1 
P4: 0 0 0 
"];
15 [label = "P1: 2 -1 0 
P2: 0 0 -2 
P3: 0 0 -2 
P4: 0 0 0 
",  style="filled", fillcolor = "#FF9696"];
16 [label = "P1: 2 -1 0 
P2: 0 0 -3 
P3: 0 0 -3 
P4: 0 0 0 
",  style="filled", fillcolor = "#FF9696"];
17 [label = "P1: 2 -1 0 
P2: 0 0 -3 
P3: 0 0 -2 
P4: 0 0 0 
",  style="filled", fillcolor = "#FF9696"];
edge [style=bold];
0 -- 1 [color=black];
0 -- 2 [color="#1E96FF", penwidth=4.0];

1 -- 2 [color=black];
1 -- 3 [color=black];
1 -- 4 [color=black];
1 -- 5 [color=black];

2 -- 6 [color=black];
2 -- 7 [color=black];
2 -- 8 [color=black];
2 -- 9 [color=black];
2 -- 10 [color="#1E96FF", penwidth=4.0];
2 -- 11 [color=black];

3 -- 6 [color=black];
3 -- 4 [color=black];
3 -- 5 [color=black];

4 -- 7 [color=black];
4 -- 5 [color=black];

5 -- 8 [color=black];

6 -- 7 [color=black];
6 -- 8 [color=black];
6 -- 9 [color=black];
6 -- 12 [color=black];
6 -- 13 [color=black];

7 -- 8 [color=black];
7 -- 12 [color=black];
7 -- 10 [color=black];
7 -- 14 [color=black];

8 -- 14 [color=black];
8 -- 13 [color=black];
8 -- 11 [color=black];

9 -- 12 [color=black];
9 -- 14 [color=black];
9 -- 10 [color=black];
9 -- 11 [color=black];

10 -- 15 [color="#1E96FF", penwidth=4.0];
10 -- 13 [color=black];
10 -- 12 [color=black];
10 -- 11 [color=black];

11 -- 16 [color=black];
11 -- 13 [color=black];
11 -- 14 [color=black];

12 -- 14 [color=black];
12 -- 13 [color=black];

13 -- 17 [color=black];
13 -- 14 [color=black];





}
