graph G {
color = "black"
0 [label = "P1: 0 0 0 
P2: 0 0 0 
P3: 0 0 0 
P4: 0 0 0 
",  style="filled", fillcolor = "#96FF96"];
1 [label = "P1: 1 0 0 
P2: 0 0 0 
P3: 0 0 0 
P4: 0 0 0 
"];
2 [label = "P1: 2 0 0 
P2: 0 0 0 
P3: 0 0 0 
P4: 0 0 0 
"];
3 [label = "P1: 1 0 0 
P2: 0 0 -1 
P3: 0 0 0 
P4: 0 0 0 
"];
4 [label = "P1: 1 0 0 
P2: 0 0 -2 
P3: 0 0 0 
P4: 0 0 0 
"];
5 [label = "P1: 1 0 0 
P2: 0 0 -3 
P3: 0 0 0 
P4: 0 0 0 
"];
6 [label = "P1: 2 0 0 
P2: 0 0 -1 
P3: 0 0 0 
P4: 0 0 0 
"];
7 [label = "P1: 2 0 0 
P2: 0 0 -2 
P3: 0 0 0 
P4: 0 0 0 
"];
8 [label = "P1: 2 0 0 
P2: 0 0 -3 
P3: 0 0 0 
P4: 0 0 0 
"];
9 [label = "P1: 2 0 0 
P2: 0 0 -1 
P3: 0 0 -1 
P4: 0 0 0 
"];
10 [label = "P1: 2 0 0 
P2: 0 0 -2 
P3: 0 0 -2 
P4: 0 0 0 
"];
11 [label = "P1: 2 0 0 
P2: 0 0 -3 
P3: 0 0 -3 
P4: 0 0 0 
"];
12 [label = "P1: 2 0 0 
P2: 0 0 -2 
P3: 0 0 -1 
P4: 0 0 0 
"];
13 [label = "P1: 2 0 0 
P2: 0 0 -3 
P3: 0 0 -2 
P4: 0 0 0 
"];
14 [label = "P1: 2 0 0 
P2: 0 0 -3 
P3: 0 0 -1 
P4: 0 0 0 
"];
15 [label = "P1: 2 -1 0 
P2: 0 0 -2 
P3: 0 0 -2 
P4: 0 0 0 
",  style="filled", fillcolor = "#FF9696"];
16 [label = "P1: 2 -1 0 
P2: 0 0 -3 
P3: 0 0 -3 
P4: 0 0 0 
",  style="filled", fillcolor = "#FF9696"];
17 [label = "P1: 2 -1 0 
P2: 0 0 -3 
P3: 0 0 -2 
P4: 0 0 0 
",  style="filled", fillcolor = "#FF9696"];
18 [label = "P1: 2 -1 0 
",  style="filled", fillcolor = "#FF96FF"];
19 [label = "P2: 0 0 -2 
P3: 0 0 -2 
P4: 0 0 0 
"];
20 [label = "P2: 0 0 -3 
P3: 0 0 -2 
P4: 0 0 0 
"];
21 [label = "P2: 0 0 -2 
P3: 0 0 -1 
P4: 0 0 0 
"];
22 [label = "P2: 0 0 -2 
P3: 0 0 0 
P4: 0 0 0 
"];
23 [label = "P2: 0 0 -3 
P3: 0 0 -3 
P4: 0 0 0 
"];
24 [label = "P2: 0 0 -1 
P3: 0 0 -1 
P4: 0 0 0 
"];
25 [label = "P2: 0 0 0 
P3: 0 0 0 
P4: 0 0 0 
"];
26 [label = "P2: 0 0 -3 
P3: 0 0 -1 
P4: 0 0 0 
"];
27 [label = "P2: 0 0 -3 
P3: 0 0 0 
P4: 0 0 0 
"];
28 [label = "P2: 0 0 -1 
P3: 0 0 0 
P4: 0 0 0 
"];
29 [label = "P2: 1 0 -3 
P3: 1 0 -3 
P4: 0 0 0 
"];
30 [label = "P2: 1 0 -3 
",  style="filled", fillcolor = "#FF96FF"];
31 [label = "P3: 1 0 -3 
P4: 0 0 0 
"];
32 [label = "P3: 1 0 -3 
", style="filled", fillcolor = "#9696FF"];
33 [label = "P4: 0 0 0 
",  style="filled", fillcolor = "#FF96FF"];
edge [style=bold];
0 -- 1 [color=black];
0 -- 2 [color="#1E96FF", penwidth=4.0];

1 -- 2 [color=black];
1 -- 3 [color=black];
1 -- 4 [color=black];
1 -- 5 [color=black];

2 -- 6 [color=black];
2 -- 7 [color=black];
2 -- 8 [color=black];
2 -- 9 [color=black];
2 -- 10 [color="#1E96FF", penwidth=4.0];
2 -- 11 [color=black];

3 -- 6 [color=black];
3 -- 4 [color=black];
3 -- 5 [color=black];

4 -- 7 [color=black];
4 -- 5 [color=black];

5 -- 8 [color=black];

6 -- 7 [color=black];
6 -- 8 [color=black];
6 -- 9 [color=black];
6 -- 12 [color=black];
6 -- 13 [color=black];

7 -- 8 [color=black];
7 -- 12 [color=black];
7 -- 10 [color=black];
7 -- 14 [color=black];

8 -- 14 [color=black];
8 -- 13 [color=black];
8 -- 11 [color=black];

9 -- 12 [color=black];
9 -- 14 [color=black];
9 -- 10 [color=black];
9 -- 11 [color=black];

10 -- 15 [color="#1E96FF", penwidth=4.0];
10 -- 13 [color=black];
10 -- 12 [color=black];
10 -- 11 [color=black];

11 -- 16 [color=black];
11 -- 13 [color=black];
11 -- 14 [color=black];

12 -- 14 [color=black];
12 -- 13 [color=black];

13 -- 17 [color=black];
13 -- 14 [color=black];


15 -- 19 [color=black];
15 -- 18 [color=black];



19 -- 20 [color=black];
19 -- 21 [color=black];
19 -- 22 [color=black];
19 -- 23 [color="#1E96FF", penwidth=4.0];
19 -- 24 [color=black];
19 -- 25 [color=black];

20 -- 23 [color=black];
20 -- 26 [color=black];
20 -- 27 [color=black];
20 -- 21 [color=black];
20 -- 28 [color=black];

21 -- 26 [color=black];
21 -- 24 [color=black];
21 -- 22 [color=black];
21 -- 28 [color=black];

22 -- 27 [color=black];
22 -- 28 [color=black];
22 -- 25 [color=black];
22 -- 26 [color=black];

23 -- 26 [color=black];
23 -- 27 [color=black];
23 -- 29 [color="#1E96FF", penwidth=4.0];
23 -- 24 [color=black];
23 -- 25 [color=black];

24 -- 26 [color=black];
24 -- 28 [color=black];
24 -- 25 [color=black];

25 -- 28 [color=black];
25 -- 27 [color=black];

26 -- 27 [color=black];

27 -- 28 [color=black];


29 -- 31 [color="#1E96FF", penwidth=4.0];
29 -- 30 [color=black];

31 -- 33 [color=black];
31 -- 32 [color="#1E96FF", penwidth=4.0];

}
