digraph G {
color = "black"
0[label = "Index: 0 
P0: 0 0 0 
P1: 0 0 0 
P2: 0 0 0 
P3: 0 0 0 
", style="filled", fillcolor = "green"]
1[label = "Index: 1 
P0: 1 0 0 
P1: 0 0 0 
P2: 0 0 0 
P3: 0 0 0 
"]
2[label = "Index: 2 
P0: 2 0 0 
P1: 0 0 0 
P2: 0 0 0 
P3: 0 0 0 
", color = "orange"]
3[label = "Index: 3 
P0: 2 0 -1 
P1: 0 0 0 
P2: 0 0 0 
P3: 0 0 0 
", color = "orange"]
4[label = "Index: 4 
P0: 2 0 -1 
P1: 0 -1 0 
P2: 0 0 0 
P3: 0 0 0 
", color = "orange"]
5[label = "Index: 5 
P0: 2 0 -1 
P1: 0 -1 0 
P2: 0 0 1 
P3: 0 0 0 
", color = "orange"]
6[label = "Index: 6 
P0: 2 0 -1 
P1: -1 -1 0 
P2: 0 0 1 
P3: 0 0 0 
", style="filled", fillcolor = "red"]
7[label = "Index: 7 
P0: 2 0 -1 
P1: 0 -1 0 
P2: 1 0 1 
P3: 0 0 0 
"]
8[label = "Index: 8 
P0: 2 0 -1 
P1: 0 0 0 
P2: 0 1 1 
P3: 0 0 0 
"]
9[label = "Index: 9 
P0: 2 0 -1 
P1: 0 0 0 
P2: 1 1 1 
P3: 0 0 0 
"]
10[label = "Index: 10 
P0: 2 0 -1 
P1: -1 0 0 
P2: 0 1 1 
P3: 0 0 0 
", color = "purple"]
11[label = "Index: 11 
P0: 2 0 0 
P1: 0 0 0 
P2: 0 1 2 
P3: 0 0 0 
", color = "purple"]
12[label = "Index: 12 
P0: 2 0 -1 
P1: -1 0 0 
P2: -1 1 1 
P3: 0 0 0 
", color = "purple"]
13[label = "Index: 13 
P0: 2 0 0 
P1: 0 0 0 
P2: 1 1 2 
P3: 0 0 0 
", color = "purple"]
14[label = "Index: 14 
P0: 2 0 -1 
P1: -2 0 0 
P2: -1 1 1 
P3: 0 0 0 
", color = "purple"]
15[label = "Index: 15 
P0: 2 0 0 
P1: -1 0 0 
P2: 0 1 2 
P3: 0 0 0 
"]
16[label = "Index: 16 
P0: 1 0 0 
P1: 0 0 0 
P2: 0 1 2 
P3: 0 0 0 
"]
17[label = "Index: 17 
P0: 2 0 -1 
P1: -1 0 1 
P2: -1 1 1 
P3: 0 0 0 
"]
18[label = "Index: 18 
P0: 2 0 0 
P1: -1 0 0 
P2: -1 1 2 
P3: 0 0 0 
"]
19[label = "Index: 19 
P0: 2 0 -1 
P1: -2 0 -1 
P2: -1 1 1 
P3: 0 0 0 
"]
20[label = "Index: 20 
P0: 2 0 0 
P1: -2 0 0 
P2: -1 1 2 
P3: 0 0 0 
"]
21[label = "Index: 21 
P0: 2 0 -1 
P3: 0 0 0 
", color = "orange"]
22[label = "Index: 22 
P0: 2 0 0 
P3: 0 0 0 
", color = "orange"]
23[label = "Index: 23 
P0: 1 0 0 
P3: 0 0 0 
"]
24[label = "Index: 24 
P0: 0 0 0 
P3: 0 0 0 
", color = "red"]
25[label = "Index: 25 
P0: 1 0 1 
P3: 0 0 0 
"]
26[label = "Index: 26 
P0: 0 0 0 
", style="filled", fillcolor = "blue"]
27[label = "Index: 27 
P3: 0 0 0 
", color = "fuchsia"]
28[label = "Index: 28 
P1: -1 -1 0 
P2: 0 0 1 
", color = "blue"]
29[label = "Index: 29 
P2: 0 0 1 
", color = "fuchsia"]
30[label = "Index: 30 
P1: -1 -1 0 
", color = "fuchsia"]
0 -> 1
0 -> 2

1 -> 0
1 -> 2

2 -> 0
2 -> 1
2 -> 3

3 -> 2
3 -> 4

4 -> 3
4 -> 5

5 -> 4
5 -> 6
5 -> 7
5 -> 8

6 -> 5
6 -> 7
6 -> 21
6 -> 28

7 -> 5
7 -> 6
7 -> 9

8 -> 5
8 -> 10
8 -> 9
8 -> 11
8 -> 12

9 -> 7
9 -> 8
9 -> 13
9 -> 10
9 -> 14

10 -> 8
10 -> 9
10 -> 12
10 -> 15

11 -> 8
11 -> 16

12 -> 8
12 -> 10
12 -> 14
12 -> 17
12 -> 18

13 -> 9

14 -> 9
14 -> 12
14 -> 19
14 -> 20

15 -> 10

16 -> 11

17 -> 12

18 -> 12

19 -> 14

20 -> 14

21 -> 22

22 -> 21
22 -> 23
22 -> 24

23 -> 22
23 -> 24
23 -> 25

24 -> 22
24 -> 23
24 -> 27
24 -> 26

25 -> 23

28 -> 29
28 -> 30

}
