digraph G {
color = "black"
0[label = "Index: 0 
P0: 0 0 0 
P1: 0 0 0 
P2: 0 0 0 
P3: 0 0 0 
", color = "green"]
1[label = "Index: 1 
P0: 0 0 1 
P1: 0 0 0 
P2: 0 0 0 
P3: 0 0 0 
", color = "orange"]
2[label = "Index: 2 
P0: 0 0 1 
P1: -1 0 0 
P2: 0 0 0 
P3: 0 0 0 
", color = "orange"]
3[label = "Index: 3 
P0: 0 0 1 
P1: -1 0 0 
P2: 0 -1 0 
P3: 0 0 0 
", color = "orange"]
4[label = "Index: 4 
P0: 1 0 1 
P1: 0 0 0 
P2: 1 -1 0 
P3: 0 0 0 
", color = "orange"]
5[label = "Index: 5 
P0: 1 0 2 
P1: 0 0 0 
P2: 1 -1 0 
P3: 0 0 0 
", color = "red"]
6[label = "Index: 6 
P1: 0 0 0 
P2: 1 -1 0 
P3: 0 0 0 
", color = "green"]
7[label = "Index: 7 
P1: -1 0 0 
P2: 0 -1 0 
P3: 0 0 0 
", color = "orange"]
8[label = "Index: 8 
P1: -1 0 0 
P2: 0 0 0 
P3: 0 0 0 
"]
9[label = "Index: 9 
P1: -1 1 0 
P2: 0 0 0 
P3: 0 0 0 
", color = "red"]
10[label = "Index: 10 
P1: 0 0 0 
P2: 0 0 0 
P3: 0 0 0 
"]
11[label = "Index: 11 
P2: 0 0 0 
P3: 0 0 0 
", color = "red"]
12[label = "Index: 12 
P3: 0 0 0 
", color = "blue"]
0 -> 1

1 -> 0
1 -> 2

2 -> 1
2 -> 3

3 -> 2
3 -> 4

4 -> 3
4 -> 5

5 -> 4
5 -> 6

6 -> 7

7 -> 6
7 -> 8
7 -> 9

8 -> 7
8 -> 10
8 -> 9

9 -> 7
9 -> 8
9 -> 11[style=bold label=" Remove P1 "];


10 -> 8

11 -> 12[style=bold label=" Remove P2 "];


}
