digraph G {
color = "black"
0[label = "Index: 0 
P0: 0 0 0 
P1: 0 0 0 
P2: 0 0 0 
", style="filled", fillcolor = "green"]
1[label = "Index: 1 
P0: 0 0 -1 
P1: 0 0 0 
P2: 0 0 0 
"]
2[label = "Index: 2 
P0: 0 0 -2 
P1: 0 0 0 
P2: 0 0 0 
", color = "orange"]
3[label = "Index: 3 
P0: 0 -1 -2 
P1: 0 0 0 
P2: 0 0 0 
", color = "orange"]
4[label = "Index: 4 
P0: 0 -1 -2 
P1: 1 0 0 
P2: 0 0 0 
", color = "orange"]
5[label = "Index: 5 
P0: 0 -1 -2 
P1: 1 0 1 
P2: 0 0 0 
", color = "orange"]
6[label = "Index: 6 
P0: 0 -1 -2 
P1: 2 0 1 
P2: 0 0 0 
", color = "orange"]
7[label = "Index: 7 
P0: 0 0 -2 
P1: 2 0 1 
P2: 0 0 0 
", color = "orange"]
8[label = "Index: 8 
P0: 0 -1 -2 
P1: 2 1 1 
P2: 0 0 0 
"]
9[label = "Index: 9 
P0: 0 0 -2 
P1: 2 1 1 
P2: 0 0 0 
"]
10[label = "Index: 10 
P0: -1 0 -2 
P1: 1 0 1 
P2: 0 0 0 
"]
11[label = "Index: 11 
P0: 0 1 -2 
P1: 2 1 1 
P2: 0 0 0 
", color = "orange"]
12[label = "Index: 12 
P0: 0 -1 -2 
P1: 3 1 1 
P2: 0 0 0 
"]
13[label = "Index: 13 
P0: 0 -1 -2 
P1: 2 1 0 
P2: 0 0 0 
"]
14[label = "Index: 14 
P0: 0 0 -1 
P1: 2 1 1 
P2: 0 0 0 
"]
15[label = "Index: 15 
P0: 0 0 0 
P1: 2 1 1 
P2: 0 0 0 
"]
16[label = "Index: 16 
P0: 0 0 -2 
P1: 2 1 0 
P2: 0 0 0 
"]
17[label = "Index: 17 
P0: 0 1 -3 
P1: 2 1 1 
P2: 0 0 0 
", style="filled", fillcolor = "red"]
18[label = "Index: 18 
P0: 1 1 -2 
P1: 3 1 1 
P2: 0 0 0 
"]
19[label = "Index: 19 
P0: 0 1 -3 
P1: 2 1 0 
P2: 0 0 0 
"]
20[label = "Index: 20 
P0: 0 -1 -2 
P1: 3 2 1 
P2: 0 0 0 
", color = "purple"]
21[label = "Index: 21 
P0: 0 -1 -2 
P1: 3 1 0 
P2: 0 0 0 
"]
22[label = "Index: 22 
P0: 0 -1 -2 
P1: 3 1 -1 
P2: 0 0 0 
", color = "purple"]
23[label = "Index: 23 
P0: 0 -1 -2 
P1: 3 1 2 
P2: 0 0 0 
"]
24[label = "Index: 24 
P0: 0 0 -2 
P1: 3 2 1 
P2: 0 0 0 
", color = "purple"]
25[label = "Index: 25 
P0: 0 0 -1 
P1: 2 1 0 
P2: 0 0 0 
"]
26[label = "Index: 26 
P0: 1 1 -2 
P1: 3 2 1 
P2: 0 0 0 
"]
27[label = "Index: 27 
P0: 1 1 -2 
P1: 3 1 2 
P2: 0 0 0 
"]
28[label = "Index: 28 
P0: 1 2 -2 
P1: 3 2 1 
P2: 0 0 0 
"]
29[label = "Index: 29 
P0: 0 0 -2 
P1: 3 1 2 
P2: 0 0 0 
", color = "purple"]
30[label = "Index: 30 
P0: 0 -1 -2 
P1: 3 0 2 
P2: 0 0 0 
"]
31[label = "Index: 31 
P0: 0 -1 -2 
P1: 3 2 2 
P2: 0 0 0 
", color = "purple"]
32[label = "Index: 32 
P0: 1 1 -2 
P1: 3 2 2 
P2: 0 0 0 
", color = "purple"]
33[label = "Index: 33 
P0: 1 2 -2 
P1: 3 1 2 
P2: 0 0 0 
", color = "purple"]
34[label = "Index: 34 
P0: 1 1 -2 
P1: 3 0 2 
P2: 0 0 0 
", color = "purple"]
35[label = "Index: 35 
P0: 1 1 -2 
P1: 3 -1 2 
P2: 0 0 0 
", color = "purple"]
36[label = "Index: 36 
P0: 1 1 -2 
P1: 3 -2 2 
P2: 0 0 0 
", color = "purple"]
37[label = "Index: 37 
P0: 1 2 -2 
P1: 3 2 2 
P2: 0 0 0 
"]
38[label = "Index: 38 
P0: 2 2 -2 
P1: 4 2 1 
P2: 0 0 0 
", color = "purple"]
39[label = "Index: 39 
P0: 1 2 -1 
P1: 3 2 2 
P2: 0 0 0 
"]
40[label = "Index: 40 
P0: 0 1 -2 
P1: 3 2 2 
P2: 0 0 0 
", color = "purple"]
41[label = "Index: 41 
P0: 0 0 -2 
P1: 3 2 2 
P2: 0 0 0 
"]
42[label = "Index: 42 
P0: 1 2 -2 
P1: 3 0 2 
P2: 0 0 0 
", color = "purple"]
43[label = "Index: 43 
P0: 1 2 -2 
P1: 3 -1 2 
P2: 0 0 0 
", color = "purple"]
44[label = "Index: 44 
P0: 1 2 -2 
P1: 3 -2 2 
P2: 0 0 0 
", color = "purple"]
45[label = "Index: 45 
P0: 0 2 -2 
P1: 2 2 2 
P2: 0 0 0 
", color = "purple"]
46[label = "Index: 46 
P0: 2 2 -2 
P1: 4 2 2 
P2: 0 0 0 
", color = "purple"]
47[label = "Index: 47 
P0: 0 1 -3 
", color = "fuchsia"]
48[label = "Index: 48 
P1: 2 1 1 
P2: 0 0 0 
", color = "orange"]
49[label = "Index: 49 
P1: 3 1 1 
P2: 0 0 0 
", color = "orange"]
50[label = "Index: 50 
P1: 2 0 1 
P2: 0 0 0 
"]
51[label = "Index: 51 
P1: 2 1 0 
P2: 0 0 0 
"]
52[label = "Index: 52 
P1: 3 2 1 
P2: 0 0 0 
", color = "red"]
53[label = "Index: 53 
P1: 3 1 0 
P2: 0 0 0 
"]
54[label = "Index: 54 
P1: 3 1 -1 
P2: 0 0 0 
"]
55[label = "Index: 55 
P1: 3 1 2 
P2: 0 0 0 
"]
56[label = "Index: 56 
P1: 1 0 1 
P2: 0 0 0 
"]
57[label = "Index: 57 
P1: 3 2 1 
", style="filled", fillcolor = "blue"]
58[label = "Index: 58 
P2: 0 0 0 
", color = "fuchsia"]
0 -> 1
0 -> 2

1 -> 0
1 -> 2

2 -> 0
2 -> 1
2 -> 3

3 -> 2
3 -> 4

4 -> 3
4 -> 5

5 -> 4
5 -> 6

6 -> 5
6 -> 7
6 -> 8
6 -> 9

7 -> 6
7 -> 9
7 -> 10
7 -> 11

8 -> 6
8 -> 9
8 -> 11
8 -> 12
8 -> 13

9 -> 6
9 -> 7
9 -> 8
9 -> 11
9 -> 14
9 -> 15
9 -> 16

10 -> 7

11 -> 7
11 -> 8
11 -> 9
11 -> 17
11 -> 18
11 -> 19

12 -> 8
12 -> 20
12 -> 21
12 -> 22
12 -> 23
12 -> 24

13 -> 8
13 -> 16
13 -> 21

14 -> 9
14 -> 15
14 -> 25
14 -> 16

15 -> 9
15 -> 14
15 -> 25

16 -> 9
16 -> 13
16 -> 14
16 -> 25

17 -> 11
17 -> 19
17 -> 48
17 -> 47

18 -> 11
18 -> 26
18 -> 27
18 -> 28

19 -> 11
19 -> 17

20 -> 12
20 -> 24

21 -> 12
21 -> 13
21 -> 22
21 -> 23

22 -> 12
22 -> 21
22 -> 23

23 -> 12
23 -> 21
23 -> 29
23 -> 30
23 -> 31
23 -> 22

24 -> 12
24 -> 20

25 -> 14
25 -> 15
25 -> 16

26 -> 18
26 -> 28
26 -> 32

27 -> 18
27 -> 33
27 -> 34
27 -> 35
27 -> 36
27 -> 32
27 -> 37

28 -> 18
28 -> 26
28 -> 37
28 -> 38
28 -> 39

29 -> 23
29 -> 30

30 -> 23
30 -> 31
30 -> 29
30 -> 40

31 -> 23
31 -> 30
31 -> 41
31 -> 40

32 -> 26
32 -> 27
32 -> 37

33 -> 27
33 -> 37

34 -> 27

35 -> 27

36 -> 27

37 -> 27
37 -> 28
37 -> 32
37 -> 39
37 -> 33
37 -> 42
37 -> 43
37 -> 44
37 -> 45
37 -> 46

38 -> 28

39 -> 28
39 -> 37

40 -> 30
40 -> 31

41 -> 31

42 -> 37

43 -> 37

44 -> 37

45 -> 37

46 -> 37

48 -> 49
48 -> 50
48 -> 51

49 -> 48
49 -> 52
49 -> 53
49 -> 54
49 -> 55

50 -> 48
50 -> 56

51 -> 48
51 -> 53

52 -> 49
52 -> 58
52 -> 57

53 -> 49
53 -> 51

54 -> 49

55 -> 49

56 -> 50

}
