graph G {
color = "black"
0 [label = "P1: 0 0 0 
P2: 0 0 0 
P3: 0 0 0 
P4: 0 0 0 
",  style="filled", fillcolor = "#96FF96"];
1 [label = "P1: 0 1 0 
P2: 0 0 0 
P3: 0 0 0 
P4: 0 0 0 
"];
2 [label = "P1: 0 1 0 
P2: 1 0 0 
P3: 0 0 0 
P4: 0 0 0 
"];
3 [label = "P1: 0 1 0 
P2: 1 0 0 
P3: 0 0 1 
P4: 0 0 0 
"];
4 [label = "P1: 0 2 0 
P2: 1 0 0 
P3: 0 0 1 
P4: 0 0 0 
"];
5 [label = "P1: 1 2 0 
P2: 1 0 0 
P3: 0 0 1 
P4: 0 0 0 
",  style="filled", fillcolor = "#FF9696"];
6 [label = "P1: 2 2 0 
P2: 1 0 0 
P3: 0 0 1 
P4: 0 0 0 
",  style="filled", fillcolor = "#FF9696"];
7 [label = "P1: 1 2 0 
P2: 2 0 0 
P3: 0 0 1 
P4: 0 0 0 
",  style="filled", fillcolor = "#FF9696"];
8 [label = "P1: 2 2 0 
P2: 3 0 0 
P3: 0 0 1 
P4: 0 0 0 
",  style="filled", fillcolor = "#FF9696"];
9 [label = "P1: 1 2 0 
P2: 2 0 0 
P3: 1 0 1 
P4: 0 0 0 
",  style="filled", fillcolor = "#FF9696"];
10 [label = "P1: 2 2 0 
P2: 2 0 0 
P3: 0 0 1 
P4: 0 0 0 
"];
11 [label = "P1: 2 2 0 
P2: 2 0 0 
P3: 1 0 1 
P4: 0 0 0 
"];
12 [label = "P1: 1 2 0 
",  style="filled", fillcolor = "#FF96FF"];
13 [label = "P2: 1 0 0 
P3: 0 0 1 
P4: 0 0 0 
"];
14 [label = "P2: 1 0 0 
",  style="filled", fillcolor = "#FF96FF"];
15 [label = "P3: 0 0 1 
P4: 0 0 0 
"];
16 [label = "P3: 1 0 1 
P4: 0 0 0 
"];
17 [label = "P3: 0 0 0 
P4: 0 0 0 
"];
18 [label = "P3: 0 0 2 
P4: 0 0 0 
"];
19 [label = "P3: -1 0 2 
P4: 0 0 0 
"];
20 [label = "P3: -1 0 2 
", style="filled", fillcolor = "#9696FF"];
21 [label = "P4: 0 0 0 
",  style="filled", fillcolor = "#FF96FF"];
edge [style=bold];
0 -- 1 [color="#1E96FF", penwidth=4.0];

1 -- 2 [color="#1E96FF", penwidth=4.0];

2 -- 3 [color="#1E96FF", penwidth=4.0];

3 -- 4 [color="#1E96FF", penwidth=4.0];

4 -- 5 [color="#1E96FF", penwidth=4.0];
4 -- 6 [color=black];
4 -- 7 [color=black];
4 -- 8 [color=black];
4 -- 9 [color=black];

5 -- 13 [color="#1E96FF", penwidth=4.0];
5 -- 12 [color=black];


7 -- 10 [color=black];


9 -- 11 [color=black];



13 -- 15 [color="#1E96FF", penwidth=4.0];
13 -- 14 [color=black];

15 -- 16 [color=black];
15 -- 17 [color=black];
15 -- 18 [color="#1E96FF", penwidth=4.0];


17 -- 18 [color=black];

18 -- 19 [color="#1E96FF", penwidth=4.0];

19 -- 21 [color=black];
19 -- 20 [color="#1E96FF", penwidth=4.0];

}
