digraph G {
color = "black"
0[label = "Index: 0 
P0: 0 0 0 
P1: 0 0 0 
P2: 0 0 0 
", style="filled", fillcolor = "green"]
1[label = "Index: 1 
P0: 1 0 0 
P1: 0 0 0 
P2: 0 0 0 
"]
2[label = "Index: 2 
P0: 2 0 0 
P1: 0 0 0 
P2: 0 0 0 
"]
3[label = "Index: 3 
P0: 3 0 0 
P1: 0 0 0 
P2: 0 0 0 
", style="filled", fillcolor = "red"]
4[label = "Index: 4 
P0: 2 1 0 
P1: 0 1 0 
P2: 0 0 0 
"]
5[label = "Index: 5 
P0: 3 1 0 
P1: 0 0 0 
P2: 0 0 0 
"]
6[label = "Index: 6 
P0: 3 1 0 
P1: 0 1 0 
P2: 0 0 0 
", color = "purple"]
7[label = "Index: 7 
P0: 3 2 0 
P1: 0 1 0 
P2: 0 0 0 
"]
8[label = "Index: 8 
P2: 0 0 0 
", color = "fuchsia"]
9[label = "Index: 9 
P0: 3 0 0 
P1: 0 0 0 
", color = "orange"]
10[label = "Index: 10 
P0: 2 0 0 
P1: 0 0 0 
"]
11[label = "Index: 11 
P0: 1 0 0 
P1: 0 0 0 
"]
12[label = "Index: 12 
P0: 0 0 0 
P1: 0 0 0 
"]
13[label = "Index: 13 
P0: 4 0 0 
P1: 0 0 0 
", color = "orange"]
14[label = "Index: 14 
P0: 5 0 0 
P1: 0 0 0 
"]
15[label = "Index: 15 
P0: 6 0 0 
P1: 0 0 0 
"]
16[label = "Index: 16 
P0: 3 1 0 
P1: 0 0 0 
"]
17[label = "Index: 17 
P0: 4 1 0 
P1: 0 0 0 
"]
18[label = "Index: 18 
P0: 4 0 -1 
P1: 0 0 0 
", color = "red"]
19[label = "Index: 19 
P0: 5 1 0 
P1: 0 0 0 
"]
20[label = "Index: 20 
P0: 5 2 0 
P1: 0 0 0 
"]
21[label = "Index: 21 
P0: 5 0 -1 
P1: 0 0 0 
"]
22[label = "Index: 22 
P0: 6 1 0 
P1: 0 0 0 
"]
23[label = "Index: 23 
P0: 6 2 0 
P1: 0 0 0 
"]
24[label = "Index: 24 
P0: 6 3 0 
P1: 0 0 0 
"]
25[label = "Index: 25 
P0: 6 0 -1 
P1: 0 0 0 
"]
26[label = "Index: 26 
P1: 0 0 0 
", style="filled", fillcolor = "blue"]
27[label = "Index: 27 
P0: 4 0 -1 
", color = "fuchsia"]
0 -> 1
0 -> 2
0 -> 3

1 -> 0
1 -> 2
1 -> 3

2 -> 0
2 -> 1
2 -> 3
2 -> 4

3 -> 0
3 -> 1
3 -> 2
3 -> 5
3 -> 8
3 -> 9

4 -> 2
4 -> 6

5 -> 3
5 -> 6

6 -> 4
6 -> 7
6 -> 5

7 -> 6

9 -> 10
9 -> 11
9 -> 12
9 -> 13
9 -> 14
9 -> 15
9 -> 16

10 -> 9
10 -> 11
10 -> 12
10 -> 13
10 -> 14
10 -> 15

11 -> 9
11 -> 10
11 -> 12
11 -> 13
11 -> 14
11 -> 15

12 -> 9
12 -> 10
12 -> 11
12 -> 13
12 -> 14
12 -> 15

13 -> 9
13 -> 10
13 -> 11
13 -> 12
13 -> 14
13 -> 15
13 -> 17
13 -> 18

14 -> 9
14 -> 10
14 -> 11
14 -> 12
14 -> 13
14 -> 15
14 -> 19
14 -> 20
14 -> 21

15 -> 9
15 -> 10
15 -> 11
15 -> 12
15 -> 13
15 -> 14
15 -> 22
15 -> 23
15 -> 24
15 -> 25

16 -> 9
16 -> 17
16 -> 19
16 -> 22

17 -> 13
17 -> 16
17 -> 19
17 -> 22

18 -> 13
18 -> 26
18 -> 27

19 -> 14
19 -> 16
19 -> 17

20 -> 14

21 -> 14

22 -> 15
22 -> 16
22 -> 17

23 -> 15

24 -> 15

25 -> 15

}
