digraph G {
color = "black"
0[label = "Index: 0 
P0: 0 0 0 
P1: 0 0 0 
P2: 0 0 0 
P3: 0 0 0 
P4: 0 0 0 
", style="filled", fillcolor = "green"]
1[label = "Index: 1 
P0: 0 -1 0 
P1: 0 0 0 
P2: 0 0 0 
P3: 0 0 0 
P4: 0 0 0 
", color = "orange"]
2[label = "Index: 2 
P0: 0 -1 0 
P1: 1 0 0 
P2: 0 0 0 
P3: 0 0 0 
P4: 0 0 0 
"]
3[label = "Index: 3 
P0: 0 -1 0 
P1: 2 0 0 
P2: 0 0 0 
P3: 0 0 0 
P4: 0 0 0 
", color = "orange"]
4[label = "Index: 4 
P0: 0 -1 0 
P1: 2 0 0 
P2: 0 -1 0 
P3: 0 0 0 
P4: 0 0 0 
", color = "orange"]
5[label = "Index: 5 
P0: 0 -1 0 
P1: 2 0 0 
P2: 0 -1 1 
P3: 0 0 0 
P4: 0 0 0 
"]
6[label = "Index: 6 
P0: 0 -1 0 
P1: 2 0 0 
P2: 0 -1 1 
P3: 0 0 1 
P4: 0 0 0 
", color = "orange"]
7[label = "Index: 7 
P0: 0 -1 1 
P1: 2 0 1 
P2: 0 -1 1 
P3: 0 0 1 
P4: 0 0 0 
"]
8[label = "Index: 8 
P0: 0 -1 0 
P1: 2 0 0 
P2: 0 -1 1 
P3: 1 0 1 
P4: 0 0 0 
", color = "orange"]
9[label = "Index: 9 
P0: 0 -1 0 
P1: 2 0 0 
P2: 0 -1 1 
P3: 1 1 1 
P4: 0 0 0 
", style="filled", fillcolor = "red"]
10[label = "Index: 10 
P0: 0 -1 0 
P1: 2 1 0 
P2: 0 -1 1 
P3: 1 1 1 
P4: 0 0 0 
", color = "purple"]
11[label = "Index: 11 
P3: 1 1 1 
", color = "fuchsia"]
12[label = "Index: 12 
P0: 0 -1 0 
P1: 2 0 0 
P2: 0 -1 1 
P4: 0 0 0 
", color = "red"]
13[label = "Index: 13 
P1: 2 0 0 
", color = "fuchsia"]
14[label = "Index: 14 
P0: 0 -1 0 
P2: 0 -1 1 
P4: 0 0 0 
", color = "orange"]
15[label = "Index: 15 
P0: 0 -1 1 
P2: 0 -1 1 
P4: 0 0 0 
"]
16[label = "Index: 16 
P0: 0 -1 2 
P2: 0 -1 1 
P4: 0 0 0 
", color = "red"]
17[label = "Index: 17 
P0: 0 -1 0 
P2: 1 -1 1 
P4: 0 0 0 
"]
18[label = "Index: 18 
P0: 0 -1 0 
P2: 0 -1 0 
P4: 0 0 0 
"]
19[label = "Index: 19 
P0: 0 -1 0 
P2: 0 -1 -1 
P4: 0 0 0 
"]
20[label = "Index: 20 
P0: 0 -1 1 
P2: 1 -1 1 
P4: 0 0 0 
"]
21[label = "Index: 21 
P0: 0 -1 1 
P2: 0 -1 0 
P4: 0 0 0 
"]
22[label = "Index: 22 
P0: 0 -1 2 
", color = "fuchsia"]
23[label = "Index: 23 
P2: 0 -1 1 
P4: 0 0 0 
", color = "red"]
24[label = "Index: 24 
P2: 0 -1 1 
", style="filled", fillcolor = "blue"]
25[label = "Index: 25 
P4: 0 0 0 
", color = "fuchsia"]
0 -> 1

1 -> 0
1 -> 2
1 -> 3

2 -> 1
2 -> 3

3 -> 1
3 -> 2
3 -> 4

4 -> 3
4 -> 5
4 -> 6
4 -> 7

5 -> 4
5 -> 6
5 -> 7

6 -> 4
6 -> 5
6 -> 7
6 -> 8

7 -> 4
7 -> 5
7 -> 6

8 -> 6
8 -> 9
8 -> 10

9 -> 8
9 -> 10
9 -> 12
9 -> 11

10 -> 8
10 -> 9

12 -> 14
12 -> 13

14 -> 15
14 -> 16
14 -> 17
14 -> 18
14 -> 19

15 -> 14
15 -> 16
15 -> 20
15 -> 21
15 -> 18

16 -> 14
16 -> 15
16 -> 23
16 -> 22

17 -> 14

18 -> 14
18 -> 15

19 -> 14

20 -> 15

21 -> 15

23 -> 25
23 -> 24

}
