digraph G {
color = "black"
0[label = "Index: 0 
P0: 0 0 0 
P1: 0 0 0 
P2: 0 0 0 
P3: 0 0 0 
", color = "green"]
1[label = "Index: 1 
P0: 0 -1 0 
P1: 0 0 0 
P2: 0 0 0 
P3: 0 0 0 
", color = "orange"]
2[label = "Index: 2 
P0: 0 -1 0 
P1: 0 0 1 
P2: 0 0 0 
P3: 0 0 0 
", color = "red"]
3[label = "Index: 3 
P0: 0 -1 0 
P1: 0 0 1 
P2: 0 -1 0 
P3: 0 0 0 
"]
4[label = "Index: 4 
P1: 0 0 1 
P3: 0 0 0 
", color = "red"]
5[label = "Index: 5 
P3: 0 0 0 
", color = "blue"]
0 -> 1

1 -> 0
1 -> 2

2 -> 1
2 -> 3
2 -> 4[style=bold label=" Remove P0 P2 "];


3 -> 2

4 -> 5[style=bold label=" Remove P1 "];


}
