digraph G {
color = "black"
0[label = "Index: 0 
P0: 0 0 0 
P1: 0 0 0 
P2: 0 0 0 
P3: 0 0 0 
P4: 0 0 0 
P5: 0 0 0 
", style="filled", fillcolor = "green"]
1[label = "Index: 1 
P0: 0 0 1 
P1: 0 0 0 
P2: 0 0 0 
P3: 0 0 0 
P4: 0 0 0 
P5: 0 0 0 
", color = "orange"]
2[label = "Index: 2 
P0: 0 0 1 
P1: 0 1 0 
P2: 0 0 0 
P3: 0 0 0 
P4: 0 0 0 
P5: 0 0 0 
", color = "orange"]
3[label = "Index: 3 
P0: 0 0 1 
P1: 0 1 0 
P2: 0 0 1 
P3: 0 0 0 
P4: 0 0 0 
P5: 0 0 0 
"]
4[label = "Index: 4 
P0: 0 0 1 
P1: 0 1 0 
P2: 0 0 1 
P3: 0 0 1 
P4: 0 0 0 
P5: 0 0 0 
", color = "orange"]
5[label = "Index: 5 
P0: 0 0 1 
P1: 0 1 0 
P2: -1 0 1 
P3: -1 0 1 
P4: 0 0 0 
P5: 0 0 0 
", color = "orange"]
6[label = "Index: 6 
P0: 0 0 1 
P1: 0 1 0 
P2: -1 0 2 
P3: -1 0 1 
P4: 0 0 0 
P5: 0 0 0 
", color = "orange"]
7[label = "Index: 7 
P0: 0 0 1 
P1: 0 1 0 
P2: -1 0 2 
P3: -1 0 2 
P4: 0 0 0 
P5: 0 0 0 
"]
8[label = "Index: 8 
P0: 0 0 1 
P1: 0 0 0 
P2: -1 0 2 
P3: -1 0 1 
P4: 0 0 0 
P5: 0 0 0 
", color = "orange"]
9[label = "Index: 9 
P0: 0 0 1 
P1: 0 1 0 
P2: -1 0 2 
P3: -2 0 1 
P4: 0 0 0 
P5: 0 0 0 
"]
10[label = "Index: 10 
P0: 0 0 1 
P1: 0 0 0 
P2: -1 0 2 
P3: -1 0 2 
P4: 0 0 0 
P5: 0 0 0 
"]
11[label = "Index: 11 
P0: 0 0 1 
P1: 0 0 0 
P2: -1 0 2 
P3: -2 0 1 
P4: 0 0 0 
P5: 0 0 0 
"]
12[label = "Index: 12 
P0: 0 0 1 
P1: 0 0 0 
P2: -1 0 2 
P3: -1 0 2 
P4: 0 0 1 
P5: 0 0 0 
"]
13[label = "Index: 13 
P0: 0 0 2 
P1: 0 0 0 
P2: -1 0 2 
P3: -1 0 2 
P4: 0 0 1 
P5: 0 0 0 
"]
14[label = "Index: 14 
P0: 0 0 2 
P1: 0 0 0 
P2: -1 0 3 
P3: -1 0 2 
P4: 0 0 1 
P5: 0 0 0 
", color = "orange"]
15[label = "Index: 15 
P0: 0 0 2 
P1: 0 0 0 
P2: -1 0 3 
P3: -1 0 3 
P4: 0 0 1 
P5: 0 0 0 
"]
16[label = "Index: 16 
P0: 0 0 2 
P1: 0 0 0 
P2: -1 0 3 
P3: -2 0 2 
P4: 0 0 1 
P5: 0 0 0 
"]
17[label = "Index: 17 
P0: 0 0 2 
P1: 0 0 0 
P2: 0 0 2 
P3: 0 0 2 
P4: 0 0 1 
P5: 0 0 0 
"]
18[label = "Index: 18 
P0: 0 1 2 
P1: 0 0 0 
P2: -1 1 2 
P3: -1 1 2 
P4: 0 1 1 
P5: 0 0 0 
"]
19[label = "Index: 19 
P0: 0 1 2 
P1: 0 1 0 
P2: -1 1 2 
P3: -1 1 2 
P4: 0 1 1 
P5: 0 0 0 
"]
20[label = "Index: 20 
P0: 0 2 2 
P1: 0 2 0 
P2: -1 2 2 
P3: -1 2 2 
P4: 0 2 1 
P5: 0 0 0 
"]
21[label = "Index: 21 
P0: 0 1 2 
P1: 0 0 0 
P2: -1 1 3 
P3: -1 1 2 
P4: 0 1 1 
P5: 0 0 0 
", color = "orange"]
22[label = "Index: 22 
P0: 0 1 2 
P1: 0 1 0 
P2: -1 1 3 
P3: -1 1 2 
P4: 0 1 1 
P5: 0 0 0 
"]
23[label = "Index: 23 
P0: 0 2 2 
P1: 0 2 0 
P2: -1 2 3 
P3: -1 2 2 
P4: 0 2 1 
P5: 0 0 0 
"]
24[label = "Index: 24 
P0: 0 1 2 
P1: 0 0 0 
P2: -1 1 3 
P3: -1 1 3 
P4: 0 1 1 
P5: 0 0 0 
"]
25[label = "Index: 25 
P0: 0 1 2 
P1: 0 1 0 
P2: -1 1 3 
P3: -1 1 3 
P4: 0 1 1 
P5: 0 0 0 
"]
26[label = "Index: 26 
P0: 0 2 2 
P1: 0 2 0 
P2: -1 2 3 
P3: -1 2 3 
P4: 0 2 1 
P5: 0 0 0 
"]
27[label = "Index: 27 
P0: 0 1 2 
P1: 0 0 0 
P2: -1 1 3 
P3: -2 1 2 
P4: 0 1 1 
P5: 0 0 0 
"]
28[label = "Index: 28 
P0: 0 1 2 
P1: 0 1 0 
P2: -1 1 3 
P3: -2 1 2 
P4: 0 1 1 
P5: 0 0 0 
"]
29[label = "Index: 29 
P0: 0 2 2 
P1: 0 2 0 
P2: -1 2 3 
P3: -2 2 2 
P4: 0 2 1 
P5: 0 0 0 
"]
30[label = "Index: 30 
P0: 0 0 2 
P1: 0 0 0 
P2: 0 0 2 
P3: 0 0 1 
P4: 0 0 1 
P5: 0 0 0 
"]
31[label = "Index: 31 
P0: 0 1 2 
P1: 0 1 0 
P2: 0 1 2 
P3: 0 1 2 
P4: 0 1 1 
P5: 0 0 0 
"]
32[label = "Index: 32 
P0: 0 2 2 
P1: 0 2 0 
P2: 0 2 2 
P3: 0 2 2 
P4: 0 2 1 
P5: 0 0 0 
"]
33[label = "Index: 33 
P0: 0 2 2 
P1: 0 1 0 
P2: -1 2 2 
P3: -1 2 2 
P4: 0 2 1 
P5: 0 0 0 
"]
34[label = "Index: 34 
P0: 0 3 2 
P1: 0 2 0 
P2: -1 3 2 
P3: -1 3 2 
P4: 0 3 1 
P5: 0 0 0 
"]
35[label = "Index: 35 
P0: 0 2 2 
P1: 0 1 0 
P2: -1 2 3 
P3: -1 2 2 
P4: 0 2 1 
P5: 0 0 0 
"]
36[label = "Index: 36 
P0: 0 3 2 
P1: 0 2 0 
P2: -1 3 3 
P3: -1 3 2 
P4: 0 3 1 
P5: 0 0 0 
", color = "orange"]
37[label = "Index: 37 
P0: 0 2 2 
P1: 0 1 0 
P2: -1 2 3 
P3: -1 2 3 
P4: 0 2 1 
P5: 0 0 0 
"]
38[label = "Index: 38 
P0: 0 3 2 
P1: 0 2 0 
P2: -1 3 3 
P3: -1 3 3 
P4: 0 3 1 
P5: 0 0 0 
"]
39[label = "Index: 39 
P0: 0 2 2 
P1: 0 1 0 
P2: -1 2 3 
P3: -2 2 2 
P4: 0 2 1 
P5: 0 0 0 
"]
40[label = "Index: 40 
P0: 0 3 2 
P1: 0 2 0 
P2: -1 3 3 
P3: -2 3 2 
P4: 0 3 1 
P5: 0 0 0 
"]
41[label = "Index: 41 
P0: 0 1 2 
P1: 0 1 0 
P2: 0 1 2 
P3: 0 1 1 
P4: 0 1 1 
P5: 0 0 0 
"]
42[label = "Index: 42 
P0: 0 2 2 
P1: 0 2 0 
P2: 0 2 2 
P3: 0 2 1 
P4: 0 2 1 
P5: 0 0 0 
"]
43[label = "Index: 43 
P0: 0 3 1 
P1: 0 2 0 
P2: -1 3 2 
P3: -1 3 2 
P4: 0 3 1 
P5: 0 0 0 
"]
44[label = "Index: 44 
P0: 1 3 2 
P1: 0 2 0 
P2: 0 3 3 
P3: -1 3 2 
P4: 0 3 1 
P5: 0 0 0 
", style="filled", fillcolor = "red"]
45[label = "Index: 45 
P0: 1 3 2 
P1: 0 2 0 
P2: 0 3 3 
P3: -1 3 2 
P4: 1 3 1 
P5: 0 0 0 
", color = "purple"]
46[label = "Index: 46 
P0: 1 3 2 
P1: 0 2 0 
P2: 0 3 3 
P3: 0 3 3 
P4: 0 3 1 
P5: 0 0 0 
", color = "purple"]
47[label = "Index: 47 
P0: 1 3 2 
P1: 0 2 0 
P2: 0 3 3 
P3: 0 3 3 
P4: 1 3 1 
P5: 0 0 0 
", color = "purple"]
48[label = "Index: 48 
P0: 1 3 2 
P1: 0 2 0 
P2: 0 3 3 
P3: -2 3 2 
P4: 0 3 1 
P5: 0 0 0 
", color = "purple"]
49[label = "Index: 49 
P0: 1 3 2 
", color = "fuchsia"]
50[label = "Index: 50 
P1: 0 2 0 
P2: 0 3 3 
P3: -1 3 2 
P4: 0 3 1 
P5: 0 0 0 
", color = "red"]
51[label = "Index: 51 
P2: 0 3 3 
", color = "fuchsia"]
52[label = "Index: 52 
P1: 0 2 0 
P3: -1 3 2 
P4: 0 3 1 
P5: 0 0 0 
", color = "red"]
53[label = "Index: 53 
P3: -1 3 2 
", color = "fuchsia"]
54[label = "Index: 54 
P1: 0 2 0 
P4: 0 3 1 
P5: 0 0 0 
", color = "orange"]
55[label = "Index: 55 
P1: 0 2 0 
P4: 1 3 1 
P5: 0 0 0 
", color = "red"]
56[label = "Index: 56 
P1: 0 2 0 
P4: 2 3 1 
P5: 0 0 0 
"]
57[label = "Index: 57 
P1: 0 2 0 
P4: 0 2 1 
P5: 0 0 0 
"]
58[label = "Index: 58 
P1: 0 1 0 
P4: 0 2 1 
P5: 0 0 0 
"]
59[label = "Index: 59 
P1: 0 0 0 
P4: 0 1 1 
P5: 0 0 0 
"]
60[label = "Index: 60 
P1: 0 2 0 
", color = "fuchsia"]
61[label = "Index: 61 
P4: 1 3 1 
P5: 0 0 0 
", color = "red"]
62[label = "Index: 62 
P4: 1 3 1 
", style="filled", fillcolor = "blue"]
63[label = "Index: 63 
P5: 0 0 0 
", color = "fuchsia"]
0 -> 1

1 -> 0
1 -> 2

2 -> 1
2 -> 3
2 -> 4

3 -> 2
3 -> 4

4 -> 2
4 -> 3
4 -> 5

5 -> 4
5 -> 6
5 -> 7

6 -> 5
6 -> 8
6 -> 9
6 -> 7

7 -> 5
7 -> 6
7 -> 10

8 -> 6
8 -> 11
8 -> 10
8 -> 12
8 -> 13
8 -> 14

9 -> 6
9 -> 11

10 -> 7
10 -> 8
10 -> 12
10 -> 13
10 -> 14
10 -> 15

11 -> 8
11 -> 9
11 -> 16

12 -> 8
12 -> 10
12 -> 13
12 -> 14
12 -> 15

13 -> 8
13 -> 10
13 -> 12
13 -> 14
13 -> 17
13 -> 15
13 -> 18
13 -> 19
13 -> 20

14 -> 8
14 -> 10
14 -> 12
14 -> 13
14 -> 16
14 -> 15
14 -> 21
14 -> 22
14 -> 23

15 -> 10
15 -> 12
15 -> 13
15 -> 14
15 -> 24
15 -> 25
15 -> 26

16 -> 11
16 -> 14
16 -> 27
16 -> 28
16 -> 29

17 -> 13
17 -> 30
17 -> 31
17 -> 32

18 -> 13
18 -> 19
18 -> 21
18 -> 24
18 -> 33
18 -> 34

19 -> 13
19 -> 18
19 -> 22
19 -> 31
19 -> 25
19 -> 33
19 -> 20

20 -> 13
20 -> 19
20 -> 33
20 -> 23
20 -> 32
20 -> 26
20 -> 34

21 -> 14
21 -> 18
21 -> 22
21 -> 27
21 -> 24
21 -> 35
21 -> 36

22 -> 14
22 -> 19
22 -> 21
22 -> 28
22 -> 25
22 -> 35
22 -> 23

23 -> 14
23 -> 20
23 -> 22
23 -> 35
23 -> 29
23 -> 26
23 -> 36

24 -> 15
24 -> 18
24 -> 21
24 -> 25
24 -> 37
24 -> 38

25 -> 15
25 -> 19
25 -> 22
25 -> 24
25 -> 37
25 -> 26

26 -> 15
26 -> 20
26 -> 23
26 -> 25
26 -> 37
26 -> 38

27 -> 16
27 -> 21
27 -> 28
27 -> 39
27 -> 40

28 -> 16
28 -> 22
28 -> 27
28 -> 39
28 -> 29

29 -> 16
29 -> 23
29 -> 28
29 -> 39
29 -> 40

30 -> 17
30 -> 41
30 -> 42

31 -> 17
31 -> 19
31 -> 41
31 -> 32

32 -> 17
32 -> 20
32 -> 31
32 -> 42

33 -> 18
33 -> 19
33 -> 20
33 -> 35
33 -> 37
33 -> 34

34 -> 18
34 -> 20
34 -> 33
34 -> 43
34 -> 36
34 -> 38

35 -> 21
35 -> 22
35 -> 23
35 -> 33
35 -> 39
35 -> 37
35 -> 36

36 -> 21
36 -> 23
36 -> 34
36 -> 35
36 -> 44
36 -> 43
36 -> 40
36 -> 38
36 -> 45

37 -> 24
37 -> 25
37 -> 26
37 -> 33
37 -> 35
37 -> 38

38 -> 24
38 -> 26
38 -> 34
38 -> 36
38 -> 37
38 -> 46
38 -> 43
38 -> 47

39 -> 27
39 -> 28
39 -> 29
39 -> 35
39 -> 40

40 -> 27
40 -> 29
40 -> 36
40 -> 39
40 -> 48
40 -> 44
40 -> 45

41 -> 30
41 -> 31
41 -> 42

42 -> 30
42 -> 32
42 -> 41

43 -> 34
43 -> 36
43 -> 38

44 -> 36
44 -> 40
44 -> 50
44 -> 49

45 -> 36
45 -> 40

46 -> 38

47 -> 38

48 -> 40

50 -> 52
50 -> 51

