digraph G {
color = "black"
0[label = "Index: 0 
P0: 0 0 0 
P1: 0 0 0 
P2: 0 0 0 
P3: 0 0 0 
P4: 0 0 0 
", style="filled", fillcolor = "green"]
1[label = "Index: 1 
P0: 0 0 -1 
P1: 0 0 0 
P2: 0 0 0 
P3: 0 0 0 
P4: 0 0 0 
", color = "orange"]
2[label = "Index: 2 
P0: 0 0 -1 
P1: 0 -1 0 
P2: 0 0 0 
P3: 0 0 0 
P4: 0 0 0 
", color = "orange"]
3[label = "Index: 3 
P0: 0 0 -1 
P1: 0 -1 0 
P2: 1 0 0 
P3: 0 0 0 
P4: 0 0 0 
", color = "orange"]
4[label = "Index: 4 
P0: 0 0 -1 
P1: 0 -1 0 
P2: 1 0 0 
P3: 0 -1 0 
P4: 0 0 0 
"]
5[label = "Index: 5 
P0: 0 -1 -1 
P1: 0 -1 0 
P2: 1 0 0 
P3: 0 -1 0 
P4: 0 0 0 
", style="filled", fillcolor = "red"]
6[label = "Index: 6 
P0: 0 -1 -1 
P1: 0 -2 0 
P2: 1 0 0 
P3: 0 -1 0 
P4: 0 0 0 
", color = "purple"]
7[label = "Index: 7 
P0: 0 -1 -1 
P1: 0 -2 0 
P2: 1 -1 0 
P3: 0 -1 0 
P4: 0 0 0 
", color = "purple"]
8[label = "Index: 8 
P0: 0 -1 -1 
P1: 0 -2 0 
P2: 1 0 0 
P3: 0 -2 0 
P4: 0 0 0 
", color = "purple"]
9[label = "Index: 9 
P0: 0 -1 -1 
P1: 0 -2 0 
P2: 1 -1 0 
P3: 0 -2 0 
P4: 0 0 0 
", color = "purple"]
10[label = "Index: 10 
P0: 0 -1 -1 
", color = "fuchsia"]
11[label = "Index: 11 
P1: 0 -1 0 
P2: 1 0 0 
P3: 0 -1 0 
P4: 0 0 0 
", color = "red"]
12[label = "Index: 12 
P1: 0 -1 0 
", color = "fuchsia"]
13[label = "Index: 13 
P2: 1 0 0 
P3: 0 -1 0 
P4: 0 0 0 
", color = "red"]
14[label = "Index: 14 
P2: 1 -1 0 
P3: 0 -1 0 
P4: 0 0 0 
"]
15[label = "Index: 15 
P3: 0 -1 0 
", color = "fuchsia"]
16[label = "Index: 16 
P2: 1 0 0 
P4: 0 0 0 
", color = "red"]
17[label = "Index: 17 
P2: 1 0 0 
", style="filled", fillcolor = "blue"]
18[label = "Index: 18 
P4: 0 0 0 
", color = "fuchsia"]
0 -> 1

1 -> 0
1 -> 2

2 -> 1
2 -> 3

3 -> 2
3 -> 4
3 -> 5
3 -> 6
3 -> 7

4 -> 3
4 -> 5
4 -> 6
4 -> 7
4 -> 8
4 -> 9

5 -> 3
5 -> 4
5 -> 11
5 -> 10

6 -> 3
6 -> 4

7 -> 3
7 -> 4

8 -> 4

9 -> 4

11 -> 13
11 -> 12

13 -> 14
13 -> 16
13 -> 15

14 -> 13

16 -> 18
16 -> 17

}
