graph G {
color = "black"
0 [label = "P1: 0 0 0 
P2: 0 0 0 
P3: 0 0 0 
P4: 0 0 0 
P5: 0 0 0 
",  style="filled", fillcolor = "#96FF96"];
1 [label = "P1: -1 0 0 
P2: 0 0 0 
P3: 0 0 0 
P4: 0 0 0 
P5: 0 0 0 
"];
2 [label = "P1: -1 0 0 
P2: 0 0 1 
P3: 0 0 0 
P4: 0 0 0 
P5: 0 0 0 
"];
3 [label = "P1: -1 0 0 
P2: 0 0 1 
P3: 0 -1 0 
P4: 0 0 0 
P5: 0 0 0 
"];
4 [label = "P1: -1 0 0 
P2: 0 0 1 
P3: 0 -1 0 
P4: 0 0 -1 
P5: 0 0 0 
"];
5 [label = "P1: -1 0 -1 
P2: 0 0 1 
P3: 0 -1 0 
P4: 0 0 -1 
P5: 0 0 0 
"];
6 [label = "P1: -1 0 -1 
P2: 0 0 1 
P3: 0 -1 0 
P4: 0 0 -2 
P5: 0 0 0 
"];
7 [label = "P1: -1 0 -1 
P2: 0 -1 1 
P3: 0 -1 0 
P4: 0 0 -2 
P5: 0 0 0 
"];
8 [label = "P1: -1 -1 -1 
P2: 0 -1 1 
P3: 0 -2 0 
P4: 0 -1 -2 
P5: 0 0 0 
"];
9 [label = "P1: -1 0 -1 
P2: 0 -1 1 
P3: 0 -1 0 
P4: 0 0 -2 
P5: 0 1 0 
"];
10 [label = "P1: -1 0 -1 
P2: 0 -1 1 
P3: 0 -1 0 
P4: 0 0 -2 
P5: -1 1 0 
"];
11 [label = "P1: -1 0 -1 
P2: 0 -1 2 
P3: 0 -1 0 
P4: 0 0 -2 
P5: -1 1 0 
"];
12 [label = "P1: -1 0 -1 
P2: 0 -2 2 
P3: 0 -1 0 
P4: 0 0 -2 
P5: -1 1 0 
"];
13 [label = "P1: 0 -1 -1 
P2: 1 -1 2 
P3: 1 -2 0 
P4: 1 -1 -2 
P5: 0 0 0 
"];
14 [label = "P1: 0 -1 -1 
P2: 2 -3 2 
P3: 2 -2 0 
P4: 1 -1 -2 
P5: 0 0 0 
"];
15 [label = "P1: -2 0 -1 
P2: 0 -2 2 
P3: 0 -1 0 
P4: -1 0 -2 
P5: -1 1 0 
"];
16 [label = "P1: -1 -1 -1 
P2: 0 -3 2 
P3: 0 -2 0 
P4: 0 -1 -2 
P5: 0 0 0 
"];
17 [label = "P1: -2 0 -1 
P2: 0 -2 2 
P3: 0 -1 0 
P4: -1 0 -2 
P5: -1 0 0 
"];
18 [label = "P1: -2 0 -1 
P2: 0 -2 2 
P3: 0 -1 0 
P4: -1 0 -2 
P5: -1 0 -1 
"];
19 [label = "P1: -1 0 0 
P2: 0 -2 3 
P3: 0 -1 1 
P4: 0 0 -1 
P5: 0 0 0 
"];
20 [label = "P1: -1 0 -1 
P2: 0 -2 2 
P3: 0 -1 0 
P4: 0 0 -2 
P5: -1 0 -1 
"];
21 [label = "P1: 0 0 0 
P2: 2 -2 3 
P3: 2 -1 1 
P4: 1 0 -1 
P5: 0 0 0 
"];
22 [label = "P1: -1 0 0 
P2: 0 -1 3 
P3: 0 -1 1 
P4: 0 0 -1 
P5: 0 0 0 
"];
23 [label = "P1: -1 0 0 
P2: 0 0 3 
P3: 0 -1 1 
P4: 0 0 -1 
P5: 0 0 0 
"];
24 [label = "P1: 0 0 0 
P2: 1 -1 3 
P3: 1 -1 1 
P4: 1 0 -1 
P5: 0 0 0 
"];
25 [label = "P1: -1 0 -1 
P2: 0 0 2 
P3: 0 -1 0 
P4: 0 0 -2 
P5: -1 0 -1 
"];
26 [label = "P1: -1 0 0 
P2: 0 -1 3 
P3: 0 -1 1 
P4: 0 0 0 
P5: 0 0 0 
"];
27 [label = "P1: -1 0 0 
P2: 0 0 3 
P3: 0 -1 1 
P4: 0 0 0 
P5: 0 0 0 
"];
28 [label = "P1: 0 0 0 
P2: 1 -1 2 
P3: 1 -1 1 
P4: 1 0 -1 
P5: 0 0 0 
"];
29 [label = "P1: 0 0 0 
P2: 1 -1 2 
P3: 1 -1 0 
P4: 1 0 -1 
P5: 0 0 0 
"];
30 [label = "P1: 0 0 0 
P2: 1 0 2 
P3: 1 -1 1 
P4: 1 0 -1 
P5: 0 0 0 
"];
31 [label = "P1: -1 0 -1 
P2: 0 0 1 
P3: 0 -1 -1 
P4: 0 0 -2 
P5: -1 0 -1 
"];
32 [label = "P1: 0 0 0 
P2: 1 -1 2 
P3: 1 -2 0 
P4: 1 0 -1 
P5: 0 0 0 
"];
33 [label = "P1: -1 0 -1 
P2: 0 0 1 
P3: 0 -2 -1 
P4: 0 0 -2 
P5: -1 0 -1 
"];
34 [label = "P1: -1 0 -1 
P2: 0 0 1 
P3: 1 -2 -1 
P4: 0 0 -2 
P5: -1 0 -1 
"];
35 [label = "P1: -1 0 -1 
P2: 0 0 2 
P3: 1 -2 -1 
P4: 0 0 -2 
P5: -1 0 -1 
"];
36 [label = "P1: -1 0 -1 
P2: -1 0 2 
P3: 0 -2 -1 
P4: 0 0 -2 
P5: -1 0 -1 
"];
37 [label = "P1: -1 0 0 
P2: 0 0 3 
P3: 1 -2 0 
P4: 0 0 -1 
P5: 0 0 0 
"];
38 [label = "P1: 0 0 0 
P2: 0 1 3 
P3: 1 -2 0 
P4: 1 0 -1 
P5: 0 0 0 
"];
39 [label = "P1: -1 0 -1 
P2: -1 1 2 
P3: 0 -1 -1 
P4: 0 0 -2 
P5: -1 0 -1 
"];
40 [label = "P1: -1 0 0 
P2: 0 0 3 
P3: 1 -2 0 
P4: 0 0 0 
P5: 0 0 0 
"];
41 [label = "P1: 0 0 0 
P2: 0 1 3 
P3: 1 -1 1 
P4: 1 0 -1 
P5: 0 0 0 
"];
42 [label = "P1: -1 0 -1 
P2: -1 1 3 
P3: 0 -1 0 
P4: 0 0 -2 
P5: -1 0 -1 
"];
43 [label = "P1: 0 0 0 
P2: 0 0 3 
P3: 1 -2 0 
P4: 0 0 0 
P5: 0 0 0 
"];
44 [label = "P1: -2 0 -1 
P2: -1 1 3 
P3: 0 -1 0 
P4: -1 0 -2 
P5: -1 0 -1 
"];
45 [label = "P1: -2 0 -1 
P2: -1 1 3 
P3: 0 -1 0 
P4: -1 0 -2 
P5: -1 0 0 
"];
46 [label = "P1: -1 -1 -1 
P2: 0 1 3 
P3: 1 -1 0 
P4: 0 -1 -2 
P5: 0 0 0 
"];
47 [label = "P1: -2 0 -1 
P2: -1 2 3 
P3: 0 -1 0 
P4: -1 0 -2 
P5: -1 1 0 
"];
48 [label = "P1: -1 -1 -1 
P2: 0 0 3 
P3: 1 -2 0 
P4: 0 -1 -2 
P5: 0 0 0 
"];
49 [label = "P1: -2 0 -1 
P2: -1 2 3 
P3: -1 -1 0 
P4: -1 0 -2 
P5: -1 1 0 
"];
4949 [label = "P1: -2 0 -1 
P2: -1 2 -∞ 
P3: -1 -1 0 
P4: -1 0 -2 
P5: -1 1 0 
",  style="filled", fillcolor = "#FF9696"];
50 [label = "P1: 0 -1 -1 
P2: 0 1 3 
P3: 1 -2 0 
P4: 1 -1 -2 
P5: 0 0 0 
"];
51 [label = "P1: 0 -1 -1 
P2: 0 0 3 
P3: 1 -2 0 
P4: 1 -1 -2 
P5: 0 0 0 
"];
52 [label = "P1: 0 -1 -1 
P2: 1 0 3 
P3: 2 -2 0 
P4: 1 -1 -2 
P5: 0 0 0 
"];
edge [style=bold];
0 -- 1 [color="#1E96FF", penwidth=4.0];

1 -- 2 [color="#1E96FF", penwidth=4.0];

2 -- 3 [color="#1E96FF", penwidth=4.0];

3 -- 4 [color="#1E96FF", penwidth=4.0];
3 -- 5 [color=black];

4 -- 5 [color=black];
4 -- 6 [color="#1E96FF", penwidth=4.0];

5 -- 6 [color=black];

6 -- 7 [color="#1E96FF", penwidth=4.0];
6 -- 8 [color=black];

7 -- 8 [color=black];
7 -- 9 [color="#1E96FF", penwidth=4.0];

8 -- 9 [color=black];

9 -- 10 [color="#1E96FF", penwidth=4.0];

10 -- 11 [color="#1E96FF", penwidth=4.0];

11 -- 12 [color="#1E96FF", penwidth=4.0];
11 -- 13 [color=black];

12 -- 13 [color=black];
12 -- 14 [color=black];
12 -- 15 [color="#1E96FF", penwidth=4.0];
12 -- 16 [color=black];


14 -- 15 [color=black];

15 -- 16 [color=black];
15 -- 17 [color="#1E96FF", penwidth=4.0];


17 -- 18 [color="#1E96FF", penwidth=4.0];

18 -- 19 [color=black];
18 -- 20 [color="#1E96FF", penwidth=4.0];
18 -- 21 [color=black];

19 -- 22 [color=black];
19 -- 23 [color=black];
19 -- 20 [color=black];

20 -- 24 [color=black];
20 -- 25 [color="#1E96FF", penwidth=4.0];
20 -- 21 [color=black];


22 -- 23 [color=black];
22 -- 26 [color=black];
22 -- 24 [color=black];

23 -- 27 [color=black];
23 -- 25 [color=black];

24 -- 25 [color=black];
24 -- 28 [color=black];
24 -- 29 [color=black];

25 -- 30 [color=black];
25 -- 31 [color="#1E96FF", penwidth=4.0];

26 -- 27 [color=black];


28 -- 30 [color=black];
28 -- 29 [color=black];

29 -- 31 [color=black];
29 -- 32 [color=black];

30 -- 31 [color=black];

31 -- 33 [color="#1E96FF", penwidth=4.0];
31 -- 32 [color=black];

32 -- 33 [color=black];

33 -- 34 [color="#1E96FF", penwidth=4.0];

34 -- 35 [color="#1E96FF", penwidth=4.0];

35 -- 36 [color="#1E96FF", penwidth=4.0];
35 -- 37 [color=black];

36 -- 38 [color=black];
36 -- 39 [color="#1E96FF", penwidth=4.0];
36 -- 37 [color=black];

37 -- 40 [color=black];

38 -- 39 [color=black];

39 -- 41 [color=black];
39 -- 42 [color="#1E96FF", penwidth=4.0];

40 -- 43 [color=black];

41 -- 42 [color=black];

42 -- 44 [color="#1E96FF", penwidth=4.0];


44 -- 45 [color="#1E96FF", penwidth=4.0];

45 -- 46 [color=black];
45 -- 47 [color="#1E96FF", penwidth=4.0];
45 -- 48 [color=black];

46 -- 47 [color=black];
46 -- 48 [color=black];

47 -- 48 [color=black];
47 -- 49 [color="#1E96FF", penwidth=4.0];
47 -- 50 [color=black];

48 -- 51 [color=black];
48 -- 52 [color=black];

49 -- 50 [color=black];

49 -- 4949 [color="#1E96FF", penwidth=4.0];
50 -- 51 [color=black];

51 -- 52 [color=black];


}
