graph G {
color = "black"
0 [label = "P1: 0 0 0 
P2: 0 0 0 
P3: 0 0 0 
",  style="filled", fillcolor = "#96FF96"];
1 [label = "P1: 1 0 0 
P2: 0 0 0 
P3: 0 0 0 
"];
2 [label = "P1: 2 0 0 
P2: 0 0 0 
P3: 0 0 0 
"];
3 [label = "P1: 2 0 0 
P2: 0 1 0 
P3: 0 0 0 
"];
4 [label = "P1: 3 0 0 
P2: 0 1 0 
P3: 0 0 0 
"];
5 [label = "P1: 3 0 0 
P2: 0 1 0 
P3: 0 -1 0 
"];
6 [label = "P1: 3 0 0 
P2: -1 1 0 
P3: 0 -1 0 
"];
7 [label = "P1: 3 -1 0 
P2: -1 1 0 
P3: 0 -1 0 
"];
8 [label = "P1: 3 1 0 
P2: -1 3 0 
P3: 0 0 0 
"];
9 [label = "P1: 3 -1 -1 
P2: -1 1 0 
P3: 0 -1 0 
",  style="filled", fillcolor = "#FF9696"];
10 [label = "P1: 3 0 -2 
P2: -1 2 0 
P3: 0 0 0 
",  style="filled", fillcolor = "#FF9696"];
11 [label = "P1: 3 1 0 
P2: -1 3 -1 
P3: 0 0 0 
"];
12 [label = "P1: 3 0 0 
P2: -1 3 -1 
P3: 0 0 0 
"];
13 [label = "P1: 3 1 0 
P2: 0 3 -1 
P3: 0 0 0 
"];
14 [label = "P1: 3 1 0 
P2: -1 4 -1 
P3: 0 0 0 
"];
15 [label = "P1: 3 0 0 
P2: -1 4 -1 
P3: 0 0 0 
"];
16 [label = "P1: 3 1 0 
P2: 0 3 -2 
P3: 0 0 0 
"];
17 [label = "P1: 3 1 0 
P2: -2 4 -1 
P3: 0 0 0 
",  style="filled", fillcolor = "#FF9696"];
18 [label = "P1: 3 1 0 
P2: -1 4 -2 
P3: 0 0 0 
",  style="filled", fillcolor = "#FF9696"];
19 [label = "P1: 3 0 -1 
P2: -1 4 -1 
P3: 0 0 0 
",  style="filled", fillcolor = "#FF9696"];
20 [label = "P1: 3 0 -2 
P2: -1 4 -1 
P3: 0 0 0 
",  style="filled", fillcolor = "#FF9696"];
21 [label = "P1: 3 0 0 
P2: -2 4 -1 
P3: 0 0 0 
",  style="filled", fillcolor = "#FF9696"];
22 [label = "P1: 2 0 0 
P2: -2 4 -1 
P3: 0 0 0 
",  style="filled", fillcolor = "#FF9696"];
23 [label = "P1: 3 0 -1 
P2: -1 4 -2 
P3: 0 0 0 
",  style="filled", fillcolor = "#FF9696"];
24 [label = "P1: 3 0 -1 
P2: -2 4 -1 
P3: 0 0 0 
"];
25 [label = "P1: 3 0 -2 
P2: -2 4 -1 
P3: 0 0 0 
"];
26 [label = "P1: 3 0 -1 
",  style="filled", fillcolor = "#FF96FF"];
27 [label = "P2: -1 1 0 
P3: 0 -1 0 
"];
28 [label = "P2: 0 2 0 
P3: 0 0 0 
"];
29 [label = "P2: -1 2 0 
P3: 0 -1 0 
"];
30 [label = "P2: 0 1 0 
P3: 0 0 0 
"];
31 [label = "P2: 0 0 0 
P3: 0 0 0 
"];
32 [label = "P2: -1 2 -1 
P3: 0 -1 0 
"];
33 [label = "P2: 0 2 -1 
P3: 0 -1 0 
"];
34 [label = "P2: -1 4 -1 
P3: 0 0 0 
"];
35 [label = "P2: 0 2 -2 
P3: 0 -1 0 
"];
36 [label = "P2: -2 4 -1 
P3: 0 0 0 
"];
37 [label = "P2: -1 4 -2 
P3: 0 0 0 
"];
38 [label = "P2: 0 2 -2 
", style="filled", fillcolor = "#9696FF"];
39 [label = "P3: 0 0 0 
",  style="filled", fillcolor = "#FF96FF"];
edge [style=bold];
0 -- 1 [color=black];
0 -- 2 [color="#1E96FF", penwidth=4.0];

1 -- 2 [color=black];

2 -- 3 [color="#1E96FF", penwidth=4.0];

3 -- 4 [color="#1E96FF", penwidth=4.0];

4 -- 5 [color="#1E96FF", penwidth=4.0];

5 -- 6 [color="#1E96FF", penwidth=4.0];

6 -- 7 [color="#1E96FF", penwidth=4.0];
6 -- 8 [color=black];

7 -- 9 [color="#1E96FF", penwidth=4.0];
7 -- 10 [color=black];
7 -- 8 [color=black];

8 -- 11 [color=black];

9 -- 27 [color=black];
9 -- 26 [color=black];


11 -- 12 [color=black];
11 -- 13 [color=black];
11 -- 14 [color=black];

12 -- 15 [color=black];
12 -- 14 [color=black];

13 -- 16 [color=black];

14 -- 15 [color=black];
14 -- 17 [color=black];
14 -- 18 [color=black];

15 -- 19 [color=black];
15 -- 20 [color=black];
15 -- 21 [color=black];
15 -- 22 [color=black];
15 -- 23 [color=black];


17 -- 21 [color=black];




21 -- 22 [color=black];
21 -- 24 [color=black];
21 -- 25 [color=black];





27 -- 28 [color=black];
27 -- 29 [color="#1E96FF", penwidth=4.0];

28 -- 30 [color=black];
28 -- 31 [color=black];

29 -- 32 [color="#1E96FF", penwidth=4.0];

30 -- 31 [color=black];


32 -- 33 [color="#1E96FF", penwidth=4.0];
32 -- 34 [color=black];

33 -- 35 [color="#1E96FF", penwidth=4.0];

34 -- 36 [color=black];
34 -- 37 [color=black];

35 -- 39 [color=black];
35 -- 38 [color="#1E96FF", penwidth=4.0];



}
