digraph G {
color = "black"
0[label = "Index: 0 
P0: 0 0 0 
P1: 0 0 0 
P2: 0 0 0 
P3: 0 0 0 
", style="filled", fillcolor = "green"]
1[label = "Index: 1 
P0: 0 -1 0 
P1: 0 -1 0 
P2: 0 -1 0 
P3: 0 0 0 
"]
2[label = "Index: 2 
P0: 0 -2 0 
P1: 0 -2 0 
P2: 0 -2 0 
P3: 0 0 0 
"]
3[label = "Index: 3 
P0: 0 -3 0 
P1: 0 -3 0 
P2: 0 -3 0 
P3: 0 0 0 
", color = "orange"]
4[label = "Index: 4 
P0: -1 -3 0 
P1: 0 -3 0 
P2: 0 -3 0 
P3: 0 0 0 
", color = "orange"]
5[label = "Index: 5 
P0: 0 -3 0 
P1: 1 -3 0 
P2: 1 -3 0 
P3: 0 0 0 
"]
6[label = "Index: 6 
P0: -1 -3 0 
P1: 0 -4 0 
P2: 0 -3 0 
P3: 0 0 0 
", color = "orange"]
7[label = "Index: 7 
P0: -1 -3 0 
P1: 0 -5 0 
P2: 0 -3 0 
P3: 0 0 0 
"]
8[label = "Index: 8 
P0: -1 -3 0 
P1: 1 -3 0 
P2: 1 -3 0 
P3: 0 0 0 
"]
9[label = "Index: 9 
P0: 0 -3 0 
P1: 1 -4 0 
P2: 1 -3 0 
P3: 0 0 0 
"]
10[label = "Index: 10 
P0: 0 -3 0 
P1: 1 -5 0 
P2: 1 -3 0 
P3: 0 0 0 
"]
11[label = "Index: 11 
P0: -1 -3 0 
P1: 1 -4 0 
P2: 1 -3 0 
P3: 0 0 0 
", color = "orange"]
12[label = "Index: 12 
P0: -1 -3 0 
P1: 0 -5 0 
P2: 1 -3 0 
P3: 0 0 0 
"]
13[label = "Index: 13 
P0: -1 -3 0 
P1: 1 -5 0 
P2: 1 -3 0 
P3: 0 0 0 
"]
14[label = "Index: 14 
P0: -1 -3 0 
P1: 1 -6 0 
P2: 1 -3 0 
P3: 0 0 0 
"]
15[label = "Index: 15 
P0: -1 -3 -1 
P1: 1 -4 0 
P2: 1 -3 0 
P3: 0 0 0 
", style="filled", fillcolor = "red"]
16[label = "Index: 16 
P0: -1 -3 0 
P1: 1 -4 1 
P2: 1 -3 1 
P3: 0 0 0 
", color = "purple"]
17[label = "Index: 17 
P0: -1 -3 -1 
P1: 1 -5 0 
P2: 1 -3 0 
P3: 0 0 0 
", color = "purple"]
18[label = "Index: 18 
P0: -1 -3 -2 
P1: 1 -5 0 
P2: 1 -3 0 
P3: 0 0 0 
", color = "purple"]
19[label = "Index: 19 
P0: -1 -3 -3 
P1: 1 -5 0 
P2: 1 -3 0 
P3: 0 0 0 
", color = "purple"]
20[label = "Index: 20 
P0: -1 -3 0 
P1: 1 -5 1 
P2: 1 -3 1 
P3: 0 0 0 
", color = "purple"]
21[label = "Index: 21 
P0: -1 -3 -1 
P1: 1 -6 -1 
P2: 1 -3 0 
P3: 0 0 0 
", color = "purple"]
22[label = "Index: 22 
P0: -1 -3 -2 
P1: 1 -6 -2 
P2: 1 -3 0 
P3: 0 0 0 
", color = "purple"]
23[label = "Index: 23 
P0: -1 -3 -3 
P1: 1 -6 -3 
P2: 1 -3 0 
P3: 0 0 0 
", color = "purple"]
24[label = "Index: 24 
P0: -1 -3 -4 
P1: 1 -6 -4 
P2: 1 -3 0 
P3: 0 0 0 
", color = "purple"]
25[label = "Index: 25 
P0: -1 -3 0 
P1: 1 -6 0 
P2: 1 -3 1 
P3: 0 0 0 
", color = "purple"]
26[label = "Index: 26 
P0: -1 -3 0 
P1: 1 -4 1 
P2: 1 -4 1 
P3: 0 0 0 
"]
27[label = "Index: 27 
P0: -1 -3 -1 
P1: 1 -5 1 
P2: 1 -3 1 
P3: 0 0 0 
"]
28[label = "Index: 28 
P0: -1 -3 -2 
P1: 1 -5 1 
P2: 1 -3 1 
P3: 0 0 0 
"]
29[label = "Index: 29 
P0: -1 -3 0 
P1: 1 -5 1 
P2: 2 -3 1 
P3: 0 0 0 
"]
30[label = "Index: 30 
P0: -1 -3 0 
P1: 1 -5 1 
P2: 1 -4 1 
P3: 0 0 0 
"]
31[label = "Index: 31 
P0: -1 -3 0 
P1: 1 -5 1 
P2: 1 -5 1 
P3: 0 0 0 
"]
32[label = "Index: 32 
P0: -1 -4 0 
P1: 1 -5 1 
P2: 1 -4 1 
P3: 0 0 0 
"]
33[label = "Index: 33 
P0: -1 -3 -1 
", color = "fuchsia"]
34[label = "Index: 34 
P1: 1 -4 0 
P2: 1 -3 0 
P3: 0 0 0 
", color = "orange"]
35[label = "Index: 35 
P1: 1 -5 0 
P2: 1 -3 0 
P3: 0 0 0 
"]
36[label = "Index: 36 
P1: 1 -6 0 
P2: 1 -3 0 
P3: 0 0 0 
"]
37[label = "Index: 37 
P1: 1 -3 0 
P2: 1 -3 0 
P3: 0 0 0 
"]
38[label = "Index: 38 
P1: 0 -4 0 
P2: 0 -3 0 
P3: 0 0 0 
"]
39[label = "Index: 39 
P1: 1 -4 1 
P2: 1 -3 1 
P3: 0 0 0 
", color = "red"]
40[label = "Index: 40 
P1: 0 -5 0 
P2: 1 -3 0 
P3: 0 0 0 
"]
41[label = "Index: 41 
P1: 0 -5 0 
P2: 0 -3 0 
P3: 0 0 0 
"]
42[label = "Index: 42 
P1: 1 -5 1 
P2: 1 -3 1 
P3: 0 0 0 
"]
43[label = "Index: 43 
P1: 0 -6 0 
P2: 1 -3 0 
P3: 0 0 0 
"]
44[label = "Index: 44 
P1: 1 -6 -1 
P2: 1 -3 0 
P3: 0 0 0 
"]
45[label = "Index: 45 
P1: 1 -6 -2 
P2: 1 -3 0 
P3: 0 0 0 
"]
46[label = "Index: 46 
P1: 1 -6 -3 
P2: 1 -3 0 
P3: 0 0 0 
"]
47[label = "Index: 47 
P1: 1 -6 -4 
P2: 1 -3 0 
P3: 0 0 0 
"]
48[label = "Index: 48 
P1: 1 -6 0 
P2: 1 -3 1 
P3: 0 0 0 
"]
49[label = "Index: 49 
P1: 0 -6 0 
P2: 0 -3 0 
P3: 0 0 0 
"]
50[label = "Index: 50 
P1: 1 -6 1 
P2: 1 -3 1 
P3: 0 0 0 
"]
51[label = "Index: 51 
P1: 0 -3 0 
P2: 0 -3 0 
P3: 0 0 0 
"]
52[label = "Index: 52 
P1: 0 -4 0 
P2: 0 -2 0 
P3: 0 0 0 
"]
53[label = "Index: 53 
P1: 0 -4 0 
P2: 0 -1 0 
P3: 0 0 0 
"]
54[label = "Index: 54 
P1: 0 -3 0 
P2: 0 -2 0 
P3: 0 0 0 
"]
55[label = "Index: 55 
P1: 0 -2 0 
P2: 0 -1 0 
P3: 0 0 0 
"]
56[label = "Index: 56 
P1: 0 -1 0 
P2: 0 0 0 
P3: 0 0 0 
"]
57[label = "Index: 57 
P1: 1 -4 1 
P2: 1 -4 1 
P3: 0 0 0 
"]
58[label = "Index: 58 
P3: 0 0 0 
", color = "fuchsia"]
59[label = "Index: 59 
P1: 1 -4 1 
P2: 1 -3 1 
", color = "orange"]
60[label = "Index: 60 
P1: 1 -5 1 
P2: 1 -3 1 
", color = "orange"]
61[label = "Index: 61 
P1: 1 -6 1 
P2: 1 -3 1 
"]
62[label = "Index: 62 
P1: 1 -3 1 
P2: 1 -3 1 
"]
63[label = "Index: 63 
P1: 0 -5 1 
P2: 1 -3 1 
", color = "red"]
64[label = "Index: 64 
P1: 0 -6 1 
P2: 1 -3 1 
"]
65[label = "Index: 65 
P1: 1 -6 0 
P2: 1 -3 1 
"]
66[label = "Index: 66 
P1: 1 -6 -1 
P2: 1 -3 1 
"]
67[label = "Index: 67 
P1: 1 -6 -2 
P2: 1 -3 1 
"]
68[label = "Index: 68 
P1: 1 -6 -3 
P2: 1 -3 1 
"]
69[label = "Index: 69 
P2: 1 -3 1 
", style="filled", fillcolor = "blue"]
70[label = "Index: 70 
P1: 0 -5 1 
", color = "fuchsia"]
0 -> 1
0 -> 2
0 -> 3

1 -> 0
1 -> 2
1 -> 3

2 -> 0
2 -> 1
2 -> 3

3 -> 0
3 -> 1
3 -> 2
3 -> 4
3 -> 5

4 -> 3
4 -> 6
4 -> 7
4 -> 8
4 -> 5

5 -> 3
5 -> 4
5 -> 8
5 -> 9
5 -> 10

6 -> 4
6 -> 7
6 -> 11
6 -> 9

7 -> 4
7 -> 6
7 -> 12
7 -> 13
7 -> 10

8 -> 4
8 -> 5
8 -> 11
8 -> 13
8 -> 14

9 -> 5
9 -> 6
9 -> 11
9 -> 10

10 -> 5
10 -> 7
10 -> 9
10 -> 13
10 -> 12

11 -> 6
11 -> 8
11 -> 9
11 -> 15
11 -> 13
11 -> 14
11 -> 16

12 -> 7
12 -> 10
12 -> 13

13 -> 7
13 -> 8
13 -> 10
13 -> 11
13 -> 12
13 -> 17
13 -> 18
13 -> 19
13 -> 14
13 -> 20

14 -> 8
14 -> 11
14 -> 13
14 -> 21
14 -> 22
14 -> 23
14 -> 24
14 -> 25

15 -> 11
15 -> 34
15 -> 33

16 -> 11
16 -> 20
16 -> 26

17 -> 13

18 -> 13

19 -> 13

20 -> 13
20 -> 16
20 -> 27
20 -> 28
20 -> 29
20 -> 30
20 -> 31
20 -> 32

21 -> 14

22 -> 14

23 -> 14

24 -> 14

25 -> 14

26 -> 16

27 -> 20

28 -> 20

29 -> 20

30 -> 20

31 -> 20

32 -> 20

34 -> 35
34 -> 36
34 -> 37
34 -> 38
34 -> 39

35 -> 34
35 -> 40
35 -> 36
35 -> 37
35 -> 41
35 -> 42

36 -> 34
36 -> 35
36 -> 43
36 -> 37
36 -> 44
36 -> 45
36 -> 46
36 -> 47
36 -> 48
36 -> 49
36 -> 50

37 -> 34
37 -> 35
37 -> 36
37 -> 51

38 -> 34
38 -> 41
38 -> 49
38 -> 51
38 -> 52
38 -> 53
38 -> 54
38 -> 55
38 -> 56

39 -> 34
39 -> 42
39 -> 50
39 -> 57
39 -> 58
39 -> 59

40 -> 35

41 -> 35
41 -> 38

42 -> 35
42 -> 39

43 -> 36

44 -> 36

45 -> 36

46 -> 36

47 -> 36

48 -> 36

49 -> 36
49 -> 38

50 -> 36
50 -> 39

51 -> 37
51 -> 38

52 -> 38

53 -> 38

54 -> 38

55 -> 38

56 -> 38

57 -> 39

59 -> 60
59 -> 61
59 -> 62

60 -> 59
60 -> 63
60 -> 61
60 -> 62

61 -> 59
61 -> 60
61 -> 64
61 -> 62
61 -> 65
61 -> 66
61 -> 67
61 -> 68

62 -> 59
62 -> 60
62 -> 61

63 -> 60
63 -> 69
63 -> 70

64 -> 61

65 -> 61

66 -> 61

67 -> 61

68 -> 61

}
