digraph G {
color = "black"
0[label = "Index: 0 
P0: 0 0 0 
P1: 0 0 0 
P2: 0 0 0 
P3: 0 0 0 
", style="filled", fillcolor = "green"]
1[label = "Index: 1 
P0: 0 -1 0 
P1: 0 0 0 
P2: 0 0 0 
P3: 0 0 0 
", color = "orange"]
2[label = "Index: 2 
P0: 0 -1 0 
P1: 0 0 -1 
P2: 0 0 0 
P3: 0 0 0 
", color = "orange"]
3[label = "Index: 3 
P0: 0 -1 0 
P1: 0 0 -2 
P2: 0 0 0 
P3: 0 0 0 
"]
4[label = "Index: 4 
P0: 0 -1 0 
P1: 1 0 -1 
P2: 1 0 0 
P3: 0 0 0 
", style="filled", fillcolor = "red"]
5[label = "Index: 5 
P0: 0 -1 0 
P1: 0 0 -2 
P2: 1 0 0 
P3: 0 0 0 
"]
6[label = "Index: 6 
P0: 0 -1 0 
P1: 1 0 -2 
P2: 1 0 0 
P3: 0 0 0 
", color = "purple"]
7[label = "Index: 7 
P0: 0 -1 0 
P1: 2 0 -2 
P2: 2 0 0 
P3: 0 0 0 
", color = "purple"]
8[label = "Index: 8 
P0: 0 -1 -1 
P1: 0 0 -2 
P2: 1 0 0 
P3: 0 0 0 
"]
9[label = "Index: 9 
P0: 0 -1 0 
P1: 1 0 -2 
P2: 2 0 0 
P3: 0 0 0 
"]
10[label = "Index: 10 
P0: 0 -1 0 
P1: 2 0 -2 
P2: 3 0 0 
P3: 0 0 0 
"]
11[label = "Index: 11 
P0: 0 -1 -1 
P1: 1 0 -2 
P2: 1 0 0 
P3: 0 0 0 
", color = "purple"]
12[label = "Index: 12 
P0: 0 -2 0 
P1: 2 0 -2 
P2: 2 0 0 
P3: 0 0 0 
"]
13[label = "Index: 13 
P0: 0 -1 -1 
P1: 1 0 -2 
P2: 2 0 0 
P3: 0 0 0 
"]
14[label = "Index: 14 
P0: 0 -2 0 
P1: 2 0 -2 
P2: 3 0 0 
P3: 0 0 0 
", color = "purple"]
15[label = "Index: 15 
P1: 1 0 -1 
", color = "fuchsia"]
16[label = "Index: 16 
P0: 0 -1 0 
P2: 1 0 0 
P3: 0 0 0 
", color = "red"]
17[label = "Index: 17 
P0: 0 -2 0 
P2: 1 0 0 
P3: 0 0 0 
"]
18[label = "Index: 18 
P0: 0 -3 0 
P2: 1 0 0 
P3: 0 0 0 
"]
19[label = "Index: 19 
P0: 0 -4 0 
P2: 1 0 0 
P3: 0 0 0 
"]
20[label = "Index: 20 
P0: 0 -1 -1 
P2: 1 0 0 
P3: 0 0 0 
"]
21[label = "Index: 21 
P2: 1 0 0 
", color = "fuchsia"]
22[label = "Index: 22 
P0: 0 -1 0 
P3: 0 0 0 
", color = "red"]
23[label = "Index: 23 
P0: 0 -1 0 
", style="filled", fillcolor = "blue"]
24[label = "Index: 24 
P3: 0 0 0 
", color = "fuchsia"]
0 -> 1

1 -> 0
1 -> 2
1 -> 3

2 -> 1
2 -> 3
2 -> 4

3 -> 1
3 -> 2
3 -> 5
3 -> 6
3 -> 7

4 -> 2
4 -> 16
4 -> 15

5 -> 3
5 -> 8
5 -> 6
5 -> 9
5 -> 10

6 -> 3
6 -> 5
6 -> 11
6 -> 9

7 -> 3
7 -> 12
7 -> 9
7 -> 10

8 -> 5
8 -> 11
8 -> 13

9 -> 5
9 -> 13
9 -> 7
9 -> 6
9 -> 10

10 -> 5
10 -> 9
10 -> 14
10 -> 7

11 -> 6
11 -> 8
11 -> 13

12 -> 7

13 -> 8
13 -> 9
13 -> 11

14 -> 10

16 -> 17
16 -> 18
16 -> 19
16 -> 20
16 -> 22
16 -> 21

17 -> 16

18 -> 16

19 -> 16

20 -> 16

22 -> 24
22 -> 23

}
