graph G {
color = "black"
0 [label = "P1: 0 0 0 
P2: 0 0 0 
P3: 0 0 0 
",  style="filled", fillcolor = "#96FF96"];
1 [label = "P1: 1 0 0 
P2: 0 0 0 
P3: 0 0 0 
"];
2 [label = "P1: 2 0 0 
P2: 0 0 0 
P3: 0 0 0 
"];
3 [label = "P1: 2 0 0 
P2: 0 1 0 
P3: 0 0 0 
"];
4 [label = "P1: 3 0 0 
P2: 0 1 0 
P3: 0 0 0 
"];
5 [label = "P1: 3 0 -1 
P2: 0 1 0 
P3: 0 0 0 
"];
55 [label = "P1: +∞ 0 -1 
P2: 0 1 0 
P3: 0 0 0 
",  style="filled", fillcolor = "#FF9696"];
6 [label = "P1: 3 0 -2 
P2: 0 1 0 
P3: 0 0 0 
"];
66 [label = "P1: +∞ 0 -2 
P2: 0 1 0 
P3: 0 0 0 
",  style="filled", fillcolor = "#FF9696"];
7 [label = "P1: 3 0 0 
P2: 0 2 0 
P3: 0 0 0 
"];
8 [label = "P1: 3 0 0 
P2: 0 3 0 
P3: 0 0 0 
"];
9 [label = "P1: 3 0 0 
P2: 0 4 0 
P3: 0 0 0 
"];
10 [label = "P1: 3 0 -1 
P2: 0 2 0 
P3: 0 0 0 
"];
1010 [label = "P1: +∞ 0 -1 
P2: 0 2 0 
P3: 0 0 0 
",  style="filled", fillcolor = "#FF9696"];
11 [label = "P1: 3 0 -2 
P2: 0 2 0 
P3: 0 0 0 
"];
1111 [label = "P1: +∞ 0 -2 
P2: 0 2 0 
P3: 0 0 0 
",  style="filled", fillcolor = "#FF9696"];
12 [label = "P1: 2 0 0 
P2: 0 3 0 
P3: 0 0 0 
"];
13 [label = "P1: 3 0 0 
P2: 0 4 -1 
P3: 0 0 0 
"];
14 [label = "P1: 3 0 -1 
P2: 0 4 -1 
P3: 0 0 0 
"];
1414 [label = "P1: +∞ 0 -1 
P2: 0 4 -1 
P3: 0 0 0 
",  style="filled", fillcolor = "#FF9696"];
edge [style=bold];
0 -- 1 [color=black];
0 -- 2 [color="#1E96FF", penwidth=4.0];

1 -- 2 [color=black];

2 -- 3 [color="#1E96FF", penwidth=4.0];

3 -- 4 [color="#1E96FF", penwidth=4.0];

4 -- 5 [color="#1E96FF", penwidth=4.0];
4 -- 6 [color=black];
4 -- 7 [color=black];
4 -- 8 [color=black];
4 -- 9 [color=black];


5 -- 55 [color="#1E96FF", penwidth=4.0];

6 -- 66 [color=black];
7 -- 10 [color=black];
7 -- 11 [color=black];
7 -- 8 [color=black];
7 -- 9 [color=black];

8 -- 12 [color=black];
8 -- 9 [color=black];

9 -- 13 [color=black];
9 -- 14 [color=black];


10 -- 1010 [color=black];

11 -- 1111 [color=black];

13 -- 14 [color=black];


14 -- 1414 [color=black];
}
