digraph G {
color = "black"
0[label = "Index: 0 
P0: 0 0 0 
P1: 0 0 0 
P2: 0 0 0 
P3: 0 0 0 
", style="filled", fillcolor = "green"]
1[label = "Index: 1 
P0: 0 0 -1 
P1: 0 0 0 
P2: 0 0 0 
P3: 0 0 0 
"]
2[label = "Index: 2 
P0: 0 0 -2 
P1: 0 0 0 
P2: 0 0 0 
P3: 0 0 0 
", color = "orange"]
3[label = "Index: 3 
P0: 0 1 -2 
P1: 0 0 0 
P2: 0 0 0 
P3: 0 0 0 
"]
4[label = "Index: 4 
P0: 0 1 -2 
P1: 0 1 0 
P2: 0 0 0 
P3: 0 0 0 
"]
5[label = "Index: 5 
P0: 0 1 -2 
P1: 0 1 0 
P2: 0 1 0 
P3: 0 0 0 
", style="filled", fillcolor = "red"]
6[label = "Index: 6 
P0: 0 1 -2 
P1: 0 1 -1 
P2: 0 1 -1 
P3: 0 0 0 
"]
7[label = "Index: 7 
P0: 0 1 -2 
P1: 0 1 -2 
P2: 0 1 -2 
P3: 0 0 0 
"]
8[label = "Index: 8 
P3: 0 0 0 
", color = "fuchsia"]
9[label = "Index: 9 
P0: 0 1 -2 
P1: 0 1 0 
P2: 0 1 0 
", color = "orange"]
10[label = "Index: 10 
P0: 0 2 -2 
P1: 0 1 0 
P2: 0 1 0 
"]
11[label = "Index: 11 
P0: 0 3 -2 
P1: 0 1 0 
P2: 0 1 0 
"]
12[label = "Index: 12 
P0: 0 4 -2 
P1: 0 1 0 
P2: 0 1 0 
", color = "red"]
13[label = "Index: 13 
P0: 0 1 -1 
P1: 0 1 0 
P2: 0 1 0 
"]
14[label = "Index: 14 
P0: 0 1 0 
P1: 0 1 0 
P2: 0 1 0 
"]
15[label = "Index: 15 
P0: 0 2 -2 
P1: 0 2 0 
P2: 0 1 0 
"]
16[label = "Index: 16 
P0: 0 3 -2 
P1: 0 3 0 
P2: 0 1 0 
"]
17[label = "Index: 17 
P0: 0 4 -2 
P1: 0 4 0 
P2: 0 1 0 
"]
18[label = "Index: 18 
P0: 0 3 -2 
P1: 0 2 0 
P2: 0 1 0 
"]
19[label = "Index: 19 
P0: 0 4 -2 
P1: 0 3 0 
P2: 0 1 0 
"]
20[label = "Index: 20 
P0: -1 3 -2 
P1: 0 1 0 
P2: 0 1 0 
"]
21[label = "Index: 21 
P0: 0 4 -2 
P1: 0 2 0 
P2: 0 1 0 
"]
22[label = "Index: 22 
P1: 0 1 0 
P2: 0 1 0 
", color = "red"]
23[label = "Index: 23 
P0: 0 4 -2 
", color = "fuchsia"]
24[label = "Index: 24 
P2: 0 1 0 
", style="filled", fillcolor = "blue"]
25[label = "Index: 25 
P1: 0 1 0 
", color = "fuchsia"]
0 -> 1
0 -> 2

1 -> 0
1 -> 2

2 -> 0
2 -> 1
2 -> 3
2 -> 4
2 -> 5

3 -> 2
3 -> 4
3 -> 5

4 -> 2
4 -> 3
4 -> 5

5 -> 2
5 -> 3
5 -> 4
5 -> 6
5 -> 7
5 -> 8
5 -> 9

6 -> 5

7 -> 5

9 -> 10
9 -> 11
9 -> 12
9 -> 13
9 -> 14
9 -> 15
9 -> 16
9 -> 17

10 -> 9
10 -> 11
10 -> 12
10 -> 15
10 -> 18
10 -> 19

11 -> 9
11 -> 10
11 -> 20
11 -> 12
11 -> 18
11 -> 16
11 -> 21

12 -> 9
12 -> 10
12 -> 11
12 -> 22
12 -> 23

13 -> 9

14 -> 9

15 -> 9
15 -> 10

16 -> 9
16 -> 11

17 -> 9

18 -> 10
18 -> 11

19 -> 10

20 -> 11

21 -> 11

22 -> 24
22 -> 25

}
