digraph G {
color = "black"
0[label = "Index: 0 
P0: 0 0 0 
P1: 0 0 0 
P2: 0 0 0 
P3: 0 0 0 
P4: 0 0 0 
P5: 0 0 0 
P6: 0 0 0 
P7: 0 0 0 
", style="filled", fillcolor = "green"]
1[label = "Index: 1 
P0: -1 0 0 
P1: 0 0 0 
P2: 0 0 0 
P3: 0 0 0 
P4: 0 0 0 
P5: 0 0 0 
P6: 0 0 0 
P7: 0 0 0 
", color = "orange"]
2[label = "Index: 2 
P0: -1 0 0 
P1: 0 0 1 
P2: 0 0 0 
P3: 0 0 0 
P4: 0 0 0 
P5: 0 0 0 
P6: 0 0 0 
P7: 0 0 0 
"]
3[label = "Index: 3 
P0: -1 0 0 
P1: 0 0 2 
P2: 0 0 0 
P3: 0 0 0 
P4: 0 0 0 
P5: 0 0 0 
P6: 0 0 0 
P7: 0 0 0 
", color = "orange"]
4[label = "Index: 4 
P0: -2 0 0 
P1: 0 0 2 
P2: 0 0 0 
P3: 0 0 0 
P4: 0 0 0 
P5: 0 0 0 
P6: 0 0 0 
P7: 0 0 0 
", color = "orange"]
5[label = "Index: 5 
P0: -2 0 0 
P1: 0 0 2 
P2: 0 -1 0 
P3: 0 0 0 
P4: 0 0 0 
P5: 0 0 0 
P6: 0 0 0 
P7: 0 0 0 
", color = "orange"]
6[label = "Index: 6 
P0: -2 0 0 
P1: 0 0 2 
P2: 0 -1 0 
P3: 0 0 -1 
P4: 0 0 0 
P5: 0 0 0 
P6: 0 0 0 
P7: 0 0 0 
", color = "orange"]
7[label = "Index: 7 
P0: -2 0 0 
P1: 0 0 2 
P2: 0 -1 0 
P3: 0 0 -1 
P4: 0 0 -1 
P5: 0 0 0 
P6: 0 0 0 
P7: 0 0 0 
"]
8[label = "Index: 8 
P0: -2 0 0 
P1: 0 0 2 
P2: 0 -1 0 
P3: 0 0 -1 
P4: 0 0 0 
P5: -1 0 0 
P6: 0 0 0 
P7: 0 0 0 
"]
9[label = "Index: 9 
P0: -2 0 0 
P1: 0 0 2 
P2: 0 -1 0 
P3: 0 0 -1 
P4: 0 0 0 
P5: -2 0 0 
P6: 0 0 0 
P7: 0 0 0 
", color = "orange"]
10[label = "Index: 10 
P0: -2 0 0 
P1: 0 0 2 
P2: 0 -1 0 
P3: 0 0 -1 
P4: 0 0 -1 
P5: -1 0 0 
P6: 0 0 0 
P7: 0 0 0 
"]
11[label = "Index: 11 
P0: -2 0 0 
P1: 0 0 2 
P2: 0 -1 0 
P3: 0 0 -1 
P4: 0 0 -1 
P5: -2 0 0 
P6: 0 0 0 
P7: 0 0 0 
"]
12[label = "Index: 12 
P0: -2 0 0 
P1: 0 0 2 
P2: 0 -1 0 
P3: 0 0 -1 
P4: 0 0 -1 
P5: -2 0 0 
P6: 0 0 -1 
P7: 0 0 0 
", style="filled", fillcolor = "red"]
13[label = "Index: 13 
P0: -2 0 0 
P1: -1 0 2 
P2: 0 -1 0 
P3: 0 0 -1 
P4: 0 0 -1 
P5: -2 0 0 
P6: 0 0 -1 
P7: 0 0 0 
"]
14[label = "Index: 14 
P0: -3 0 0 
P1: -1 0 2 
P2: 0 -1 0 
P3: 0 0 -1 
P4: 0 0 -1 
P5: -2 0 0 
P6: 0 0 -1 
P7: 0 0 0 
"]
15[label = "Index: 15 
P0: -4 0 0 
P1: -2 0 2 
P2: 0 -1 0 
P3: 0 0 -1 
P4: 0 0 -1 
P5: -2 0 0 
P6: 0 0 -1 
P7: 0 0 0 
"]
16[label = "Index: 16 
P0: -5 0 0 
P1: -3 0 2 
P2: 0 -1 0 
P3: 0 0 -1 
P4: 0 0 -1 
P5: -2 0 0 
P6: 0 0 -1 
P7: 0 0 0 
"]
17[label = "Index: 17 
P2: 0 -1 0 
", color = "fuchsia"]
18[label = "Index: 18 
P0: -2 0 0 
P1: 0 0 2 
P3: 0 0 -1 
P4: 0 0 -1 
P5: -2 0 0 
P6: 0 0 -1 
P7: 0 0 0 
", color = "red"]
19[label = "Index: 19 
P0: -2 0 0 
P1: -1 0 2 
P3: 0 0 -1 
P4: 0 0 -1 
P5: -2 0 0 
P6: 0 0 -1 
P7: 0 0 0 
"]
20[label = "Index: 20 
P0: -3 0 0 
P1: -1 0 2 
P3: 0 0 -1 
P4: 0 0 -1 
P5: -2 0 0 
P6: 0 0 -1 
P7: 0 0 0 
"]
21[label = "Index: 21 
P0: -4 0 0 
P1: -2 0 2 
P3: 0 0 -1 
P4: 0 0 -1 
P5: -2 0 0 
P6: 0 0 -1 
P7: 0 0 0 
"]
22[label = "Index: 22 
P0: -5 0 0 
P1: -3 0 2 
P3: 0 0 -1 
P4: 0 0 -1 
P5: -2 0 0 
P6: 0 0 -1 
P7: 0 0 0 
"]
23[label = "Index: 23 
P0: -3 0 0 
P1: -1 0 2 
P3: -1 0 -1 
P4: -1 0 -1 
P5: -2 0 0 
P6: 0 0 -1 
P7: 0 0 0 
"]
24[label = "Index: 24 
P0: -4 0 0 
P1: -2 0 2 
P3: -2 0 -1 
P4: -2 0 -1 
P5: -2 0 0 
P6: 0 0 -1 
P7: 0 0 0 
"]
25[label = "Index: 25 
P0: -5 0 0 
P1: -3 0 2 
P3: -3 0 -1 
P4: -3 0 -1 
P5: -2 0 0 
P6: 0 0 -1 
P7: 0 0 0 
"]
26[label = "Index: 26 
P3: 0 0 -1 
P4: 0 0 -1 
P6: 0 0 -1 
P7: 0 0 0 
", color = "red"]
27[label = "Index: 27 
P6: 0 0 -1 
P7: 0 0 0 
", color = "blue"]
28[label = "Index: 28 
P6: 0 0 -1 
", color = "fuchsia"]
29[label = "Index: 29 
P7: 0 0 0 
", color = "fuchsia"]
30[label = "Index: 30 
P0: -2 0 0 
P1: 0 0 2 
P5: -2 0 0 
", color = "blue"]
31[label = "Index: 31 
P0: -2 0 0 
P5: -2 0 0 
", color = "red"]
32[label = "Index: 32 
P1: 0 0 2 
", color = "fuchsia"]
33[label = "Index: 33 
P5: -2 0 0 
", color = "fuchsia"]
34[label = "Index: 34 
P0: -2 0 0 
", color = "fuchsia"]
35[label = "Index: 35 
P3: 0 0 -1 
P4: 0 0 -1 
", color = "orange"]
36[label = "Index: 36 
P3: 0 0 -2 
P4: 0 0 -1 
"]
37[label = "Index: 37 
P3: 0 0 -3 
P4: 0 0 -1 
", color = "red"]
38[label = "Index: 38 
P3: 0 0 -4 
P4: 0 0 -1 
"]
39[label = "Index: 39 
P4: 0 0 -1 
", style="filled", fillcolor = "blue"]
40[label = "Index: 40 
P3: 0 0 -3 
", color = "fuchsia"]
0 -> 1

1 -> 0
1 -> 2
1 -> 3

2 -> 1
2 -> 3

3 -> 1
3 -> 2
3 -> 4

4 -> 3
4 -> 5

5 -> 4
5 -> 6
5 -> 7

6 -> 5
6 -> 7
6 -> 8
6 -> 9

7 -> 5
7 -> 6
7 -> 10
7 -> 11

8 -> 6
8 -> 10
8 -> 9

9 -> 6
9 -> 8
9 -> 11
9 -> 12

10 -> 7
10 -> 8
10 -> 11

11 -> 7
11 -> 9
11 -> 10
11 -> 12

12 -> 9
12 -> 11
12 -> 13
12 -> 14
12 -> 15
12 -> 16
12 -> 18
12 -> 17

13 -> 12

14 -> 12

15 -> 12

16 -> 12

18 -> 19
18 -> 20
18 -> 21
18 -> 22
18 -> 23
18 -> 24
18 -> 25
18 -> 26
18 -> 30

19 -> 18

20 -> 18

21 -> 18

22 -> 18

23 -> 18

24 -> 18

25 -> 18

26 -> 27
26 -> 35

27 -> 29
27 -> 28

30 -> 31
30 -> 32

31 -> 33
31 -> 34

35 -> 36
35 -> 37
35 -> 38

36 -> 35
36 -> 37
36 -> 38

37 -> 35
37 -> 36
37 -> 39
37 -> 40

38 -> 35
38 -> 36

}
