digraph G {
color = "black"
0[label = "Index: 0 
P0: 0 0 0 
P1: 0 0 0 
P2: 0 0 0 
P3: 0 0 0 
", style="filled", fillcolor = "green"]
1[label = "Index: 1 
P0: 1 0 0 
P1: 0 0 0 
P2: 0 0 0 
P3: 0 0 0 
"]
2[label = "Index: 2 
P0: 2 0 0 
P1: 0 0 0 
P2: 0 0 0 
P3: 0 0 0 
", color = "orange"]
3[label = "Index: 3 
P0: 1 0 0 
P1: 0 1 0 
P2: 0 0 0 
P3: 0 0 0 
"]
4[label = "Index: 4 
P0: 2 0 0 
P1: 0 1 0 
P2: 0 0 0 
P3: 0 0 0 
", color = "orange"]
5[label = "Index: 5 
P0: 2 0 0 
P1: 0 1 0 
P2: 0 0 1 
P3: 0 0 0 
"]
6[label = "Index: 6 
P0: 2 0 0 
P1: 0 1 1 
P2: 0 0 1 
P3: 0 0 0 
", style="filled", fillcolor = "red"]
7[label = "Index: 7 
P0: 2 0 0 
P1: 0 1 1 
P2: 0 0 2 
P3: 0 0 0 
", color = "purple"]
8[label = "Index: 8 
P0: 1 0 0 
P1: 0 1 1 
P2: 0 0 2 
P3: 0 0 0 
"]
9[label = "Index: 9 
P1: 0 1 1 
", color = "fuchsia"]
10[label = "Index: 10 
P0: 2 0 0 
P2: 0 0 1 
P3: 0 0 0 
", color = "red"]
11[label = "Index: 11 
P2: 0 0 1 
", color = "fuchsia"]
12[label = "Index: 12 
P0: 2 0 0 
P3: 0 0 0 
", color = "orange"]
13[label = "Index: 13 
P0: 1 0 0 
P3: 0 0 0 
"]
14[label = "Index: 14 
P0: 0 0 0 
P3: 0 0 0 
"]
15[label = "Index: 15 
P0: 2 1 0 
P3: 0 0 0 
", color = "red"]
16[label = "Index: 16 
P0: 2 1 0 
", style="filled", fillcolor = "blue"]
17[label = "Index: 17 
P3: 0 0 0 
", color = "fuchsia"]
0 -> 1
0 -> 2

1 -> 0
1 -> 2
1 -> 3

2 -> 0
2 -> 1
2 -> 4

3 -> 1
3 -> 4

4 -> 2
4 -> 3
4 -> 5
4 -> 6

5 -> 4
5 -> 6
5 -> 7

6 -> 4
6 -> 5
6 -> 10
6 -> 9

7 -> 5
7 -> 8

8 -> 7

10 -> 12
10 -> 11

12 -> 13
12 -> 14
12 -> 15

13 -> 12
13 -> 14

14 -> 12
14 -> 13

15 -> 12
15 -> 17
15 -> 16

}
