digraph G {
color = "black"
0[label = "Index: 0 
P0: 0 0 0 
P1: 0 0 0 
P2: 0 0 0 
P3: 0 0 0 
P4: 0 0 0 
P5: 0 0 0 
", color = "green"]
1[label = "Index: 1 
P0: 0 0 -1 
P1: 0 0 0 
P2: 0 0 0 
P3: 0 0 0 
P4: 0 0 0 
P5: 0 0 0 
", color = "orange"]
2[label = "Index: 2 
P0: 0 0 -1 
P1: 0 1 0 
P2: 0 0 0 
P3: 0 0 0 
P4: 0 0 0 
P5: 0 0 0 
"]
3[label = "Index: 3 
P0: 0 0 -1 
P1: 0 1 0 
P2: 0 1 0 
P3: 0 0 0 
P4: 0 0 0 
P5: 0 0 0 
"]
4[label = "Index: 4 
P0: 0 0 -1 
P1: 0 1 0 
P2: 0 1 0 
P3: 0 1 0 
P4: 0 0 0 
P5: 0 0 0 
", color = "orange"]
5[label = "Index: 5 
P0: 0 0 -2 
P1: 0 1 0 
P2: 0 1 0 
P3: 0 1 0 
P4: 0 0 0 
P5: 0 0 0 
", color = "orange"]
6[label = "Index: 6 
P0: 0 0 -2 
P1: 0 1 0 
P2: 0 1 0 
P3: 0 1 0 
P4: 0 -1 0 
P5: 0 0 0 
", color = "orange"]
7[label = "Index: 7 
P0: 0 0 -2 
P1: 0 1 -1 
P2: 0 1 -1 
P3: 0 1 -1 
P4: 0 -1 0 
P5: 0 0 0 
"]
8[label = "Index: 8 
P0: 0 0 -3 
P1: 0 1 -1 
P2: 0 1 -1 
P3: 0 1 -1 
P4: 0 -1 0 
P5: 0 0 0 
", color = "red"]
9[label = "Index: 9 
P0: 0 0 -2 
P1: 0 1 0 
P2: 0 1 0 
P3: 0 1 0 
P4: 0 -1 1 
P5: 0 0 0 
", color = "purple"]
10[label = "Index: 10 
P0: 0 0 -1 
P1: 0 1 0 
P2: 0 1 0 
P3: 0 1 0 
P4: 0 -1 1 
P5: 0 0 0 
"]
11[label = "Index: 11 
P0: 0 0 -2 
P1: -1 1 -1 
P2: -1 1 -1 
P3: -1 1 -1 
P4: 0 -1 0 
P5: 0 0 0 
", color = "purple"]
12[label = "Index: 12 
P0: 0 0 -2 
P1: 0 1 -1 
P2: 0 1 -1 
P3: 0 1 -1 
P4: 0 -1 1 
P5: 0 0 0 
", color = "purple"]
13[label = "Index: 13 
P0: 0 0 -1 
P1: 0 1 0 
P2: 0 1 0 
P3: 0 1 0 
P4: 1 -1 1 
P5: 0 0 0 
", color = "purple"]
14[label = "Index: 14 
P0: 1 0 -1 
P1: 0 1 0 
P2: 0 1 0 
P3: 0 1 0 
P4: 1 -1 1 
P5: 0 0 0 
", color = "purple"]
15[label = "Index: 15 
P0: 0 0 -2 
P1: 0 1 0 
P2: 0 1 0 
P3: 0 1 0 
P4: 1 -1 1 
P5: 0 0 0 
"]
16[label = "Index: 16 
P0: 0 0 -1 
P1: 0 1 0 
P2: 0 1 0 
P3: 0 0 0 
P4: 1 -1 1 
P5: 0 0 0 
"]
17[label = "Index: 17 
P0: 0 0 -1 
P1: 0 1 0 
P2: 0 0 0 
P3: 0 0 0 
P4: 1 -1 1 
P5: 0 0 0 
"]
18[label = "Index: 18 
P0: 0 0 -1 
P1: 0 0 0 
P2: 0 0 0 
P3: 0 0 0 
P4: 1 -1 1 
P5: 0 0 0 
"]
19[label = "Index: 19 
P1: 0 1 -1 
P2: 0 1 -1 
P3: 0 1 -1 
P4: 0 -1 0 
P5: 0 0 0 
", color = "green"]
20[label = "Index: 20 
P1: -1 1 -1 
P2: -1 1 -1 
P3: -1 1 -1 
P4: 0 -1 0 
P5: 0 0 0 
", color = "red"]
21[label = "Index: 21 
P1: 0 1 0 
P2: 0 1 0 
P3: 0 1 0 
P4: 0 -1 0 
P5: 0 0 0 
"]
22[label = "Index: 22 
P1: 0 1 -1 
P2: 0 1 -1 
P3: 0 1 -1 
P4: 0 -1 1 
P5: 0 0 0 
"]
23[label = "Index: 23 
P1: 0 1 0 
P2: 0 1 0 
P3: 0 1 0 
P4: 0 -1 1 
P5: 0 0 0 
"]
24[label = "Index: 24 
P2: -1 1 -1 
P3: -1 1 -1 
P4: 0 -1 0 
P5: 0 0 0 
", color = "red"]
25[label = "Index: 25 
P3: -1 1 -1 
P4: 0 -1 0 
P5: 0 0 0 
", color = "red"]
26[label = "Index: 26 
P4: 0 -1 0 
P5: 0 0 0 
", color = "green"]
27[label = "Index: 27 
P4: 0 0 0 
P5: 0 0 0 
"]
28[label = "Index: 28 
P4: 0 -1 1 
P5: 0 0 0 
", color = "orange"]
29[label = "Index: 29 
P4: 1 -1 1 
P5: 0 0 0 
", color = "red"]
30[label = "Index: 30 
P5: 0 0 0 
", color = "blue"]
0 -> 1

1 -> 0
1 -> 2
1 -> 3
1 -> 4

2 -> 1
2 -> 3
2 -> 4

3 -> 1
3 -> 2
3 -> 4

4 -> 1
4 -> 2
4 -> 3
4 -> 5

5 -> 4
5 -> 6

6 -> 5
6 -> 7
6 -> 8
6 -> 9
6 -> 10

7 -> 6
7 -> 8
7 -> 11
7 -> 12
7 -> 9
7 -> 10

8 -> 6
8 -> 7
8 -> 19

9 -> 6
9 -> 7
9 -> 10

10 -> 6
10 -> 7
10 -> 9
10 -> 12
10 -> 13
10 -> 14

11 -> 7

12 -> 7
12 -> 10

13 -> 10
13 -> 14
13 -> 15
13 -> 16
13 -> 17
13 -> 18

14 -> 10
14 -> 13

15 -> 13

16 -> 13

17 -> 13

18 -> 13

19 -> 20
19 -> 21
19 -> 22
19 -> 23

20 -> 19
20 -> 24[style=bold label=" Remove P1 "];


21 -> 19

22 -> 19

23 -> 19

24 -> 25[style=bold label=" Remove P2 "];


25 -> 26

26 -> 27
26 -> 28

27 -> 26

28 -> 26
28 -> 29

29 -> 28
29 -> 30[style=bold label=" Remove P4 "];


}
