graph G {
color = "black"
0 [label = "P1: 0 0 0 
P2: 0 0 0 
P3: 0 0 0 
P4: 0 0 0 
",  style="filled", fillcolor = "#96FF96"];
1 [label = "P1: 0 0 1 
P2: 0 0 0 
P3: 0 0 0 
P4: 0 0 0 
"];
2 [label = "P1: 0 0 1 
P2: 0 1 0 
P3: 0 0 0 
P4: 0 0 0 
"];
3 [label = "P1: 0 0 1 
P2: 0 2 0 
P3: 0 0 0 
P4: 0 0 0 
"];
4 [label = "P1: 0 0 2 
P2: 0 1 0 
P3: 0 0 0 
P4: 0 0 0 
"];
5 [label = "P1: 0 0 2 
P2: 0 2 0 
P3: 0 0 0 
P4: 0 0 0 
"];
6 [label = "P1: 0 0 1 
P2: 0 2 0 
P3: 0 0 1 
P4: 0 0 0 
"];
7 [label = "P1: 0 0 2 
P2: 0 2 0 
P3: 0 0 1 
P4: 0 0 0 
"];
8 [label = "P1: -1 0 2 
P2: 0 2 0 
P3: 0 0 0 
P4: 0 0 0 
",  style="filled", fillcolor = "#FF9696"];
9 [label = "P1: 0 0 2 
P2: 0 2 0 
P3: 0 0 2 
P4: 0 0 0 
",  style="filled", fillcolor = "#FF9696"];
10 [label = "P1: -1 0 2 
",  style="filled", fillcolor = "#FF96FF"];
11 [label = "P2: 0 2 0 
P3: 0 0 0 
P4: 0 0 0 
"];
12 [label = "P2: 0 1 0 
P3: 0 0 0 
P4: 0 0 0 
"];
13 [label = "P2: 0 0 0 
P3: 0 0 0 
P4: 0 0 0 
"];
14 [label = "P3: 0 0 0 
",  style="filled", fillcolor = "#FF96FF"];
15 [label = "P2: 0 2 0 
P4: 0 0 0 
"];
16 [label = "P2: 0 2 0 
", style="filled", fillcolor = "#9696FF"];
17 [label = "P4: 0 0 0 
",  style="filled", fillcolor = "#FF96FF"];
edge [style=bold];
0 -- 1 [color="#1E96FF", penwidth=4.0];

1 -- 2 [color=black];
1 -- 3 [color="#1E96FF", penwidth=4.0];

2 -- 4 [color=black];
2 -- 3 [color=black];

3 -- 5 [color="#1E96FF", penwidth=4.0];
3 -- 6 [color=black];
3 -- 7 [color=black];

4 -- 5 [color=black];

5 -- 8 [color="#1E96FF", penwidth=4.0];
5 -- 7 [color=black];
5 -- 9 [color=black];

6 -- 7 [color=black];
6 -- 9 [color=black];

7 -- 9 [color=black];

8 -- 11 [color="#1E96FF", penwidth=4.0];
8 -- 10 [color=black];


11 -- 12 [color=black];
11 -- 13 [color=black];
11 -- 15 [color="#1E96FF", penwidth=4.0];
11 -- 14 [color=black];



15 -- 17 [color=black];
15 -- 16 [color="#1E96FF", penwidth=4.0];

}
