digraph G {
color = "black"
0[label = "Index: 0 
P0: 0 0 0 
P1: 0 0 0 
P2: 0 0 0 
P3: 0 0 0 
", style="filled", fillcolor = "green"]
1[label = "Index: 1 
P0: 0 0 -1 
P1: 0 0 0 
P2: 0 0 0 
P3: 0 0 0 
", color = "orange"]
2[label = "Index: 2 
P0: 0 0 -1 
P1: 1 0 0 
P2: 0 0 0 
P3: 0 0 0 
", color = "orange"]
3[label = "Index: 3 
P0: 0 0 -1 
P1: 1 0 0 
P2: 0 0 1 
P3: 0 0 0 
"]
4[label = "Index: 4 
P0: 0 0 -1 
P1: 1 0 0 
P2: 0 0 2 
P3: 0 0 0 
", color = "orange"]
5[label = "Index: 5 
P0: 0 -1 -1 
P1: 1 0 0 
P2: 0 0 2 
P3: 0 0 0 
", color = "orange"]
6[label = "Index: 6 
P0: 0 -1 -1 
P1: 2 0 0 
P2: 0 0 2 
P3: 0 0 0 
", color = "orange"]
7[label = "Index: 7 
P0: 0 -1 -1 
P1: 2 0 1 
P2: 0 0 2 
P3: 0 0 0 
", color = "orange"]
8[label = "Index: 8 
P0: 0 0 -1 
P1: 2 0 1 
P2: 0 0 2 
P3: 0 0 0 
", color = "orange"]
9[label = "Index: 9 
P0: 0 0 -1 
P1: 2 0 1 
P2: 1 0 2 
P3: 0 0 0 
"]
10[label = "Index: 10 
P0: 0 0 -1 
P1: 3 0 1 
P2: 1 0 2 
P3: 0 0 0 
", color = "orange"]
11[label = "Index: 11 
P0: 0 1 -1 
P1: 3 0 1 
P2: 1 0 2 
P3: 0 0 0 
", color = "orange"]
12[label = "Index: 12 
P0: -1 1 -1 
P1: 2 0 1 
P2: 0 0 2 
P3: 0 0 0 
", style="filled", fillcolor = "red"]
13[label = "Index: 13 
P0: -1 1 -1 
", color = "fuchsia"]
14[label = "Index: 14 
P1: 2 0 1 
P2: 0 0 2 
P3: 0 0 0 
", color = "orange"]
15[label = "Index: 15 
P1: 2 0 0 
P2: 0 0 2 
P3: 0 0 0 
"]
16[label = "Index: 16 
P1: 2 0 1 
P2: 1 0 2 
P3: 0 0 0 
"]
17[label = "Index: 17 
P1: 3 0 1 
P2: 1 0 2 
P3: 0 0 0 
"]
18[label = "Index: 18 
P1: 4 0 1 
P2: 2 0 2 
P3: 0 0 0 
", color = "red"]
19[label = "Index: 19 
P1: 2 0 0 
P2: 0 0 1 
P3: 0 0 0 
"]
20[label = "Index: 20 
P1: 1 0 0 
P2: 0 0 2 
P3: 0 0 0 
"]
21[label = "Index: 21 
P1: 2 0 0 
P2: 1 0 2 
P3: 0 0 0 
"]
22[label = "Index: 22 
P1: 3 0 1 
P2: 2 0 2 
P3: 0 0 0 
"]
23[label = "Index: 23 
P1: 4 0 1 
", color = "fuchsia"]
24[label = "Index: 24 
P2: 2 0 2 
P3: 0 0 0 
", color = "red"]
25[label = "Index: 25 
P2: 2 0 2 
", style="filled", fillcolor = "blue"]
26[label = "Index: 26 
P3: 0 0 0 
", color = "fuchsia"]
0 -> 1

1 -> 0
1 -> 2

2 -> 1
2 -> 3
2 -> 4

3 -> 2
3 -> 4

4 -> 2
4 -> 3
4 -> 5

5 -> 4
5 -> 6

6 -> 5
6 -> 7

7 -> 6
7 -> 8

8 -> 7
8 -> 9
8 -> 10

9 -> 8
9 -> 10

10 -> 8
10 -> 9
10 -> 11

11 -> 10
11 -> 12

12 -> 11
12 -> 14
12 -> 13

14 -> 15
14 -> 16
14 -> 17
14 -> 18
14 -> 19

15 -> 14
15 -> 20
15 -> 21
15 -> 19

16 -> 14
16 -> 17
16 -> 21
16 -> 22

17 -> 14
17 -> 16
17 -> 22
17 -> 18

18 -> 14
18 -> 17
18 -> 24
18 -> 23

19 -> 14
19 -> 15

20 -> 15

21 -> 15
21 -> 16

22 -> 16
22 -> 17

24 -> 26
24 -> 25

}
