graph G {
color = "black"
0 [label = "P1: 0 0 0 
P2: 0 0 0 
P3: 0 0 0 
P4: 0 0 0 
",  style="filled", fillcolor = "#96FF96"];
1 [label = "P1: 0 0 1 
P2: 0 0 0 
P3: 0 0 0 
P4: 0 0 0 
"];
2 [label = "P1: 0 0 1 
P2: 0 1 0 
P3: 0 0 0 
P4: 0 0 0 
"];
3 [label = "P1: 0 0 1 
P2: 0 2 0 
P3: 0 0 0 
P4: 0 0 0 
"];
4 [label = "P1: 0 0 2 
P2: 0 1 0 
P3: 0 0 0 
P4: 0 0 0 
"];
5 [label = "P1: 0 0 2 
P2: 0 2 0 
P3: 0 0 0 
P4: 0 0 0 
"];
6 [label = "P1: 0 0 2 
P2: 0 2 1 
P3: 0 0 0 
P4: 0 0 0 
"];
7 [label = "P1: -1 0 2 
P2: 0 2 0 
P3: 0 0 0 
P4: 0 0 0 
"];
8 [label = "P1: -1 0 2 
P2: 0 2 1 
P3: 0 0 0 
P4: 0 0 0 
"];
9 [label = "P1: -1 0 3 
P2: 0 2 1 
P3: 0 0 0 
P4: 0 0 0 
",  style="filled", fillcolor = "#FF9696"];
10 [label = "P1: -1 0 4 
P2: 0 2 2 
P3: 0 0 0 
P4: 0 0 0 
",  style="filled", fillcolor = "#FF9696"];
11 [label = "P1: -1 0 3 
P2: 0 2 2 
P3: 0 0 0 
P4: 0 0 0 
",  style="filled", fillcolor = "#FF9696"];
12 [label = "P1: -1 0 3 
",  style="filled", fillcolor = "#FF96FF"];
13 [label = "P2: 0 2 1 
P3: 0 0 0 
P4: 0 0 0 
"];
14 [label = "P2: 0 2 0 
P3: 0 0 0 
P4: 0 0 0 
"];
15 [label = "P2: 0 2 2 
P3: 0 0 0 
P4: 0 0 0 
"];
16 [label = "P2: 0 1 0 
P3: 0 0 0 
P4: 0 0 0 
"];
17 [label = "P2: 0 0 0 
P3: 0 0 0 
P4: 0 0 0 
"];
18 [label = "P2: 0 2 2 
",  style="filled", fillcolor = "#FF96FF"];
19 [label = "P3: 0 0 0 
P4: 0 0 0 
"];
20 [label = "P3: 1 0 0 
P4: 0 0 0 
"];
21 [label = "P3: 1 0 0 
", style="filled", fillcolor = "#9696FF"];
22 [label = "P4: 0 0 0 
",  style="filled", fillcolor = "#FF96FF"];
edge [style=bold];
0 -- 1 [color="#1E96FF", penwidth=4.0];

1 -- 2 [color=black];
1 -- 3 [color="#1E96FF", penwidth=4.0];

2 -- 4 [color=black];
2 -- 3 [color=black];

3 -- 5 [color="#1E96FF", penwidth=4.0];
3 -- 6 [color=black];

4 -- 5 [color=black];

5 -- 7 [color="#1E96FF", penwidth=4.0];
5 -- 6 [color=black];

6 -- 8 [color=black];

7 -- 8 [color=black];
7 -- 9 [color="#1E96FF", penwidth=4.0];
7 -- 10 [color=black];

8 -- 9 [color=black];
8 -- 11 [color=black];

9 -- 13 [color=black];
9 -- 12 [color=black];



13 -- 14 [color=black];
13 -- 15 [color="#1E96FF", penwidth=4.0];

14 -- 16 [color=black];
14 -- 17 [color=black];
14 -- 15 [color=black];

15 -- 19 [color="#1E96FF", penwidth=4.0];
15 -- 18 [color=black];



19 -- 20 [color="#1E96FF", penwidth=4.0];

20 -- 22 [color=black];
20 -- 21 [color="#1E96FF", penwidth=4.0];

}
