digraph G {
color = "black"
0[label = "Index: 0 
P0: 0 0 0 
P1: 0 0 0 
P2: 0 0 0 
P3: 0 0 0 
P4: 0 0 0 
", style="filled", fillcolor = "green"]
1[label = "Index: 1 
P0: 0 -1 0 
P1: 0 0 0 
P2: 0 0 0 
P3: 0 0 0 
P4: 0 0 0 
", color = "orange"]
2[label = "Index: 2 
P0: 1 -1 0 
P1: 0 0 0 
P2: 0 0 0 
P3: 0 0 0 
P4: 0 0 0 
"]
3[label = "Index: 3 
P0: 1 -1 0 
P1: 1 0 0 
P2: 0 0 0 
P3: 0 0 0 
P4: 0 0 0 
"]
4[label = "Index: 4 
P0: 1 -1 0 
P1: 1 0 0 
P2: 1 0 0 
P3: 0 0 0 
P4: 0 0 0 
", color = "orange"]
5[label = "Index: 5 
P0: 1 -1 0 
P1: 1 0 0 
P2: 1 0 0 
P3: 0 1 0 
P4: 0 0 0 
", color = "orange"]
6[label = "Index: 6 
P0: 1 0 0 
P1: 1 0 0 
P2: 1 0 0 
P3: 0 1 0 
P4: 0 0 0 
"]
7[label = "Index: 7 
P0: 0 -1 0 
P1: 0 0 0 
P2: 0 0 0 
P3: -1 1 0 
P4: 0 0 0 
", color = "orange"]
8[label = "Index: 8 
P0: 0 0 0 
P1: 0 0 0 
P2: 0 0 0 
P3: -1 1 0 
P4: 0 0 0 
"]
9[label = "Index: 9 
P0: 0 -1 0 
P1: 0 0 0 
P2: 0 0 0 
P3: -1 2 0 
P4: 0 0 0 
", color = "orange"]
10[label = "Index: 10 
P0: 0 0 0 
P1: 0 0 0 
P2: 0 0 0 
P3: -1 2 0 
P4: 0 0 0 
"]
11[label = "Index: 11 
P0: 1 -1 0 
P1: 0 0 0 
P2: 0 0 0 
P3: -1 2 0 
P4: 0 0 0 
", color = "orange"]
12[label = "Index: 12 
P0: 2 -1 0 
P1: 0 0 0 
P2: 0 0 0 
P3: -1 2 0 
P4: 0 0 0 
"]
13[label = "Index: 13 
P0: 0 -1 0 
P1: 0 0 0 
P2: 0 0 0 
P3: -1 2 -1 
P4: 0 0 0 
"]
14[label = "Index: 14 
P0: 0 0 0 
P1: 0 0 0 
P2: 0 0 0 
P3: -1 2 -1 
P4: 0 0 0 
"]
15[label = "Index: 15 
P0: 1 -1 1 
P1: 0 0 0 
P2: 0 0 0 
P3: -1 2 0 
P4: 0 0 0 
", style="filled", fillcolor = "red"]
16[label = "Index: 16 
P0: 1 -1 0 
P1: 0 0 0 
P2: 0 0 0 
P3: -1 2 -1 
P4: 0 0 0 
"]
17[label = "Index: 17 
P0: 2 -1 1 
P1: 0 0 0 
P2: 0 0 0 
P3: -1 2 0 
P4: 0 0 0 
", color = "purple"]
18[label = "Index: 18 
P0: 2 -1 0 
P1: 0 0 0 
P2: 0 0 0 
P3: -1 2 -1 
P4: 0 0 0 
"]
19[label = "Index: 19 
P0: 1 -1 0 
P1: 1 0 0 
P2: 0 0 0 
P3: -1 2 -1 
P4: 0 0 0 
"]
20[label = "Index: 20 
P0: 1 -1 0 
P1: 1 0 0 
P2: 1 0 0 
P3: -1 2 -1 
P4: 0 0 0 
"]
21[label = "Index: 21 
P0: 0 -1 0 
P1: 0 0 0 
P2: 0 0 0 
P3: -2 2 -1 
P4: 0 0 0 
", color = "purple"]
22[label = "Index: 22 
P0: 1 -1 1 
P1: 0 0 0 
P2: 0 0 0 
P3: -1 2 -1 
P4: 0 0 0 
", color = "purple"]
23[label = "Index: 23 
P0: 2 -1 0 
P1: 1 0 0 
P2: 0 0 0 
P3: -1 2 -1 
P4: 0 0 0 
"]
24[label = "Index: 24 
P0: 2 -1 0 
P1: 1 0 0 
P2: 1 0 0 
P3: -1 2 -1 
P4: 0 0 0 
"]
25[label = "Index: 25 
P0: 1 -1 0 
P1: 0 0 0 
P2: 0 0 0 
P3: -2 2 -1 
P4: 0 0 0 
", color = "purple"]
26[label = "Index: 26 
P0: 2 -1 1 
P1: 0 0 0 
P2: 0 0 0 
P3: -1 2 -1 
P4: 0 0 0 
", color = "purple"]
27[label = "Index: 27 
P0: 2 -1 0 
P1: 0 0 0 
P2: 0 0 0 
P3: -2 2 -1 
P4: 0 0 0 
", color = "purple"]
28[label = "Index: 28 
P0: 2 -1 1 
P1: 1 0 0 
P2: 0 0 0 
P3: -1 2 -1 
P4: 0 0 0 
", color = "purple"]
29[label = "Index: 29 
P0: 2 -1 1 
P1: 1 0 0 
P2: 1 0 0 
P3: -1 2 -1 
P4: 0 0 0 
", color = "purple"]
30[label = "Index: 30 
P0: 1 -1 1 
P1: 0 0 0 
P2: 0 0 0 
P3: -2 2 -1 
P4: 0 0 0 
"]
31[label = "Index: 31 
P0: 2 -1 1 
P1: 0 0 0 
P2: 0 0 0 
P3: -2 2 -1 
P4: 0 0 0 
"]
32[label = "Index: 32 
P0: 1 -1 1 
", color = "fuchsia"]
33[label = "Index: 33 
P1: 0 0 0 
P2: 0 0 0 
P3: -1 2 0 
P4: 0 0 0 
", color = "orange"]
34[label = "Index: 34 
P1: 0 0 0 
P2: 0 0 0 
P3: -1 1 0 
P4: 0 0 0 
"]
35[label = "Index: 35 
P1: 0 0 0 
P2: 0 0 0 
P3: -1 2 -1 
P4: 0 0 0 
", color = "orange"]
36[label = "Index: 36 
P1: 1 0 0 
P2: 1 0 0 
P3: 0 1 0 
P4: 0 0 0 
"]
37[label = "Index: 37 
P1: 1 0 0 
P2: 0 0 0 
P3: -1 2 -1 
P4: 0 0 0 
"]
38[label = "Index: 38 
P1: 1 0 0 
P2: 1 0 0 
P3: -1 2 -1 
P4: 0 0 0 
"]
39[label = "Index: 39 
P1: 0 0 0 
P2: 0 0 0 
P3: -2 2 -1 
P4: 0 0 0 
", color = "red"]
40[label = "Index: 40 
P1: 1 0 0 
P2: 1 0 0 
P3: 0 0 0 
P4: 0 0 0 
"]
41[label = "Index: 41 
P3: -2 2 -1 
", color = "fuchsia"]
42[label = "Index: 42 
P1: 0 0 0 
P2: 0 0 0 
P4: 0 0 0 
", color = "orange"]
43[label = "Index: 43 
P1: 1 0 0 
P2: 0 0 0 
P4: 0 0 0 
", color = "orange"]
44[label = "Index: 44 
P1: 1 0 0 
P2: 1 0 0 
P4: 0 0 0 
"]
45[label = "Index: 45 
P1: 2 0 0 
P2: 2 0 0 
P4: 0 0 0 
"]
46[label = "Index: 46 
P1: 3 0 0 
P2: 3 0 0 
P4: 0 0 0 
"]
47[label = "Index: 47 
P1: 4 0 0 
P2: 4 0 0 
P4: 0 0 0 
"]
48[label = "Index: 48 
P1: 2 0 0 
P2: 1 0 0 
P4: 0 0 0 
"]
49[label = "Index: 49 
P1: 3 0 0 
P2: 2 0 0 
P4: 0 0 0 
"]
50[label = "Index: 50 
P1: 4 0 0 
P2: 3 0 0 
P4: 0 0 0 
"]
51[label = "Index: 51 
P1: 5 0 0 
P2: 4 0 0 
P4: 0 0 0 
", color = "orange"]
52[label = "Index: 52 
P1: 3 -1 0 
P2: 3 -1 0 
P4: 0 0 0 
"]
53[label = "Index: 53 
P1: 4 -1 0 
P2: 4 -1 0 
P4: 0 0 0 
"]
54[label = "Index: 54 
P1: 4 0 0 
P2: 3 -1 0 
P4: 0 0 0 
"]
55[label = "Index: 55 
P1: 4 -1 0 
P2: 3 -1 0 
P4: 0 0 0 
"]
56[label = "Index: 56 
P1: 5 0 0 
P2: 4 -1 0 
P4: 0 0 0 
"]
57[label = "Index: 57 
P1: 5 -1 0 
P2: 4 -1 0 
P4: 0 0 0 
", color = "orange"]
58[label = "Index: 58 
P1: 5 0 0 
P2: 3 -1 0 
P4: 0 0 0 
"]
59[label = "Index: 59 
P1: 6 0 0 
P2: 3 -1 0 
P4: 0 0 0 
"]
60[label = "Index: 60 
P1: 6 0 0 
P2: 4 -1 0 
P4: 0 0 0 
"]
61[label = "Index: 61 
P1: 7 0 0 
P2: 4 -1 0 
P4: 0 0 0 
"]
62[label = "Index: 62 
P1: 5 -1 1 
P2: 4 -1 1 
P4: 0 0 0 
", color = "red"]
63[label = "Index: 63 
P1: 6 -1 0 
P2: 3 -1 0 
P4: 0 0 0 
"]
64[label = "Index: 64 
P1: 6 0 0 
P2: 3 0 0 
P4: 0 0 0 
"]
65[label = "Index: 65 
P1: 6 1 0 
P2: 3 0 0 
P4: 0 0 0 
"]
66[label = "Index: 66 
P1: 6 1 0 
P2: 4 0 0 
P4: 0 0 0 
"]
67[label = "Index: 67 
P1: 7 -1 0 
P2: 4 -1 0 
P4: 0 0 0 
"]
68[label = "Index: 68 
P1: 7 0 1 
P2: 4 -1 0 
P4: 0 0 0 
"]
69[label = "Index: 69 
P1: 7 0 0 
P2: 4 0 0 
P4: 0 0 0 
"]
70[label = "Index: 70 
P1: 7 1 0 
P2: 4 0 0 
P4: 0 0 0 
"]
71[label = "Index: 71 
P1: 7 0 1 
P2: 4 -1 1 
P4: 0 0 0 
"]
72[label = "Index: 72 
P1: 7 0 2 
P2: 4 -1 2 
P4: 0 0 0 
"]
73[label = "Index: 73 
P1: 5 -1 1 
P2: 5 -1 1 
P4: 0 0 0 
"]
74[label = "Index: 74 
P1: 5 -1 1 
P2: 4 -2 1 
P4: 0 0 0 
"]
75[label = "Index: 75 
P4: 0 0 0 
", color = "fuchsia"]
76[label = "Index: 76 
P1: 5 -1 1 
P2: 4 -1 1 
", color = "orange"]
77[label = "Index: 77 
P1: 4 -1 1 
P2: 4 -1 1 
"]
78[label = "Index: 78 
P1: 5 0 1 
P2: 4 -1 1 
", color = "orange"]
79[label = "Index: 79 
P1: 6 0 1 
P2: 4 -1 1 
"]
80[label = "Index: 80 
P1: 7 0 1 
P2: 4 -1 1 
", color = "orange"]
81[label = "Index: 81 
P1: 7 -1 1 
P2: 4 -1 1 
"]
82[label = "Index: 82 
P1: 7 0 2 
P2: 4 -1 1 
", color = "red"]
83[label = "Index: 83 
P1: 7 -1 0 
P2: 4 -1 1 
"]
84[label = "Index: 84 
P2: 4 -1 1 
", style="filled", fillcolor = "blue"]
85[label = "Index: 85 
P1: 7 0 2 
", color = "fuchsia"]
0 -> 1

1 -> 0
1 -> 2
1 -> 3
1 -> 4

2 -> 1
2 -> 3
2 -> 4

3 -> 1
3 -> 2
3 -> 4

4 -> 1
4 -> 2
4 -> 3
4 -> 5
4 -> 6

5 -> 4
5 -> 6
5 -> 7

6 -> 4
6 -> 5
6 -> 8

7 -> 5
7 -> 8
7 -> 9
7 -> 10

8 -> 6
8 -> 7
8 -> 10

9 -> 7
9 -> 11
9 -> 12
9 -> 10
9 -> 13

10 -> 7
10 -> 8
10 -> 9
10 -> 14

11 -> 9
11 -> 12
11 -> 15
11 -> 16

12 -> 9
12 -> 11
12 -> 17
12 -> 18

13 -> 9
13 -> 16
13 -> 18
13 -> 14
13 -> 19
13 -> 20
13 -> 21

14 -> 10
14 -> 13

15 -> 11
15 -> 16
15 -> 33
15 -> 32

16 -> 11
16 -> 13
16 -> 18
16 -> 22
16 -> 19
16 -> 23
16 -> 20
16 -> 24
16 -> 25
16 -> 21
16 -> 15

17 -> 12
17 -> 18

18 -> 12
18 -> 13
18 -> 16
18 -> 26
18 -> 23
18 -> 24
18 -> 27
18 -> 25
18 -> 17

19 -> 13
19 -> 16
19 -> 23
19 -> 20
19 -> 24
19 -> 25
19 -> 21

20 -> 13
20 -> 16
20 -> 19
20 -> 24
20 -> 25
20 -> 21

21 -> 13
21 -> 16
21 -> 19
21 -> 20
21 -> 25
21 -> 27

22 -> 16

23 -> 16
23 -> 18
23 -> 19
23 -> 28
23 -> 24
23 -> 27
23 -> 25

24 -> 16
24 -> 18
24 -> 19
24 -> 20
24 -> 23
24 -> 29
24 -> 27
24 -> 25

25 -> 16
25 -> 18
25 -> 19
25 -> 20
25 -> 21
25 -> 23
25 -> 24
25 -> 27
25 -> 30

26 -> 18

27 -> 18
27 -> 21
27 -> 23
27 -> 24
27 -> 25
27 -> 31

28 -> 23

29 -> 24

30 -> 25

31 -> 27

33 -> 34
33 -> 35

34 -> 33
34 -> 36

35 -> 33
35 -> 37
35 -> 38
35 -> 39

36 -> 34
36 -> 40

37 -> 35
37 -> 38
37 -> 39

38 -> 35
38 -> 37
38 -> 39

39 -> 35
39 -> 37
39 -> 38
39 -> 42
39 -> 41

40 -> 36

42 -> 43
42 -> 44
42 -> 45
42 -> 46
42 -> 47

43 -> 42
43 -> 44
43 -> 48
43 -> 49
43 -> 50
43 -> 51

44 -> 42
44 -> 43
44 -> 48
44 -> 45
44 -> 46
44 -> 47

45 -> 42
