digraph G {
color = "black"
0[label = "Index: 0 
P0: 0 0 0 
P1: 0 0 0 
P2: 0 0 0 
P3: 0 0 0 
P4: 0 0 0 
", color = "green"]
1[label = "Index: 1 
P0: 0 0 -1 
P1: 0 0 0 
P2: 0 0 0 
P3: 0 0 0 
P4: 0 0 0 
", color = "orange"]
2[label = "Index: 2 
P0: 0 0 -1 
P1: -1 0 0 
P2: 0 0 0 
P3: 0 0 0 
P4: 0 0 0 
", color = "orange"]
3[label = "Index: 3 
P0: 0 0 -1 
P1: -1 0 0 
P2: 0 1 0 
P3: 0 0 0 
P4: 0 0 0 
", color = "orange"]
4[label = "Index: 4 
P0: 0 0 -1 
P1: -1 0 0 
P2: 0 1 0 
P3: 0 0 -1 
P4: 0 0 0 
"]
5[label = "Index: 5 
P0: 0 0 -2 
P1: -1 0 0 
P2: 0 1 0 
P3: 0 0 -1 
P4: 0 0 0 
"]
6[label = "Index: 6 
P0: 0 0 -3 
P1: -1 0 0 
P2: 0 1 0 
P3: 0 0 -2 
P4: 0 0 0 
", color = "orange"]
7[label = "Index: 7 
P0: 0 0 -2 
P1: -1 0 0 
P2: 0 1 0 
P3: 0 0 -2 
P4: 0 0 0 
"]
8[label = "Index: 8 
P0: 0 0 -2 
P1: -2 0 0 
P2: 0 1 0 
P3: 0 0 -1 
P4: 0 0 0 
"]
9[label = "Index: 9 
P0: 0 0 -3 
P1: -2 0 0 
P2: 0 1 0 
P3: 0 0 -2 
P4: 0 0 0 
", color = "orange"]
10[label = "Index: 10 
P0: 0 0 -2 
P1: -2 0 0 
P2: 0 1 0 
P3: 0 0 -2 
P4: 0 0 0 
"]
11[label = "Index: 11 
P0: 0 0 -3 
P1: -2 0 -1 
P2: 0 1 0 
P3: 0 0 -2 
P4: 0 0 0 
"]
12[label = "Index: 12 
P0: 0 0 -3 
P1: -2 0 0 
P2: 0 2 0 
P3: 0 0 -2 
P4: 0 0 0 
", color = "orange"]
13[label = "Index: 13 
P0: 0 0 -3 
P1: -2 0 0 
P2: 0 3 0 
P3: 0 0 -2 
P4: 0 0 0 
"]
14[label = "Index: 14 
P0: 1 0 -3 
P1: -1 0 0 
P2: 1 2 0 
P3: 1 0 -2 
P4: 0 0 0 
", color = "red"]
15[label = "Index: 15 
P0: 0 0 -3 
P1: -2 0 -1 
P2: 0 3 0 
P3: 0 0 -2 
P4: 0 0 0 
"]
16[label = "Index: 16 
P0: 0 0 -3 
P1: -2 0 0 
P2: 1 3 0 
P3: 0 0 -2 
P4: 0 0 0 
", color = "purple"]
17[label = "Index: 17 
P0: 0 0 -3 
P1: -2 0 0 
P2: 0 3 1 
P3: 0 0 -2 
P4: 0 0 0 
", color = "purple"]
18[label = "Index: 18 
P0: 0 0 -2 
P1: -2 0 0 
P2: 0 3 1 
P3: 0 0 -2 
P4: 0 0 0 
"]
19[label = "Index: 19 
P0: 0 0 -3 
P1: -1 0 0 
P2: 1 3 0 
P3: 0 0 -2 
P4: 0 0 0 
", color = "purple"]
20[label = "Index: 20 
P0: 0 0 -3 
P1: -2 0 1 
P2: 0 3 1 
P3: 0 0 -2 
P4: 0 0 0 
", color = "purple"]
21[label = "Index: 21 
P0: 0 0 -2 
P1: -2 0 1 
P2: 0 3 1 
P3: 0 0 -2 
P4: 0 0 0 
"]
22[label = "Index: 22 
P0: 0 0 -2 
P1: -2 0 0 
P2: 0 3 1 
P3: 0 0 -1 
P4: 0 0 0 
"]
23[label = "Index: 23 
P0: 1 0 -3 
P1: -1 0 0 
P2: 1 3 0 
P3: 1 0 -2 
P4: 0 0 0 
", color = "purple"]
24[label = "Index: 24 
P0: 0 0 -2 
P1: -2 0 1 
P2: 0 3 1 
P3: 0 0 -1 
P4: 0 0 0 
"]
25[label = "Index: 25 
P0: 1 0 -3 
P1: -1 0 0 
P2: 1 2 0 
P3: 1 0 -3 
P4: 0 0 0 
"]
26[label = "Index: 26 
P0: 0 0 -3 
P1: -1 0 -1 
P2: 0 3 0 
P3: 0 0 -2 
P4: 0 0 0 
"]
27[label = "Index: 27 
P0: 0 0 -3 
P1: -2 0 -1 
P2: 1 3 0 
P3: 0 0 -2 
P4: 0 0 0 
", color = "purple"]
28[label = "Index: 28 
P0: 0 0 -3 
P1: -1 0 -1 
P2: 1 3 0 
P3: 0 0 -2 
P4: 0 0 0 
", color = "purple"]
29[label = "Index: 29 
P0: 0 0 -3 
P1: -2 0 1 
P2: 0 3 2 
P3: 0 0 -2 
P4: 0 0 0 
", color = "purple"]
30[label = "Index: 30 
P0: 1 0 -3 
P1: -1 0 -1 
P2: 0 3 0 
P3: 1 0 -2 
P4: 0 0 0 
", color = "purple"]
31[label = "Index: 31 
P0: 1 0 -3 
P1: -1 0 -1 
P2: 1 3 0 
P3: 1 0 -2 
P4: 0 0 0 
", color = "purple"]
32[label = "Index: 32 
P0: 0 0 -1 
P1: -2 0 1 
P2: 0 3 2 
P3: 0 0 0 
P4: 0 0 0 
"]
33[label = "Index: 33 
P0: 0 0 -2 
P1: -2 0 0 
P2: 1 3 0 
P3: 0 0 -2 
P4: 0 0 0 
"]
34[label = "Index: 34 
P0: 0 0 -3 
P1: -1 0 0 
P2: 0 3 1 
P3: 0 0 -2 
P4: 0 0 0 
", color = "purple"]
35[label = "Index: 35 
P0: 0 0 -2 
P1: -1 0 0 
P2: 0 3 1 
P3: 0 0 -2 
P4: 0 0 0 
"]
36[label = "Index: 36 
P0: 0 0 -2 
P1: -2 0 0 
P2: 1 3 1 
P3: 0 0 -2 
P4: 0 0 0 
", color = "purple"]
37[label = "Index: 37 
P0: 0 0 -2 
P1: -1 0 0 
P2: 1 3 1 
P3: 0 0 -2 
P4: 0 0 0 
", color = "purple"]
38[label = "Index: 38 
P0: 0 0 -2 
P1: -2 0 1 
P2: 0 3 2 
P3: 0 0 -2 
P4: 0 0 0 
", color = "purple"]
39[label = "Index: 39 
P0: 1 0 -2 
P1: -1 0 0 
P2: 0 3 1 
P3: 1 0 -2 
P4: 0 0 0 
", color = "purple"]
40[label = "Index: 40 
P0: 0 0 -2 
P1: -2 0 1 
P2: 0 3 2 
P3: 0 0 -1 
P4: 0 0 0 
", color = "purple"]
41[label = "Index: 41 
P0: 1 0 -2 
P1: -1 0 0 
P2: 1 3 1 
P3: 1 0 -2 
P4: 0 0 0 
", color = "purple"]
42[label = "Index: 42 
P0: 0 0 -1 
P1: -2 0 1 
P2: 0 3 2 
P3: 0 0 -1 
P4: 0 0 0 
"]
43[label = "Index: 43 
P0: 0 0 -2 
P1: -1 0 0 
P2: 1 3 0 
P3: 0 0 -2 
P4: 0 0 0 
"]
44[label = "Index: 44 
P0: 0 0 -2 
P1: -2 0 1 
P2: 1 3 1 
P3: 0 0 -2 
P4: 0 0 0 
", color = "purple"]
45[label = "Index: 45 
P0: 0 0 -2 
P1: -1 0 0 
P2: 0 3 1 
P3: 0 0 -1 
P4: 0 0 0 
"]
46[label = "Index: 46 
P0: 0 0 -2 
P1: -2 0 0 
P2: 1 3 1 
P3: 0 0 -1 
P4: 0 0 0 
", color = "purple"]
47[label = "Index: 47 
P0: 0 0 -2 
P1: -1 0 0 
P2: 1 3 1 
P3: 0 0 -1 
P4: 0 0 0 
", color = "purple"]
48[label = "Index: 48 
P0: 1 0 -3 
P1: -1 0 0 
P2: 1 3 1 
P3: 1 0 -2 
P4: 0 0 0 
"]
49[label = "Index: 49 
P0: 1 0 -3 
P1: -1 0 0 
P2: 1 3 0 
P3: 1 0 -3 
P4: 0 0 0 
"]
50[label = "Index: 50 
P0: 0 0 -2 
P1: -2 0 1 
P2: 1 3 1 
P3: 0 0 -1 
P4: 0 0 0 
", color = "purple"]
51[label = "Index: 51 
P0: 0 0 -2 
P1: -1 0 -1 
P2: 1 3 0 
P3: 0 0 -2 
P4: 0 0 0 
"]
52[label = "Index: 52 
P0: 1 0 -3 
P1: -1 0 -1 
P2: 1 3 0 
P3: 1 0 -3 
P4: 0 0 0 
"]
53[label = "Index: 53 
P0: 0 0 -1 
P1: -2 0 1 
P2: 1 3 2 
P3: 0 0 0 
P4: 0 0 0 
", color = "purple"]
54[label = "Index: 54 
P0: 1 0 -2 
P1: 0 0 0 
P2: 1 3 1 
P3: 1 0 -2 
P4: 0 0 0 
"]
55[label = "Index: 55 
P0: 0 0 -3 
P1: -2 0 0 
P2: 1 3 1 
P3: 0 0 -2 
P4: 0 0 0 
"]
56[label = "Index: 56 
P0: 0 0 -3 
P1: -2 0 -1 
P2: 1 3 1 
P3: 0 0 -2 
P4: 0 0 0 
"]
57[label = "Index: 57 
P0: 0 0 -3 
P1: -1 0 0 
P2: 1 3 1 
P3: 0 0 -2 
P4: 0 0 0 
"]
58[label = "Index: 58 
P0: 1 0 -3 
P1: -1 0 0 
P2: 0 3 1 
P3: 1 0 -2 
P4: 0 0 0 
"]
59[label = "Index: 59 
P0: 0 0 -1 
P1: -2 0 1 
P2: 1 3 2 
P3: 0 0 -1 
P4: 0 0 0 
", color = "purple"]
60[label = "Index: 60 
P0: 0 0 -3 
P1: -2 0 1 
P2: 1 3 1 
P3: 0 0 -2 
P4: 0 0 0 
"]
61[label = "Index: 61 
P0: 0 0 -1 
P1: -2 0 1 
P2: 1 3 1 
P3: 0 0 -1 
P4: 0 0 0 
"]
62[label = "Index: 62 
P0: 0 0 -1 
P1: -1 0 0 
P2: 1 3 1 
P3: 0 0 -1 
P4: 0 0 0 
"]
63[label = "Index: 63 
P0: 1 0 -3 
P1: 0 0 0 
P2: 1 3 1 
P3: 1 0 -2 
P4: 0 0 0 
", color = "purple"]
64[label = "Index: 64 
P0: 1 0 -3 
P1: 0 0 0 
P2: 1 3 1 
P3: 1 0 -3 
P4: 0 0 0 
", color = "purple"]
65[label = "Index: 65 
P0: 0 0 -2 
P1: -2 0 1 
P2: 1 3 2 
P3: 0 0 -1 
P4: 0 0 0 
"]
66[label = "Index: 66 
P0: 0 0 -2 
P1: -2 0 0 
P2: 1 3 2 
P3: 0 0 -1 
P4: 0 0 0 
"]
67[label = "Index: 67 
P0: 1 0 -4 
P1: 0 0 0 
P2: 1 3 1 
P3: 1 0 -3 
P4: 0 0 0 
"]
68[label = "Index: 68 
P0: 1 0 -3 
P1: -1 0 0 
P2: 1 3 1 
P3: 1 0 -3 
P4: 0 0 0 
"]
69[label = "Index: 69 
P1: -1 0 0 
P2: 1 2 0 
P4: 0 0 0 
", color = "red"]
70[label = "Index: 70 
P2: 1 2 0 
P4: 0 0 0 
", color = "red"]
71[label = "Index: 71 
P4: 0 0 0 
", color = "blue"]
0 -> 1

1 -> 0
1 -> 2

2 -> 1
2 -> 3

3 -> 2
3 -> 4
3 -> 5
3 -> 6

4 -> 3
4 -> 5
4 -> 7

5 -> 3
5 -> 4
5 -> 8
5 -> 7
5 -> 6

6 -> 3
6 -> 5
6 -> 7
6 -> 9

7 -> 4
7 -> 5
7 -> 6
7 -> 10

8 -> 5
8 -> 10
8 -> 9
8 -> 11

9 -> 6
9 -> 8
9 -> 10
9 -> 11
9 -> 12
9 -> 13

10 -> 7
10 -> 8
10 -> 9
10 -> 11

11 -> 8
11 -> 9
11 -> 10

12 -> 9
12 -> 13
12 -> 14

13 -> 9
13 -> 12
13 -> 15
13 -> 16
13 -> 17
13 -> 18
13 -> 19
13 -> 20
13 -> 21
13 -> 22
13 -> 23
13 -> 24

14 -> 12
14 -> 23
14 -> 25
14 -> 69[style=bold label=" Remove P0 P3 "];


15 -> 13
15 -> 26
15 -> 27
15 -> 28
15 -> 17
15 -> 29
15 -> 18
15 -> 30
15 -> 31
15 -> 22
15 -> 32

16 -> 13
16 -> 33
16 -> 19
16 -> 27

17 -> 13
17 -> 15
17 -> 18
17 -> 34
17 -> 20
17 -> 21
17 -> 22
17 -> 24

18 -> 13
18 -> 15
18 -> 17
18 -> 35
18 -> 21
18 -> 36
18 -> 37
18 -> 38
18 -> 22
18 -> 24
18 -> 39
18 -> 40
18 -> 41
18 -> 42

19 -> 13
19 -> 16
19 -> 43
19 -> 28

20 -> 13
20 -> 17
20 -> 21
20 -> 24

21 -> 13
21 -> 17
21 -> 18
21 -> 20
21 -> 44
21 -> 38
21 -> 24
21 -> 42

22 -> 13
22 -> 15
22 -> 18
22 -> 45
22 -> 24
22 -> 46
22 -> 47
22 -> 40
22 -> 42
22 -> 17
22 -> 32

23 -> 13
23 -> 14
23 -> 31
23 -> 48
23 -> 41
23 -> 49

24 -> 13
24 -> 18
24 -> 21
24 -> 22
24 -> 50
24 -> 40
24 -> 42
24 -> 20
24 -> 17
24 -> 32

25 -> 14

26 -> 15
26 -> 28
26 -> 34
26 -> 35
26 -> 30
26 -> 31
26 -> 45

27 -> 15
27 -> 16
27 -> 28
27 -> 33

28 -> 15
28 -> 19
28 -> 26
28 -> 27
28 -> 51
