digraph G {
color = "black"
0[label = "Index: 0 
P0: 0 0 0 
P1: 0 0 0 
P2: 0 0 0 
P3: 0 0 0 
", style="filled", fillcolor = "green"]
1[label = "Index: 1 
P0: 0 -1 0 
P1: 0 0 0 
P2: 0 0 0 
P3: 0 0 0 
", color = "orange"]
2[label = "Index: 2 
P0: 0 -1 0 
P1: -1 0 0 
P2: 0 0 0 
P3: 0 0 0 
", color = "orange"]
3[label = "Index: 3 
P0: 0 -2 0 
P1: -1 0 0 
P2: 0 0 0 
P3: 0 0 0 
", color = "orange"]
4[label = "Index: 4 
P0: 0 -2 0 
P1: -2 0 0 
P2: 0 0 0 
P3: 0 0 0 
", color = "orange"]
5[label = "Index: 5 
P0: 0 -2 -1 
P1: -2 0 -1 
P2: 0 0 0 
P3: 0 0 0 
", color = "orange"]
6[label = "Index: 6 
P0: -1 -2 -1 
P1: -3 0 -1 
P2: -1 0 0 
P3: 0 0 0 
", color = "orange"]
7[label = "Index: 7 
P0: -1 -3 -1 
P1: -3 -1 -1 
P2: -1 -1 0 
P3: 0 0 0 
", color = "orange"]
8[label = "Index: 8 
P0: -1 -3 0 
P1: -3 -1 0 
P2: -1 -1 0 
P3: 0 0 0 
", color = "orange"]
9[label = "Index: 9 
P0: -1 -3 0 
P1: -3 -1 0 
P2: -1 0 0 
P3: 0 0 0 
", color = "orange"]
10[label = "Index: 10 
P0: -2 -3 0 
P1: -3 -1 0 
P2: -1 0 0 
P3: 0 0 0 
"]
11[label = "Index: 11 
P0: -2 -3 0 
P1: -4 -1 0 
P2: -1 0 0 
P3: 0 0 0 
", color = "orange"]
12[label = "Index: 12 
P0: -1 -3 0 
P1: -3 -1 0 
P2: 0 0 0 
P3: 0 0 0 
"]
13[label = "Index: 13 
P0: -2 -4 0 
P1: -4 -2 0 
P2: -1 -1 0 
P3: 0 0 0 
", color = "orange"]
14[label = "Index: 14 
P0: -2 -4 1 
P1: -4 -2 1 
P2: -1 -1 0 
P3: 0 0 0 
", color = "orange"]
15[label = "Index: 15 
P0: -2 -4 1 
P1: -4 -2 1 
P2: -1 0 0 
P3: 0 0 0 
", color = "orange"]
16[label = "Index: 16 
P0: -2 -4 2 
P1: -4 -2 2 
P2: -1 0 0 
P3: 0 0 0 
", style="filled", fillcolor = "red"]
17[label = "Index: 17 
P0: -3 -4 2 
P1: -4 -2 2 
P2: -1 0 0 
P3: 0 0 0 
"]
18[label = "Index: 18 
P2: -1 0 0 
P3: 0 0 0 
", color = "orange"]
19[label = "Index: 19 
P2: 0 0 0 
P3: 0 0 0 
"]
20[label = "Index: 20 
P2: -1 -1 0 
P3: 0 0 0 
"]
21[label = "Index: 21 
P2: -1 -2 0 
P3: 0 0 0 
", color = "red"]
22[label = "Index: 22 
P2: -1 -2 0 
", style="filled", fillcolor = "blue"]
23[label = "Index: 23 
P3: 0 0 0 
", color = "fuchsia"]
24[label = "Index: 24 
P0: -2 -4 2 
P1: -4 -2 2 
", color = "blue"]
25[label = "Index: 25 
P0: -3 -4 2 
P1: -4 -2 2 
", color = "red"]
26[label = "Index: 26 
P1: -4 -2 2 
", color = "fuchsia"]
27[label = "Index: 27 
P0: -3 -4 2 
", color = "fuchsia"]
0 -> 1

1 -> 0
1 -> 2

2 -> 1
2 -> 3

3 -> 2
3 -> 4

4 -> 3
4 -> 5

5 -> 4
5 -> 6

6 -> 5
6 -> 7

7 -> 6
7 -> 8

8 -> 7
8 -> 9

9 -> 8
9 -> 10
9 -> 11
9 -> 12

10 -> 9
10 -> 11
10 -> 12

11 -> 9
11 -> 10
11 -> 12
11 -> 13

12 -> 9
12 -> 10
12 -> 11

13 -> 11
13 -> 14

14 -> 13
14 -> 15

15 -> 14
15 -> 16

16 -> 15
16 -> 17
16 -> 18
16 -> 24

17 -> 16

18 -> 19
18 -> 20
18 -> 21

19 -> 18

20 -> 18
20 -> 21

21 -> 18
21 -> 20
21 -> 23
21 -> 22

24 -> 25

25 -> 24
25 -> 26
25 -> 27

}
