digraph G {
color = "black"
0[label = "Index: 0 
P0: 0 0 0 
P1: 0 0 0 
P2: 0 0 0 
", style="filled", fillcolor = "green"]
1[label = "Index: 1 
P0: 1 0 0 
P1: 0 0 0 
P2: 0 0 0 
", color = "orange"]
2[label = "Index: 2 
P0: 1 0 0 
P1: 0 -1 0 
P2: 0 0 0 
"]
3[label = "Index: 3 
P0: 1 -1 0 
P1: 0 -1 0 
P2: 0 0 0 
", color = "orange"]
4[label = "Index: 4 
P0: 1 -1 0 
P1: 0 -2 0 
P2: 0 0 0 
"]
5[label = "Index: 5 
P0: 1 -1 0 
P1: 1 -1 0 
P2: 0 0 0 
", color = "orange"]
6[label = "Index: 6 
P0: 1 -1 -1 
P1: 1 -1 -1 
P2: 0 0 0 
", style="filled", fillcolor = "red"]
7[label = "Index: 7 
P2: 0 0 0 
", color = "fuchsia"]
8[label = "Index: 8 
P0: 1 -1 -1 
P1: 1 -1 -1 
", color = "orange"]
9[label = "Index: 9 
P0: 2 -1 -1 
P1: 1 -1 -1 
", color = "orange"]
10[label = "Index: 10 
P0: 2 0 -1 
P1: 1 -1 -1 
", color = "orange"]
11[label = "Index: 11 
P0: 3 0 -1 
P1: 1 -1 -1 
", color = "red"]
12[label = "Index: 12 
P1: 1 -1 -1 
", style="filled", fillcolor = "blue"]
13[label = "Index: 13 
P0: 3 0 -1 
", color = "fuchsia"]
0 -> 1

1 -> 0
1 -> 2
1 -> 3

2 -> 1
2 -> 3
2 -> 4

3 -> 1
3 -> 2
3 -> 5
3 -> 4

4 -> 2
4 -> 3

5 -> 3
5 -> 6

6 -> 5
6 -> 7
6 -> 8

8 -> 9

9 -> 8
9 -> 10

10 -> 9
10 -> 11

11 -> 10
11 -> 12
11 -> 13

}
