graph G {
color = "black"
0 [label = "P1: 0 0 0 
P2: 0 0 0 
P3: 0 0 0 
P4: 0 0 0 
P5: 0 0 0 
P6: 0 0 0 
",  style="filled", fillcolor = "#96FF96"];
1 [label = "P1: 1 0 0 
P2: 0 0 0 
P3: 0 0 0 
P4: 0 0 0 
P5: 0 0 0 
P6: 0 0 0 
"];
2 [label = "P1: 1 0 0 
P2: 0 0 -1 
P3: 0 0 0 
P4: 0 0 0 
P5: 0 0 0 
P6: 0 0 0 
"];
3 [label = "P1: 1 0 0 
P2: 0 0 -1 
P3: 0 0 -1 
P4: 0 0 0 
P5: 0 0 0 
P6: 0 0 0 
"];
4 [label = "P1: 1 0 0 
P2: 0 0 -1 
P3: -1 0 0 
P4: 0 0 0 
P5: 0 0 0 
P6: 0 0 0 
"];
5 [label = "P1: 1 0 0 
P2: 0 1 -1 
P3: -1 1 0 
P4: 0 0 0 
P5: 0 0 0 
P6: 0 0 0 
",  style="filled", fillcolor = "#FF9696"];
6 [label = "P1: 1 0 0 
P2: 0 0 -1 
P3: -1 0 0 
P4: 0 -1 0 
P5: 0 0 0 
P6: 0 0 0 
"];
7 [label = "P2: 0 1 -1 
",  style="filled", fillcolor = "#FF96FF"];
8 [label = "P1: 1 0 0 
P3: -1 1 0 
P4: 0 0 0 
P5: 0 0 0 
P6: 0 0 0 
"];
9 [label = "P1: 0 0 0 
P3: -1 1 0 
P4: 0 0 0 
P5: 0 0 0 
P6: 0 0 0 
"];
10 [label = "P3: -1 1 0 
",  style="filled", fillcolor = "#FF96FF"];
11 [label = "P1: 1 0 0 
P4: 0 0 0 
P5: 0 0 0 
P6: 0 0 0 
"];
12 [label = "P1: 0 0 0 
P4: 0 0 0 
P5: 0 0 0 
P6: 0 0 0 
"];
13 [label = "P1: 1 0 0 
P4: -1 0 0 
P5: 0 0 0 
P6: 0 0 0 
"];
14 [label = "P1: 1 0 0 
P4: 0 -1 0 
P5: 0 0 0 
P6: 0 0 0 
"];
15 [label = "P1: 0 0 0 
P4: -1 0 0 
P5: 0 0 0 
P6: 0 0 0 
"];
16 [label = "P1: 1 0 0 
P4: 0 0 0 
P5: 1 0 0 
P6: 0 0 0 
"];
17 [label = "P1: 0 0 0 
P4: 0 -1 0 
P5: 0 0 0 
P6: 0 0 0 
"];
18 [label = "P1: 1 0 0 
P4: -1 -1 0 
P5: 0 0 0 
P6: 0 0 0 
"];
19 [label = "P1: 1 0 0 
P4: -1 0 -1 
P5: 0 0 0 
P6: 0 0 0 
"];
20 [label = "P1: 0 0 0 
P4: -1 -1 0 
P5: 0 0 0 
P6: 0 0 0 
"];
21 [label = "P1: 1 0 0 
P4: 0 -1 0 
P5: 1 0 0 
P6: 0 0 0 
"];
22 [label = "P6: 0 0 0 
",  style="filled", fillcolor = "#FF96FF"];
23 [label = "P1: 1 0 0 
P4: 0 0 0 
P5: 1 0 0 
"];
24 [label = "P4: 0 0 0 
P5: 1 0 0 
"];
25 [label = "P1: 1 0 0 
",  style="filled", fillcolor = "#FF96FF"];
26 [label = "P4: 1 0 0 
P5: 1 0 0 
"];
27 [label = "P4: 0 -1 0 
P5: 1 0 0 
"];
28 [label = "P4: 0 0 -1 
P5: 1 0 0 
"];
29 [label = "P4: 1 -1 0 
P5: 1 0 0 
"];
30 [label = "P4: 0 -1 -1 
P5: 1 0 0 
"];
31 [label = "P5: 1 0 0 
", style="filled", fillcolor = "#9696FF"];
32 [label = "P4: 0 0 -1 
",  style="filled", fillcolor = "#FF96FF"];
edge [style=bold];
0 -- 1 [color="#1E96FF", penwidth=4.0];

1 -- 2 [color="#1E96FF", penwidth=4.0];
1 -- 3 [color=black];

2 -- 4 [color="#1E96FF", penwidth=4.0];
2 -- 3 [color=black];


4 -- 5 [color="#1E96FF", penwidth=4.0];
4 -- 6 [color=black];

5 -- 6 [color=black];
5 -- 8 [color="#1E96FF", penwidth=4.0];
5 -- 7 [color=black];


8 -- 9 [color=black];
8 -- 11 [color="#1E96FF", penwidth=4.0];
8 -- 10 [color=black];


11 -- 12 [color=black];
11 -- 13 [color=black];
11 -- 14 [color=black];
11 -- 15 [color=black];
11 -- 16 [color="#1E96FF", penwidth=4.0];

12 -- 15 [color=black];
12 -- 17 [color=black];
12 -- 16 [color=black];

13 -- 15 [color=black];
13 -- 18 [color=black];
13 -- 19 [color=black];
13 -- 16 [color=black];

14 -- 17 [color=black];
14 -- 18 [color=black];
14 -- 20 [color=black];
14 -- 21 [color=black];

15 -- 20 [color=black];
15 -- 16 [color=black];

16 -- 21 [color=black];
16 -- 22 [color=black];
16 -- 23 [color="#1E96FF", penwidth=4.0];






23 -- 24 [color="#1E96FF", penwidth=4.0];
23 -- 25 [color=black];

24 -- 26 [color=black];
24 -- 27 [color=black];
24 -- 28 [color="#1E96FF", penwidth=4.0];

26 -- 29 [color=black];

27 -- 29 [color=black];
27 -- 30 [color=black];

28 -- 31 [color="#1E96FF", penwidth=4.0];
28 -- 32 [color=black];



}
