graph G {
color = "black"
0 [label = "P1: 0 0 0 
P2: 0 0 0 
P3: 0 0 0 
P4: 0 0 0 
P5: 0 0 0 
",  style="filled", fillcolor = "#96FF96"];
1 [label = "P1: 0 -1 0 
P2: 0 0 0 
P3: 0 0 0 
P4: 0 0 0 
P5: 0 0 0 
"];
2 [label = "P1: 0 -1 0 
P2: 1 0 0 
P3: 0 0 0 
P4: 0 0 0 
P5: 0 0 0 
"];
3 [label = "P1: 0 -1 0 
P2: 2 0 0 
P3: 0 0 0 
P4: 0 0 0 
P5: 0 0 0 
"];
4 [label = "P1: 0 -1 0 
P2: 2 0 0 
P3: 0 -1 0 
P4: 0 0 0 
P5: 0 0 0 
"];
5 [label = "P1: 0 -1 0 
P2: 2 0 0 
P3: 0 -1 1 
P4: 0 0 0 
P5: 0 0 0 
"];
6 [label = "P1: 0 -1 0 
P2: 2 0 0 
P3: 0 -1 2 
P4: 0 0 0 
P5: 0 0 0 
"];
7 [label = "P1: 0 -1 0 
P2: 2 0 0 
P3: 0 -1 1 
P4: 0 0 1 
P5: 0 0 0 
"];
8 [label = "P1: 0 -1 0 
P2: 2 0 0 
P3: 0 -1 2 
P4: 0 0 2 
P5: 0 0 0 
"];
9 [label = "P1: 0 -1 0 
P2: 2 0 0 
P3: 0 -1 2 
P4: 0 0 1 
P5: 0 0 0 
"];
10 [label = "P1: 0 -1 0 
P2: 2 0 0 
P3: 0 -1 2 
P4: 1 0 1 
P5: 0 0 0 
"];
11 [label = "P1: 0 -1 0 
P2: 2 0 0 
P3: 0 -1 2 
P4: 1 1 1 
P5: 0 0 0 
"];
12 [label = "P1: 0 -1 0 
P2: 2 1 0 
P3: 0 -1 2 
P4: 1 1 1 
P5: 0 0 0 
",  style="filled", fillcolor = "#FF9696"];
13 [label = "P1: 0 0 0 
P2: 2 1 0 
P3: 0 -1 2 
P4: 1 1 1 
P5: 0 0 0 
"];
14 [label = "P1: 0 -1 0 
P2: 2 0 0 
P3: 0 -1 2 
P4: 2 1 1 
P5: 0 0 0 
",  style="filled", fillcolor = "#FF9696"];
15 [label = "P1: 0 0 0 
P2: 1 1 0 
P3: 0 -1 2 
P4: 1 1 1 
P5: 0 0 0 
"];
16 [label = "P1: 0 0 0 
P2: 2 1 0 
P3: 0 -1 2 
P4: 2 1 1 
P5: 0 0 0 
",  style="filled", fillcolor = "#FF9696"];
17 [label = "P1: 0 0 0 
P2: 2 1 0 
P3: 1 -1 2 
P4: 2 1 1 
P5: 0 0 0 
",  style="filled", fillcolor = "#FF9696"];
18 [label = "P1: 0 -1 0 
P2: 2 1 0 
P3: 0 -1 2 
P4: 2 1 1 
P5: 0 0 0 
"];
19 [label = "P1: 0 -1 0 
P2: 2 0 0 
P3: 0 -1 1 
P4: 2 1 1 
P5: 0 0 0 
"];
20 [label = "P1: 0 -1 0 
P2: 2 0 0 
P3: 0 -1 0 
P4: 2 1 1 
P5: 0 0 0 
"];
21 [label = "P1: 0 -1 0 
P2: 2 0 0 
P3: 0 -1 -1 
P4: 2 1 1 
P5: 0 0 0 
"];
22 [label = "P1: 0 -1 0 
P2: 1 1 0 
P3: 0 -1 2 
P4: 1 1 1 
P5: 0 0 0 
",  style="filled", fillcolor = "#FF9696"];
23 [label = "P1: 0 -1 0 
P2: 2 1 0 
P3: 1 -1 2 
P4: 2 1 1 
P5: 0 0 0 
"];
24 [label = "P2: 2 1 0 
",  style="filled", fillcolor = "#FF96FF"];
25 [label = "P1: 0 -1 0 
P3: 0 -1 2 
P4: 1 1 1 
P5: 0 0 0 
"];
26 [label = "P1: 0 0 0 
P3: 0 -1 2 
P4: 1 1 1 
P5: 0 0 0 
"];
27 [label = "P1: 0 -1 0 
P3: 0 -1 2 
P4: 2 1 1 
P5: 0 0 0 
"];
28 [label = "P1: 0 -1 0 
P3: 0 -1 2 
P4: 1 0 1 
P5: 0 0 0 
"];
29 [label = "P1: 0 -1 0 
P3: 1 -1 2 
P4: 2 1 1 
P5: 0 0 0 
"];
30 [label = "P1: 0 0 0 
P3: 0 -1 2 
P4: 2 1 1 
P5: 0 0 0 
"];
31 [label = "P1: 0 0 0 
P3: 1 -1 2 
P4: 2 1 1 
P5: 0 0 0 
"];
32 [label = "P1: 0 -1 0 
",  style="filled", fillcolor = "#FF96FF"];
33 [label = "P3: 0 -1 2 
P4: 2 1 1 
P5: 0 0 0 
"];
34 [label = "P3: 1 -1 2 
P4: 2 1 1 
P5: 0 0 0 
"];
35 [label = "P3: 0 -1 1 
P4: 2 1 1 
P5: 0 0 0 
"];
36 [label = "P3: 0 -1 0 
P4: 2 1 1 
P5: 0 0 0 
"];
37 [label = "P3: 0 -1 -1 
P4: 2 1 1 
P5: 0 0 0 
"];
38 [label = "P3: 0 -1 -2 
P4: 2 1 1 
P5: 0 0 0 
"];
39 [label = "P4: 2 1 1 
",  style="filled", fillcolor = "#FF96FF"];
40 [label = "P3: 0 -1 2 
P5: 0 0 0 
"];
41 [label = "P3: 0 -1 2 
", style="filled", fillcolor = "#9696FF"];
42 [label = "P5: 0 0 0 
",  style="filled", fillcolor = "#FF96FF"];
edge [style=bold];
0 -- 1 [color="#1E96FF", penwidth=4.0];

1 -- 2 [color=black];
1 -- 3 [color="#1E96FF", penwidth=4.0];

2 -- 3 [color=black];

3 -- 4 [color="#1E96FF", penwidth=4.0];

4 -- 5 [color="#1E96FF", penwidth=4.0];
4 -- 6 [color=black];
4 -- 7 [color=black];
4 -- 8 [color=black];

5 -- 6 [color=black];
5 -- 7 [color=black];
5 -- 9 [color="#1E96FF", penwidth=4.0];

6 -- 9 [color=black];
6 -- 8 [color=black];

7 -- 9 [color=black];
7 -- 8 [color=black];

8 -- 9 [color=black];

9 -- 10 [color="#1E96FF", penwidth=4.0];

10 -- 11 [color=black];
10 -- 12 [color="#1E96FF", penwidth=4.0];
10 -- 13 [color=black];

11 -- 12 [color=black];
11 -- 13 [color=black];
11 -- 14 [color=black];

12 -- 13 [color=black];
12 -- 25 [color=black];
12 -- 24 [color=black];

13 -- 15 [color=black];
13 -- 16 [color=black];
13 -- 17 [color=black];

14 -- 18 [color=black];
14 -- 16 [color=black];
14 -- 19 [color=black];
14 -- 20 [color=black];
14 -- 21 [color=black];

15 -- 22 [color=black];
15 -- 16 [color=black];
15 -- 17 [color=black];

16 -- 18 [color=black];
16 -- 17 [color=black];

17 -- 23 [color=black];







25 -- 26 [color=black];
25 -- 27 [color="#1E96FF", penwidth=4.0];
25 -- 28 [color=black];
25 -- 29 [color=black];

26 -- 30 [color=black];
26 -- 28 [color=black];
26 -- 31 [color=black];

27 -- 33 [color="#1E96FF", penwidth=4.0];
27 -- 32 [color=black];





33 -- 34 [color=black];
33 -- 35 [color=black];
33 -- 36 [color=black];
33 -- 37 [color=black];
33 -- 38 [color=black];
33 -- 40 [color="#1E96FF", penwidth=4.0];
33 -- 39 [color=black];






40 -- 42 [color=black];
40 -- 41 [color="#1E96FF", penwidth=4.0];

}
