digraph G {
color = "black"
0[label = "Index: 0 
P0: 0 0 0 
P1: 0 0 0 
P2: 0 0 0 
P3: 0 0 0 
P4: 0 0 0 
", style="filled", fillcolor = "green"]
1[label = "Index: 1 
P0: -1 0 0 
P1: 0 0 0 
P2: 0 0 0 
P3: 0 0 0 
P4: 0 0 0 
", color = "orange"]
2[label = "Index: 2 
P0: -1 0 0 
P1: 0 0 1 
P2: 0 0 0 
P3: 0 0 0 
P4: 0 0 0 
", color = "orange"]
3[label = "Index: 3 
P0: -1 0 0 
P1: 0 0 1 
P2: 0 -1 0 
P3: 0 0 0 
P4: 0 0 0 
"]
4[label = "Index: 4 
P0: -1 0 0 
P1: 0 0 1 
P2: 0 -2 0 
P3: 0 0 0 
P4: 0 0 0 
", color = "orange"]
5[label = "Index: 5 
P0: -1 0 0 
P1: 0 0 2 
P2: 0 -2 0 
P3: 0 0 0 
P4: 0 0 0 
", color = "orange"]
6[label = "Index: 6 
P0: -1 0 0 
P1: 0 0 2 
P2: 1 -2 0 
P3: 0 0 0 
P4: 0 0 0 
", color = "orange"]
7[label = "Index: 7 
P0: 0 0 0 
P1: 0 0 2 
P2: 1 -2 0 
P3: 0 0 0 
P4: 0 0 0 
"]
8[label = "Index: 8 
P0: 0 0 0 
P1: 1 0 2 
P2: 1 -2 0 
P3: 1 0 0 
P4: 0 0 0 
"]
9[label = "Index: 9 
P0: -1 0 0 
P1: 0 0 3 
P2: 1 -2 0 
P3: 0 0 0 
P4: 0 0 0 
"]
10[label = "Index: 10 
P0: 0 0 0 
P1: 1 0 2 
P2: 2 -2 0 
P3: 1 0 0 
P4: 0 0 0 
", color = "orange"]
11[label = "Index: 11 
P0: 0 0 0 
P1: 0 0 3 
P2: 1 -2 0 
P3: 0 0 0 
P4: 0 0 0 
"]
12[label = "Index: 12 
P0: 0 0 0 
P1: 0 0 3 
P2: 1 -2 0 
P3: 1 0 0 
P4: 0 0 0 
"]
13[label = "Index: 13 
P0: 0 0 0 
P1: 1 0 3 
P2: 2 -2 0 
P3: 1 0 0 
P4: 0 0 0 
"]
14[label = "Index: 14 
P0: 0 0 0 
P1: 1 0 2 
P2: 2 -2 -1 
P3: 1 0 0 
P4: 0 0 0 
", color = "orange"]
15[label = "Index: 15 
P0: 0 0 0 
P1: 0 1 3 
P2: 1 -2 0 
P3: 1 0 0 
P4: 0 0 0 
"]
16[label = "Index: 16 
P0: 0 0 0 
P1: 0 1 3 
P2: 1 -1 0 
P3: 1 0 0 
P4: 0 0 0 
"]
17[label = "Index: 17 
P0: 0 0 0 
P1: 1 0 2 
P2: 2 -3 -1 
P3: 1 0 0 
P4: 0 0 0 
", color = "orange"]
18[label = "Index: 18 
P0: 0 0 0 
P1: 0 1 3 
P2: 2 -2 0 
P3: 1 0 0 
P4: 0 0 0 
"]
19[label = "Index: 19 
P0: -1 0 0 
P1: 0 0 2 
P2: 1 -3 -1 
P3: 0 0 0 
P4: 0 0 0 
", color = "orange"]
20[label = "Index: 20 
P0: -1 0 0 
P1: 0 0 1 
P2: 1 -3 -1 
P3: 0 0 0 
P4: 0 0 0 
"]
21[label = "Index: 21 
P0: -1 0 0 
P1: 0 0 1 
P2: 1 -3 -2 
P3: 0 0 0 
P4: 0 0 0 
", style="filled", fillcolor = "red"]
22[label = "Index: 22 
P0: -1 0 -1 
P1: 0 0 1 
P2: 1 -3 -2 
P3: 0 0 -1 
P4: 0 0 0 
"]
23[label = "Index: 23 
P0: -1 0 -2 
P1: 0 0 0 
P2: 1 -3 -3 
P3: 0 0 -2 
P4: 0 0 0 
"]
24[label = "Index: 24 
P0: -1 0 0 
P1: 0 0 0 
P2: 1 -3 -2 
P3: 0 0 0 
P4: 0 0 0 
", color = "purple"]
25[label = "Index: 25 
P0: -1 0 -1 
P1: 0 0 0 
P2: 1 -3 -2 
P3: 0 0 -1 
P4: 0 0 0 
"]
26[label = "Index: 26 
P0: -1 0 -1 
P1: 0 0 1 
P2: 1 -2 -2 
P3: 0 0 -1 
P4: 0 0 0 
"]
27[label = "Index: 27 
P0: -1 0 -1 
P1: 0 0 0 
P2: 1 -3 -3 
P3: 0 0 -1 
P4: 0 0 0 
", color = "purple"]
28[label = "Index: 28 
P0: -1 0 -2 
P1: 0 0 0 
P2: 1 -2 -3 
P3: 0 0 -2 
P4: 0 0 0 
"]
29[label = "Index: 29 
P0: 0 0 0 
P1: 0 0 0 
P2: 1 -3 -2 
P3: 0 0 0 
P4: 0 0 0 
"]
30[label = "Index: 30 
P0: -1 0 -1 
P1: 0 0 0 
P2: 1 -2 -2 
P3: 0 0 -1 
P4: 0 0 0 
"]
31[label = "Index: 31 
P0: -1 0 -2 
P1: 0 0 1 
P2: 1 -2 -2 
P3: 0 0 -2 
P4: 0 0 0 
"]
32[label = "Index: 32 
P0: -1 0 -2 
P1: 0 0 0 
P2: 1 -2 -2 
P3: 0 0 -2 
P4: 0 0 0 
"]
33[label = "Index: 33 
P0: -1 0 -3 
P1: 0 0 0 
P2: 1 -2 -3 
P3: 0 0 -3 
P4: 0 0 0 
"]
34[label = "Index: 34 
P0: -1 0 -2 
P1: 0 0 0 
P2: 0 -2 -2 
P3: 0 0 -2 
P4: 0 0 0 
"]
35[label = "Index: 35 
P2: 1 -3 -2 
", color = "fuchsia"]
36[label = "Index: 36 
P0: -1 0 0 
P1: 0 0 1 
P3: 0 0 0 
P4: 0 0 0 
", color = "red"]
37[label = "Index: 37 
P1: 0 0 1 
", color = "fuchsia"]
38[label = "Index: 38 
P0: -1 0 0 
P3: 0 0 0 
P4: 0 0 0 
", color = "red"]
39[label = "Index: 39 
P0: 0 0 0 
P3: 0 0 0 
P4: 0 0 0 
"]
40[label = "Index: 40 
P4: 0 0 0 
", color = "fuchsia"]
41[label = "Index: 41 
P0: -1 0 0 
P3: 0 0 0 
", color = "orange"]
42[label = "Index: 42 
P0: 0 0 0 
P3: 0 0 0 
", color = "orange"]
43[label = "Index: 43 
P0: 0 0 -1 
P3: 0 0 0 
", color = "orange"]
44[label = "Index: 44 
P0: 0 -1 -1 
P3: 0 0 0 
", color = "red"]
45[label = "Index: 45 
P3: 0 0 0 
", style="filled", fillcolor = "blue"]
46[label = "Index: 46 
P0: 0 -1 -1 
", color = "fuchsia"]
0 -> 1

1 -> 0
1 -> 2

2 -> 1
2 -> 3
2 -> 4

3 -> 2
3 -> 4

4 -> 2
4 -> 3
4 -> 5

5 -> 4
5 -> 6
5 -> 7
5 -> 8

6 -> 5
6 -> 7
6 -> 9
6 -> 8
6 -> 10

7 -> 5
7 -> 6
7 -> 11
7 -> 8
7 -> 10

8 -> 5
8 -> 6
8 -> 7
8 -> 10

9 -> 6
9 -> 11
9 -> 12
9 -> 13

10 -> 6
10 -> 7
10 -> 8
10 -> 13
10 -> 14

11 -> 7
11 -> 9
11 -> 12
11 -> 13

12 -> 9
12 -> 11
12 -> 15
12 -> 13
12 -> 16

13 -> 9
13 -> 10
13 -> 11
13 -> 12
13 -> 14

14 -> 10
14 -> 13
14 -> 17

15 -> 12
15 -> 18
15 -> 16

16 -> 12
16 -> 15

17 -> 14
17 -> 19

18 -> 15

19 -> 17
19 -> 20
19 -> 21
19 -> 22
19 -> 23

20 -> 19
20 -> 21
20 -> 24
20 -> 22
20 -> 25

21 -> 19
21 -> 20
21 -> 24
21 -> 22
21 -> 25
21 -> 36
21 -> 35

22 -> 19
22 -> 20
22 -> 25
22 -> 26
22 -> 27
22 -> 21
22 -> 23

23 -> 19
23 -> 22
23 -> 28
23 -> 27
23 -> 25

24 -> 20
24 -> 21
24 -> 29
24 -> 25

25 -> 20
25 -> 22
25 -> 23
25 -> 30
25 -> 27
25 -> 24
25 -> 21

26 -> 22
26 -> 30
26 -> 31
26 -> 32
26 -> 28

27 -> 22
27 -> 23
27 -> 25

28 -> 23
28 -> 26
28 -> 32
28 -> 31
28 -> 33
28 -> 30

29 -> 24

30 -> 25
30 -> 26
30 -> 28
30 -> 32

31 -> 26
31 -> 28
31 -> 32
31 -> 33

32 -> 26
32 -> 28
32 -> 30
32 -> 31
32 -> 34
32 -> 33

33 -> 28
33 -> 31
33 -> 32

34 -> 32

36 -> 38
36 -> 37

38 -> 39
38 -> 40
38 -> 41

39 -> 38

41 -> 42

42 -> 41
42 -> 43

43 -> 42
43 -> 44

44 -> 43
44 -> 45
44 -> 46

}
