digraph G {
color = "black"
0[label = "Index: 0 
P0: 0 0 0 
P1: 0 0 0 
P2: 0 0 0 
P3: 0 0 0 
P4: 0 0 0 
P5: 0 0 0 
", style="filled", fillcolor = "green"]
1[label = "Index: 1 
P0: 1 0 0 
P1: 0 0 0 
P2: 0 0 0 
P3: 0 0 0 
P4: 0 0 0 
P5: 0 0 0 
", color = "orange"]
2[label = "Index: 2 
P0: 1 0 0 
P1: 0 0 -1 
P2: 0 0 0 
P3: 0 0 0 
P4: 0 0 0 
P5: 0 0 0 
", color = "orange"]
3[label = "Index: 3 
P0: 1 0 0 
P1: 0 0 -1 
P2: 0 1 0 
P3: 0 0 0 
P4: 0 0 0 
P5: 0 0 0 
", color = "orange"]
4[label = "Index: 4 
P0: 1 0 0 
P1: 0 0 -2 
P2: 0 1 0 
P3: 0 0 0 
P4: 0 0 0 
P5: 0 0 0 
", color = "orange"]
5[label = "Index: 5 
P0: 1 0 0 
P1: 0 0 -2 
P2: 0 1 0 
P3: 0 1 0 
P4: 0 0 0 
P5: 0 0 0 
", color = "orange"]
6[label = "Index: 6 
P0: 1 0 0 
P1: 0 0 -2 
P2: 0 1 0 
P3: 0 1 0 
P4: 0 0 1 
P5: 0 0 0 
", color = "orange"]
7[label = "Index: 7 
P0: 1 0 0 
P1: 0 0 -2 
P2: 0 1 0 
P3: 0 1 0 
P4: -1 0 1 
P5: 0 0 0 
", color = "orange"]
8[label = "Index: 8 
P0: 1 0 0 
P1: 0 0 -2 
P2: 0 1 0 
P3: 0 1 0 
P4: -1 0 2 
P5: 0 0 0 
", color = "orange"]
9[label = "Index: 9 
P0: 1 0 0 
P1: 0 0 -2 
P2: 0 1 0 
P3: 0 1 0 
P4: -2 0 2 
P5: 0 0 0 
"]
10[label = "Index: 10 
P0: 1 0 0 
P1: 0 0 -2 
P2: 0 1 0 
P3: 0 1 0 
P4: -1 -1 2 
P5: 0 0 0 
", style="filled", fillcolor = "red"]
11[label = "Index: 11 
P0: 1 0 0 
P1: 0 0 -2 
P2: 0 1 0 
P3: 0 0 0 
P4: -1 -1 2 
P5: 0 0 0 
", color = "purple"]
12[label = "Index: 12 
P0: 1 -1 0 
P1: 0 -1 -2 
P2: 0 1 0 
P3: 0 0 0 
P4: -1 -1 2 
P5: 0 0 0 
", color = "purple"]
13[label = "Index: 13 
P0: 1 -1 0 
P1: 0 -1 -2 
P2: 0 0 0 
P3: 0 0 0 
P4: -1 -1 2 
P5: 0 0 0 
", color = "purple"]
14[label = "Index: 14 
P0: 1 0 0 
P1: 0 0 -2 
P2: 0 1 0 
P3: 0 1 0 
P4: -2 -1 2 
P5: 0 0 0 
", color = "purple"]
15[label = "Index: 15 
P0: 1 0 0 
P1: 0 0 -2 
P2: 0 1 0 
P3: 0 1 0 
P4: -2 -2 2 
P5: 0 0 0 
", color = "purple"]
16[label = "Index: 16 
P0: 1 0 0 
P1: 0 0 -2 
P2: 0 1 0 
P3: 0 1 0 
P4: -2 -3 2 
P5: 0 0 0 
", color = "purple"]
17[label = "Index: 17 
P0: 1 0 0 
P1: 0 0 -2 
P2: 0 1 0 
P3: 0 0 0 
P4: -2 -1 2 
P5: 0 0 0 
", color = "purple"]
18[label = "Index: 18 
P0: 1 0 0 
P1: 0 0 -2 
P2: 0 1 0 
P3: 0 -1 0 
P4: -2 -2 2 
P5: 0 0 0 
", color = "purple"]
19[label = "Index: 19 
P0: 1 -1 0 
P1: 0 -1 -2 
P2: 0 1 0 
P3: 0 0 0 
P4: -2 -1 2 
P5: 0 0 0 
", color = "purple"]
20[label = "Index: 20 
P0: 1 -2 0 
P1: 0 -2 -2 
P2: 0 1 0 
P3: 0 -1 0 
P4: -2 -2 2 
P5: 0 0 0 
", color = "purple"]
21[label = "Index: 21 
P0: 1 -1 0 
P1: 0 -1 -2 
P2: 0 0 0 
P3: 0 0 0 
P4: -2 -1 2 
P5: 0 0 0 
", color = "purple"]
22[label = "Index: 22 
P0: 1 0 0 
P1: 0 0 -1 
P2: 0 1 0 
P3: 0 0 0 
P4: -1 -1 2 
P5: 0 0 0 
"]
23[label = "Index: 23 
P0: 2 -1 0 
P1: 0 -1 -2 
P2: 0 1 0 
P3: 0 0 0 
P4: -1 -1 2 
P5: 0 0 0 
"]
24[label = "Index: 24 
P0: 1 0 0 
P1: 0 0 -2 
P2: 0 1 0 
P3: 0 0 0 
P4: -2 -2 2 
P5: 0 0 0 
"]
25[label = "Index: 25 
P0: 1 -1 0 
P1: 0 -1 -2 
P2: 0 1 0 
P3: 0 0 0 
P4: -2 -2 2 
P5: 0 0 0 
"]
26[label = "Index: 26 
P0: 1 -1 0 
P1: 0 -1 -2 
P2: 0 0 0 
P3: 0 0 0 
P4: -2 -2 2 
P5: 0 0 0 
"]
27[label = "Index: 27 
P0: 1 0 0 
P1: 0 0 -2 
P2: 0 1 0 
P3: 0 0 0 
P4: -2 -3 2 
P5: 0 0 0 
"]
28[label = "Index: 28 
P0: 1 0 0 
P1: 0 0 -2 
P2: 0 1 0 
P3: 0 -1 0 
P4: -2 -3 2 
P5: 0 0 0 
"]
29[label = "Index: 29 
P0: 1 -1 0 
P1: 0 -1 -2 
P2: 0 1 0 
P3: 0 0 0 
P4: -2 -3 2 
P5: 0 0 0 
"]
30[label = "Index: 30 
P0: 1 -2 0 
P1: 0 -2 -2 
P2: 0 1 0 
P3: 0 -1 0 
P4: -2 -3 2 
P5: 0 0 0 
"]
31[label = "Index: 31 
P0: 1 -1 0 
P1: 0 -1 -2 
P2: 0 0 0 
P3: 0 0 0 
P4: -2 -3 2 
P5: 0 0 0 
"]
32[label = "Index: 32 
P0: 1 0 0 
P1: 0 0 -1 
P2: 0 1 0 
P3: 0 0 0 
P4: -2 -1 2 
P5: 0 0 0 
"]
33[label = "Index: 33 
P0: 1 0 0 
P1: 0 0 -1 
P2: 0 1 0 
P3: 0 -1 0 
P4: -2 -2 2 
P5: 0 0 0 
"]
34[label = "Index: 34 
P0: 1 -1 0 
P1: 0 -1 -2 
P2: 0 1 0 
P3: 0 -1 0 
P4: -2 -2 2 
P5: 0 0 0 
"]
35[label = "Index: 35 
P0: 1 -1 0 
P1: 0 -1 -2 
P2: 0 0 0 
P3: 0 -1 0 
P4: -2 -2 2 
P5: 0 0 0 
"]
36[label = "Index: 36 
P0: 1 0 0 
P1: 0 0 -2 
P2: 0 1 0 
P3: -1 -1 0 
P4: -2 -2 2 
P5: 0 0 0 
"]
37[label = "Index: 37 
P0: 2 -1 0 
P1: 0 -1 -2 
P2: 0 1 0 
P3: 0 0 0 
P4: -2 -1 2 
P5: 0 0 0 
"]
38[label = "Index: 38 
P4: -1 -1 2 
", color = "fuchsia"]
39[label = "Index: 39 
P0: 1 0 0 
P1: 0 0 -2 
P2: 0 1 0 
P3: 0 1 0 
P5: 0 0 0 
", color = "orange"]
40[label = "Index: 40 
P0: 1 0 0 
P1: 0 0 -2 
P2: 0 1 0 
P3: 0 0 0 
P5: 0 0 0 
"]
41[label = "Index: 41 
P0: 1 0 0 
P1: 0 0 -2 
P2: 0 1 0 
P3: 0 -1 0 
P5: 0 0 0 
", color = "red"]
42[label = "Index: 42 
P0: 1 -1 0 
P1: 0 -1 -2 
P2: 0 1 0 
P3: 0 0 0 
P5: 0 0 0 
"]
43[label = "Index: 43 
P0: 1 -2 0 
P1: 0 -2 -2 
P2: 0 1 0 
P3: 0 -1 0 
P5: 0 0 0 
"]
44[label = "Index: 44 
P0: 1 -1 0 
P1: 0 -1 -2 
P2: 0 0 0 
P3: 0 0 0 
P5: 0 0 0 
"]
45[label = "Index: 45 
P0: 1 0 0 
P1: 0 0 -1 
P2: 0 1 0 
P3: 0 0 0 
P5: 0 0 0 
"]
46[label = "Index: 46 
P0: 1 -1 0 
P1: 0 -1 -2 
P2: 0 0 0 
P3: 0 -1 0 
P5: 0 0 0 
"]
47[label = "Index: 47 
P0: 1 0 0 
P1: 0 0 -1 
P2: 0 1 0 
P3: 0 -1 0 
P5: 0 0 0 
"]
48[label = "Index: 48 
P0: 1 -1 0 
P1: 0 -1 -2 
P2: 0 1 0 
P3: 0 -1 0 
P5: 0 0 0 
"]
49[label = "Index: 49 
P3: 0 -1 0 
", color = "fuchsia"]
50[label = "Index: 50 
P0: 1 0 0 
P1: 0 0 -2 
P2: 0 1 0 
P5: 0 0 0 
", color = "red"]
51[label = "Index: 51 
P0: 1 0 0 
P1: 0 0 -1 
P2: 0 1 0 
P5: 0 0 0 
"]
52[label = "Index: 52 
P2: 0 1 0 
P5: 0 0 0 
", color = "red"]
53[label = "Index: 53 
P2: 0 1 0 
", style="filled", fillcolor = "blue"]
54[label = "Index: 54 
P5: 0 0 0 
", color = "fuchsia"]
55[label = "Index: 55 
P0: 1 0 0 
P1: 0 0 -2 
", color = "blue"]
56[label = "Index: 56 
P1: 0 0 -2 
", color = "fuchsia"]
57[label = "Index: 57 
P0: 1 0 0 
", color = "fuchsia"]
0 -> 1

1 -> 0
1 -> 2

2 -> 1
2 -> 3

3 -> 2
3 -> 4

4 -> 3
4 -> 5

5 -> 4
5 -> 6

6 -> 5
6 -> 7

7 -> 6
7 -> 8

8 -> 7
8 -> 9
8 -> 10
8 -> 11
8 -> 12
8 -> 13

9 -> 8
9 -> 14
9 -> 15
9 -> 16
9 -> 17
9 -> 18
9 -> 19
9 -> 20
9 -> 21

10 -> 8
10 -> 11
10 -> 12
10 -> 13
10 -> 39
10 -> 38

11 -> 8
11 -> 10
11 -> 22
11 -> 12
11 -> 13

12 -> 8
12 -> 10
12 -> 11
12 -> 23

13 -> 8
13 -> 10
13 -> 11

14 -> 9
14 -> 17
14 -> 19
14 -> 21

15 -> 9
15 -> 24
15 -> 18
15 -> 25
15 -> 20
15 -> 26

16 -> 9
16 -> 27
16 -> 28
16 -> 29
16 -> 30
16 -> 31

17 -> 9
17 -> 14
17 -> 32
17 -> 19
17 -> 21

18 -> 9
18 -> 15
18 -> 33
18 -> 34
18 -> 20
18 -> 35
18 -> 36
18 -> 24

19 -> 9
19 -> 14
19 -> 17
19 -> 37

20 -> 9
20 -> 15
20 -> 18

21 -> 9
21 -> 14
21 -> 17

22 -> 11

23 -> 12

24 -> 15
24 -> 18

25 -> 15

26 -> 15

27 -> 16

28 -> 16

29 -> 16

30 -> 16

31 -> 16

32 -> 17

33 -> 18

34 -> 18

35 -> 18

36 -> 18

37 -> 19

39 -> 40
39 -> 41
39 -> 42
39 -> 43
39 -> 44

40 -> 39
40 -> 45
40 -> 42
40 -> 44
40 -> 41
40 -> 46

41 -> 39
41 -> 40
41 -> 47
41 -> 48
41 -> 43
41 -> 46
41 -> 50
41 -> 49

42 -> 39
42 -> 40

43 -> 39
43 -> 41

44 -> 39
44 -> 40

45 -> 40

46 -> 40
46 -> 41

47 -> 41

48 -> 41

50 -> 51
50 -> 52
50 -> 55

51 -> 50

52 -> 54
52 -> 53

55 -> 56
55 -> 57

}
