digraph G {
color = "black"
0[label = "Index: 0 
P0: 0 0 0 
P1: 0 0 0 
P2: 0 0 0 
P3: 0 0 0 
P4: 0 0 0 
P5: 0 0 0 
", style="filled", fillcolor = "green"]
1[label = "Index: 1 
P0: -1 0 0 
P1: 0 0 0 
P2: 0 0 0 
P3: 0 0 0 
P4: 0 0 0 
P5: 0 0 0 
", color = "orange"]
2[label = "Index: 2 
P0: -1 0 0 
P1: 0 1 0 
P2: 0 0 0 
P3: 0 0 0 
P4: 0 0 0 
P5: 0 0 0 
", color = "orange"]
3[label = "Index: 3 
P0: -2 0 0 
P1: 0 1 0 
P2: 0 0 0 
P3: 0 0 0 
P4: 0 0 0 
P5: 0 0 0 
", color = "orange"]
4[label = "Index: 4 
P0: -2 0 0 
P1: 0 1 0 
P2: 0 0 -1 
P3: 0 0 0 
P4: 0 0 0 
P5: 0 0 0 
"]
5[label = "Index: 5 
P0: -2 0 0 
P1: 0 1 0 
P2: 0 0 -2 
P3: 0 0 0 
P4: 0 0 0 
P5: 0 0 0 
", color = "orange"]
6[label = "Index: 6 
P0: -2 0 0 
P1: 0 1 0 
P2: 0 0 -2 
P3: 0 1 0 
P4: 0 0 0 
P5: 0 0 0 
"]
7[label = "Index: 7 
P0: -2 0 0 
P1: 0 1 0 
P2: 0 0 -2 
P3: 0 2 0 
P4: 0 0 0 
P5: 0 0 0 
"]
8[label = "Index: 8 
P0: -2 0 0 
P1: 0 1 0 
P2: 0 0 -2 
P3: 0 3 0 
P4: 0 0 0 
P5: 0 0 0 
", color = "orange"]
9[label = "Index: 9 
P0: -2 0 0 
P1: 0 1 0 
P2: 0 0 -1 
P3: 0 3 0 
P4: 0 0 0 
P5: 0 0 0 
"]
10[label = "Index: 10 
P0: -2 0 0 
P1: 0 1 0 
P2: 0 0 0 
P3: 0 3 0 
P4: 0 0 0 
P5: 0 0 0 
", color = "orange"]
11[label = "Index: 11 
P0: -1 0 0 
P1: 0 1 0 
P2: 0 0 0 
P3: 0 3 0 
P4: 0 0 0 
P5: 0 0 0 
", color = "orange"]
12[label = "Index: 12 
P0: -1 0 0 
P1: 0 1 0 
P2: 0 0 0 
P3: 0 3 0 
P4: 0 1 0 
P5: 0 0 0 
", color = "orange"]
13[label = "Index: 13 
P0: -1 0 0 
P1: 0 1 0 
P2: 0 0 0 
P3: 0 3 0 
P4: 0 1 1 
P5: 0 0 0 
", style="filled", fillcolor = "red"]
14[label = "Index: 14 
P0: -1 0 0 
P1: 0 1 0 
P2: 0 0 0 
P3: 0 3 1 
P4: 0 1 1 
P5: 0 0 0 
", color = "purple"]
15[label = "Index: 15 
P0: -1 0 0 
P1: 0 1 1 
P2: 0 0 0 
P3: 0 3 1 
P4: 0 1 1 
P5: 0 0 0 
", color = "purple"]
16[label = "Index: 16 
P0: -1 0 0 
", color = "fuchsia"]
17[label = "Index: 17 
P1: 0 1 0 
P2: 0 0 0 
P3: 0 3 0 
P4: 0 1 1 
P5: 0 0 0 
", color = "orange"]
18[label = "Index: 18 
P1: 0 1 0 
P2: 0 0 -1 
P3: 0 3 0 
P4: 0 1 1 
P5: 0 0 0 
"]
19[label = "Index: 19 
P1: 0 1 0 
P2: 0 0 -2 
P3: 0 3 0 
P4: 0 1 1 
P5: 0 0 0 
"]
20[label = "Index: 20 
P1: 0 1 0 
P2: 0 0 0 
P3: -1 3 0 
P4: 0 1 1 
P5: 0 0 0 
"]
21[label = "Index: 21 
P1: 0 1 0 
P2: 0 0 0 
P3: 0 3 1 
P4: 0 1 1 
P5: 0 0 0 
", color = "red"]
22[label = "Index: 22 
P1: 0 1 1 
P2: 0 0 0 
P3: 0 3 1 
P4: 0 1 1 
P5: 0 0 0 
"]
23[label = "Index: 23 
P1: 0 1 0 
P2: 0 0 0 
P3: 0 3 0 
P4: 1 1 1 
P5: 0 0 0 
"]
24[label = "Index: 24 
P1: 0 1 0 
P2: 0 0 0 
P3: 0 3 0 
P4: 0 2 1 
P5: 0 0 0 
"]
25[label = "Index: 25 
P1: 0 1 0 
P2: 0 0 0 
P3: 0 3 0 
P4: 0 1 0 
P5: 0 0 0 
"]
26[label = "Index: 26 
P1: 0 1 0 
P2: 0 0 -1 
P3: -1 3 0 
P4: 0 1 1 
P5: 0 0 0 
"]
27[label = "Index: 27 
P1: 0 1 0 
P2: 0 0 -1 
P3: 0 3 1 
P4: 0 1 1 
P5: 0 0 0 
"]
28[label = "Index: 28 
P1: 0 1 1 
P2: 0 0 -1 
P3: 0 3 1 
P4: 0 1 1 
P5: 0 0 0 
"]
29[label = "Index: 29 
P1: 0 1 0 
P2: 0 0 -1 
P3: 0 3 0 
P4: 1 1 1 
P5: 0 0 0 
"]
30[label = "Index: 30 
P1: 0 1 0 
P2: 0 0 -1 
P3: 0 3 0 
P4: 0 2 1 
P5: 0 0 0 
"]
31[label = "Index: 31 
P1: 0 1 0 
P2: 0 0 -1 
P3: 0 3 0 
P4: 0 1 0 
P5: 0 0 0 
"]
32[label = "Index: 32 
P1: 0 1 0 
P2: 0 0 -2 
P3: -1 3 0 
P4: 0 1 1 
P5: 0 0 0 
"]
33[label = "Index: 33 
P1: 0 1 0 
P2: 0 0 -2 
P3: 0 2 0 
P4: 0 1 1 
P5: 0 0 0 
"]
34[label = "Index: 34 
P1: 0 1 0 
P2: 0 0 -2 
P3: 0 3 1 
P4: 0 1 1 
P5: 0 0 0 
"]
35[label = "Index: 35 
P1: 0 0 0 
P2: 0 0 -2 
P3: 0 2 0 
P4: 0 1 1 
P5: 0 0 0 
"]
36[label = "Index: 36 
P1: 0 1 1 
P2: 0 0 -2 
P3: 0 3 1 
P4: 0 1 1 
P5: 0 0 0 
"]
37[label = "Index: 37 
P1: 0 1 0 
P2: 0 0 -2 
P3: 0 3 0 
P4: 1 1 1 
P5: 0 0 0 
"]
38[label = "Index: 38 
P1: 0 1 0 
P2: 0 0 -2 
P3: 0 3 0 
P4: 0 2 1 
P5: 0 0 0 
"]
39[label = "Index: 39 
P1: 0 1 0 
P2: 0 0 -2 
P3: 0 3 0 
P4: 0 1 0 
P5: 0 0 0 
"]
40[label = "Index: 40 
P1: 0 0 0 
P2: 0 0 0 
P3: 0 3 1 
P4: 0 1 1 
P5: 0 0 0 
"]
41[label = "Index: 41 
P3: 0 3 1 
", color = "fuchsia"]
42[label = "Index: 42 
P1: 0 1 0 
P2: 0 0 0 
P4: 0 1 1 
P5: 0 0 0 
", color = "red"]
43[label = "Index: 43 
P1: 0 0 0 
P2: 0 0 0 
P4: 0 1 1 
P5: 0 0 0 
"]
44[label = "Index: 44 
P1: 0 1 1 
P2: 0 0 0 
P4: 0 1 1 
P5: 0 0 0 
"]
45[label = "Index: 45 
P1: 0 1 0 
P2: 0 0 -1 
P4: 0 1 1 
P5: 0 0 0 
"]
46[label = "Index: 46 
P1: 0 1 0 
P2: 0 0 -2 
P4: 0 1 1 
P5: 0 0 0 
"]
47[label = "Index: 47 
P4: 0 1 1 
", color = "fuchsia"]
48[label = "Index: 48 
P1: 0 1 0 
P2: 0 0 0 
P5: 0 0 0 
", color = "red"]
49[label = "Index: 49 
P1: 0 1 0 
", color = "fuchsia"]
50[label = "Index: 50 
P2: 0 0 0 
P5: 0 0 0 
", color = "orange"]
51[label = "Index: 51 
P2: 0 0 -1 
P5: 0 0 0 
", color = "red"]
52[label = "Index: 52 
P2: 0 0 -2 
P5: 0 0 0 
"]
53[label = "Index: 53 
P2: 0 0 -1 
", style="filled", fillcolor = "blue"]
54[label = "Index: 54 
P5: 0 0 0 
", color = "fuchsia"]
0 -> 1

1 -> 0
1 -> 2

2 -> 1
2 -> 3

3 -> 2
3 -> 4
3 -> 5

4 -> 3
4 -> 5

5 -> 3
5 -> 4
5 -> 6
5 -> 7
5 -> 8

6 -> 5
6 -> 7
6 -> 8

7 -> 5
7 -> 6
7 -> 8

8 -> 5
8 -> 6
8 -> 7
8 -> 9
8 -> 10

9 -> 8
9 -> 10

10 -> 8
10 -> 9
10 -> 11

11 -> 10
11 -> 12

12 -> 11
12 -> 13
12 -> 14
12 -> 15

13 -> 12
13 -> 17
13 -> 16

14 -> 12

15 -> 12

17 -> 18
17 -> 19
17 -> 20
17 -> 21
17 -> 22
17 -> 23
17 -> 24
17 -> 25

18 -> 17
18 -> 19
18 -> 26
18 -> 27
18 -> 28
18 -> 21
18 -> 22
18 -> 29
18 -> 30
18 -> 31

19 -> 17
19 -> 18
19 -> 32
19 -> 33
19 -> 34
19 -> 35
19 -> 36
19 -> 28
19 -> 37
19 -> 38
19 -> 39

20 -> 17
20 -> 26
20 -> 32
20 -> 23

21 -> 17
21 -> 18
21 -> 40
21 -> 22
21 -> 27
21 -> 34
21 -> 42
21 -> 41

22 -> 17
22 -> 18
22 -> 21

23 -> 17
23 -> 20

24 -> 17

25 -> 17

26 -> 18
26 -> 20

27 -> 18
27 -> 21

28 -> 18
28 -> 19

29 -> 18

30 -> 18

31 -> 18

32 -> 19
32 -> 20

33 -> 19

34 -> 19
34 -> 21

35 -> 19

36 -> 19

37 -> 19

38 -> 19

39 -> 19

40 -> 21

42 -> 43
42 -> 44
42 -> 45
42 -> 46
42 -> 48
42 -> 47

43 -> 42

44 -> 42

45 -> 42

46 -> 42

48 -> 50
48 -> 49

50 -> 51
50 -> 52

51 -> 50
51 -> 54
51 -> 53

52 -> 50

}
