graph G {
color = "black"
0 [label = "P1: 0 0 0 
P2: 0 0 0 
P3: 0 0 0 
P4: 0 0 0 
P5: 0 0 0 
",  style="filled", fillcolor = "#96FF96"];
1 [label = "P1: 0 0 0 
P2: 0 0 -1 
P3: 0 0 0 
P4: 0 0 0 
P5: 0 0 0 
"];
2 [label = "P1: 0 0 -1 
P2: 0 0 -1 
P3: 0 0 0 
P4: 0 0 0 
P5: 0 0 0 
"];
3 [label = "P1: 0 1 0 
P2: 0 0 -1 
P3: 0 1 0 
P4: 0 0 0 
P5: 0 0 0 
"];
4 [label = "P1: 0 1 0 
P2: 0 0 -1 
P3: 0 1 0 
P4: 0 1 0 
P5: 0 0 0 
"];
5 [label = "P1: 0 1 0 
P2: 0 0 -1 
P3: 0 1 1 
P4: 0 0 1 
P5: 0 0 0 
"];
6 [label = "P1: 0 1 0 
P2: 0 0 -1 
P3: 0 1 1 
P4: 0 1 1 
P5: 0 0 0 
"];
7 [label = "P1: 0 1 0 
P2: -1 0 -1 
P3: 0 1 1 
P4: 0 0 1 
P5: 0 0 0 
",  style="filled", fillcolor = "#FF9696"];
8 [label = "P1: 0 2 0 
P2: 0 0 -1 
P3: 0 2 1 
P4: 0 1 1 
P5: 0 0 0 
",  style="filled", fillcolor = "#FF9696"];
9 [label = "P1: 0 1 0 
P2: -1 0 -1 
P3: 0 1 1 
P4: 0 1 1 
P5: 0 0 0 
",  style="filled", fillcolor = "#FF9696"];
10 [label = "P1: -1 1 0 
P2: 0 0 -1 
P3: -1 1 1 
P4: -1 1 1 
P5: 0 0 0 
",  style="filled", fillcolor = "#FF9696"];
11 [label = "P1: 0 2 0 
P2: 0 0 -1 
P3: 0 2 1 
P4: 0 2 1 
P5: 0 0 0 
",  style="filled", fillcolor = "#FF9696"];
12 [label = "P1: -1 1 0 
P2: -1 0 -1 
P3: -1 1 1 
P4: -1 1 1 
P5: 0 0 0 
",  style="filled", fillcolor = "#FF9696"];
13 [label = "P1: 0 2 1 
P2: 0 0 -1 
P3: 0 2 1 
P4: 0 1 1 
P5: 0 0 0 
"];
14 [label = "P1: 0 1 -1 
P2: -1 0 -1 
P3: 0 1 1 
P4: 0 1 1 
P5: 0 0 0 
"];
15 [label = "P1: -1 1 1 
P2: 0 0 -1 
P3: -1 1 1 
P4: -1 1 1 
P5: 0 0 0 
"];
16 [label = "P1: -1 1 0 
P2: -2 0 -1 
P3: -1 1 1 
P4: -1 1 1 
P5: 0 0 0 
"];
17 [label = "P1: -1 1 1 
P2: 0 0 0 
P3: -1 1 1 
P4: -1 1 1 
P5: 0 0 0 
"];
18 [label = "P1: -1 1 1 
P2: -1 0 -1 
P3: -1 1 1 
P4: -1 1 1 
P5: 0 0 0 
"];
19 [label = "P2: -1 0 -1 
",  style="filled", fillcolor = "#FF96FF"];
20 [label = "P1: 0 1 0 
P3: 0 1 1 
P4: 0 0 1 
P5: 0 0 0 
"];
21 [label = "P1: 0 1 0 
P3: 0 1 1 
P4: 0 1 1 
P5: 0 0 0 
"];
22 [label = "P1: 0 1 0 
P3: 0 1 0 
P4: 0 0 0 
P5: 0 0 0 
"];
23 [label = "P5: 0 0 0 
",  style="filled", fillcolor = "#FF96FF"];
24 [label = "P1: 0 1 0 
P3: 0 1 1 
P4: 0 0 1 
"];
25 [label = "P1: 0 1 1 
P3: 0 1 1 
P4: 0 0 1 
"];
26 [label = "P1: 0 1 0 
P3: 0 1 1 
P4: 0 1 1 
"];
27 [label = "P1: 0 0 1 
P3: 0 0 1 
P4: 0 0 1 
"];
28 [label = "P3: 0 1 1 
P4: 0 1 1 
"];
29 [label = "P1: 0 0 0 
",  style="filled", fillcolor = "#FF96FF"];
30 [label = "P3: 0 2 1 
P4: 0 1 1 
"];
31 [label = "P3: 1 2 1 
P4: 0 1 1 
"];
32 [label = "P3: 1 1 0 
P4: 0 0 1 
"];
33 [label = "P3: 1 2 -1 
P4: 0 1 1 
"];
34 [label = "P3: 1 1 2 
P4: 0 0 1 
"];
35 [label = "P3: 0 2 -1 
P4: 0 1 1 
"];
36 [label = "P4: 0 1 1 
", style="filled", fillcolor = "#9696FF"];
37 [label = "P3: 0 1 -1 
",  style="filled", fillcolor = "#FF96FF"];
edge [style=bold];
0 -- 1 [color="#1E96FF", penwidth=4.0];
0 -- 2 [color=black];

1 -- 2 [color=black];
1 -- 3 [color="#1E96FF", penwidth=4.0];
1 -- 4 [color=black];


3 -- 4 [color=black];
3 -- 5 [color="#1E96FF", penwidth=4.0];

4 -- 6 [color=black];

5 -- 7 [color="#1E96FF", penwidth=4.0];
5 -- 6 [color=black];
5 -- 8 [color=black];

6 -- 9 [color=black];
6 -- 8 [color=black];
6 -- 10 [color=black];
6 -- 11 [color=black];
6 -- 12 [color=black];

7 -- 20 [color="#1E96FF", penwidth=4.0];
7 -- 19 [color=black];

8 -- 13 [color=black];

9 -- 14 [color=black];

10 -- 15 [color=black];
10 -- 12 [color=black];
10 -- 16 [color=black];
10 -- 17 [color=black];


12 -- 18 [color=black];







20 -- 21 [color=black];
20 -- 22 [color=black];
20 -- 23 [color=black];
20 -- 24 [color="#1E96FF", penwidth=4.0];



24 -- 25 [color=black];
24 -- 26 [color="#1E96FF", penwidth=4.0];

25 -- 27 [color=black];

26 -- 28 [color="#1E96FF", penwidth=4.0];
26 -- 29 [color=black];


28 -- 30 [color="#1E96FF", penwidth=4.0];

30 -- 31 [color="#1E96FF", penwidth=4.0];

31 -- 32 [color=black];
31 -- 33 [color="#1E96FF", penwidth=4.0];
31 -- 34 [color=black];

32 -- 33 [color=black];
32 -- 34 [color=black];

33 -- 35 [color="#1E96FF", penwidth=4.0];
33 -- 34 [color=black];


35 -- 36 [color="#1E96FF", penwidth=4.0];
35 -- 37 [color=black];

}
