graph G {
color = "black"
0 [label = "P1: 0 0 0 
P2: 0 0 0 
P3: 0 0 0 
P4: 0 0 0 
P5: 0 0 0 
",  style="filled", fillcolor = "#96FF96"];
1 [label = "P1: 0 0 0 
P2: 0 0 -1 
P3: 0 0 0 
P4: 0 0 0 
P5: 0 0 0 
"];
2 [label = "P1: 0 0 -1 
P2: 0 0 -1 
P3: 0 0 0 
P4: 0 0 0 
P5: 0 0 0 
"];
3 [label = "P1: 0 1 0 
P2: 0 0 -1 
P3: 0 1 0 
P4: 0 0 0 
P5: 0 0 0 
"];
4 [label = "P1: 0 1 0 
P2: 0 0 -1 
P3: 0 1 0 
P4: 0 1 0 
P5: 0 0 0 
"];
5 [label = "P1: 0 1 0 
P2: 0 0 -1 
P3: 0 1 1 
P4: 0 0 1 
P5: 0 0 0 
"];
6 [label = "P1: 0 1 0 
P2: 0 0 -1 
P3: 0 1 1 
P4: 0 1 1 
P5: 0 0 0 
"];
7 [label = "P1: 0 1 0 
P2: -1 0 -1 
P3: 0 1 1 
P4: 0 0 1 
P5: 0 0 0 
"];
77 [label = "P1: 0 1 0 
P2: -1 0 +∞ 
P3: 0 1 1 
P4: 0 0 1 
P5: 0 0 0 
",  style="filled", fillcolor = "#FF9696"];
8 [label = "P1: 0 2 0 
P2: 0 0 -1 
P3: 0 2 1 
P4: 0 1 1 
P5: 0 0 0 
"];
88 [label = "P1: 0 2 0 
P2: +∞ 0 -1 
P3: 0 2 1 
P4: 0 1 1 
P5: 0 0 0 
",  style="filled", fillcolor = "#FF9696"];
9 [label = "P1: 0 1 0 
P2: -1 0 -1 
P3: 0 1 1 
P4: 0 1 1 
P5: 0 0 0 
"];
99 [label = "P1: 0 1 0 
P2: -1 0 +∞ 
P3: 0 1 1 
P4: 0 1 1 
P5: 0 0 0 
",  style="filled", fillcolor = "#FF9696"];
10 [label = "P1: -1 1 0 
P2: 0 0 -1 
P3: -1 1 1 
P4: -1 1 1 
P5: 0 0 0 
"];
1010 [label = "P1: -1 1 0 
P2: 0 0 -1 
P3: -1 1 -∞ 
P4: -1 1 -∞ 
P5: 0 0 0 
",  style="filled", fillcolor = "#FF9696"];
11 [label = "P1: 0 2 0 
P2: 0 0 -1 
P3: 0 2 1 
P4: 0 2 1 
P5: 0 0 0 
"];
1111 [label = "P1: 0 2 +∞ 
P2: 0 0 -1 
P3: 0 2 1 
P4: 0 2 1 
P5: 0 0 0 
",  style="filled", fillcolor = "#FF9696"];
12 [label = "P1: -1 1 0 
P2: -1 0 -1 
P3: -1 1 1 
P4: -1 1 1 
P5: 0 0 0 
"];
1212 [label = "P1: -1 1 0 
P2: -1 0 +∞ 
P3: -1 1 1 
P4: -1 1 1 
P5: 0 0 0 
",  style="filled", fillcolor = "#FF9696"];
13 [label = "P1: 0 2 1 
P2: 0 0 -1 
P3: 0 2 1 
P4: 0 1 1 
P5: 0 0 0 
"];
14 [label = "P1: 0 1 -1 
P2: -1 0 -1 
P3: 0 1 1 
P4: 0 1 1 
P5: 0 0 0 
"];
15 [label = "P1: -1 1 1 
P2: 0 0 -1 
P3: -1 1 1 
P4: -1 1 1 
P5: 0 0 0 
"];
16 [label = "P1: -1 1 0 
P2: -2 0 -1 
P3: -1 1 1 
P4: -1 1 1 
P5: 0 0 0 
"];
17 [label = "P1: -1 1 1 
P2: 0 0 0 
P3: -1 1 1 
P4: -1 1 1 
P5: 0 0 0 
"];
18 [label = "P1: -1 1 1 
P2: -1 0 -1 
P3: -1 1 1 
P4: -1 1 1 
P5: 0 0 0 
"];
edge [style=bold];
0 -- 1 [color="#1E96FF", penwidth=4.0];
0 -- 2 [color=black];

1 -- 2 [color=black];
1 -- 3 [color="#1E96FF", penwidth=4.0];
1 -- 4 [color=black];


3 -- 4 [color=black];
3 -- 5 [color="#1E96FF", penwidth=4.0];

4 -- 6 [color=black];

5 -- 7 [color="#1E96FF", penwidth=4.0];
5 -- 6 [color=black];
5 -- 8 [color=black];

6 -- 9 [color=black];
6 -- 8 [color=black];
6 -- 10 [color=black];
6 -- 11 [color=black];
6 -- 12 [color=black];


7 -- 77 [color="#1E96FF", penwidth=4.0];
8 -- 13 [color=black];

8 -- 88 [color=black];
9 -- 14 [color=black];

9 -- 99 [color=black];
10 -- 15 [color=black];
10 -- 12 [color=black];
10 -- 16 [color=black];
10 -- 17 [color=black];

10 -- 1010 [color=black];

11 -- 1111 [color=black];
12 -- 18 [color=black];

12 -- 1212 [color=black];






}
