digraph G {
color = "black"
0[label = "Index: 0 
P0: 0 0 0 
P1: 0 0 0 
P2: 0 0 0 
P3: 0 0 0 
P4: 0 0 0 
", style="filled", fillcolor = "green"]
1[label = "Index: 1 
P0: 1 0 0 
P1: 0 0 0 
P2: 0 0 0 
P3: 0 0 0 
P4: 0 0 0 
"]
2[label = "Index: 2 
P0: 2 0 0 
P1: 0 0 0 
P2: 0 0 0 
P3: 0 0 0 
P4: 0 0 0 
", color = "orange"]
3[label = "Index: 3 
P0: 2 0 0 
P1: 0 -1 0 
P2: 0 0 0 
P3: 0 0 0 
P4: 0 0 0 
"]
4[label = "Index: 4 
P0: 2 0 0 
P1: 0 -1 0 
P2: 0 -1 0 
P3: 0 0 0 
P4: 0 0 0 
"]
5[label = "Index: 5 
P0: 2 0 0 
P1: 0 -1 0 
P2: 0 0 0 
P3: 0 -1 0 
P4: 0 0 0 
", style="filled", fillcolor = "red"]
6[label = "Index: 6 
P0: 2 0 0 
P1: 0 -1 0 
P2: 0 -1 0 
P3: 0 -1 0 
P4: 0 0 0 
"]
7[label = "Index: 7 
P0: 2 0 0 
P1: 0 -2 0 
P2: 0 0 0 
P3: 0 -1 0 
P4: 0 0 0 
", color = "purple"]
8[label = "Index: 8 
P0: 2 0 0 
P1: 0 -2 0 
P2: 0 -1 0 
P3: 0 -1 0 
P4: 0 0 0 
"]
9[label = "Index: 9 
P0: 2 0 0 
P1: 0 -2 0 
P2: 0 -2 0 
P3: 0 -1 0 
P4: 0 0 0 
"]
10[label = "Index: 10 
P0: 1 0 0 
P1: -1 -1 0 
P2: -1 -1 0 
P3: -1 0 0 
P4: 0 0 0 
"]
11[label = "Index: 11 
P0: 0 0 0 
P1: -2 -1 0 
P2: -2 -1 0 
P3: -2 0 0 
P4: 0 0 0 
"]
12[label = "Index: 12 
P0: 2 0 0 
P1: 0 -1 0 
P2: 0 -1 0 
P3: 0 -1 1 
P4: 0 0 0 
", color = "purple"]
13[label = "Index: 13 
P0: 1 0 0 
P1: -1 -1 0 
P2: -1 -1 0 
P3: -1 -1 0 
P4: 0 0 0 
"]
14[label = "Index: 14 
P0: 0 0 0 
P1: -2 -1 0 
P2: -2 -1 0 
P3: -2 -1 0 
P4: 0 0 0 
"]
15[label = "Index: 15 
P0: 2 0 0 
P1: 0 -2 0 
P2: 0 -1 0 
P3: 0 -1 1 
P4: 0 0 0 
", color = "purple"]
16[label = "Index: 16 
P0: 1 0 0 
P1: -1 -2 0 
P2: -1 -1 0 
P3: -1 -1 0 
P4: 0 0 0 
"]
17[label = "Index: 17 
P0: 0 0 0 
P1: -2 -2 0 
P2: -2 -1 0 
P3: -2 -1 0 
P4: 0 0 0 
"]
18[label = "Index: 18 
P0: 1 0 0 
P1: -1 -2 0 
P2: -1 -2 0 
P3: -1 -1 0 
P4: 0 0 0 
"]
19[label = "Index: 19 
P0: 0 0 0 
P1: -2 -2 0 
P2: -2 -2 0 
P3: -2 -1 0 
P4: 0 0 0 
"]
20[label = "Index: 20 
P0: 2 0 0 
P1: -1 -1 0 
P2: 0 -1 0 
P3: 0 -1 1 
P4: 0 0 0 
"]
21[label = "Index: 21 
P0: 1 0 0 
P1: -1 -1 0 
P2: 0 -1 0 
P3: 0 -1 1 
P4: 0 0 0 
"]
22[label = "Index: 22 
P0: 2 0 0 
P1: 0 -1 0 
P2: 0 0 0 
P3: 0 -1 1 
P4: 0 0 0 
"]
23[label = "Index: 23 
P0: 1 0 0 
P1: -1 -1 0 
P2: -1 -1 0 
P3: -1 -1 1 
P4: 0 0 0 
", color = "purple"]
24[label = "Index: 24 
P0: 0 0 0 
P1: -2 -1 0 
P2: -2 -1 0 
P3: -2 -1 1 
P4: 0 0 0 
", color = "purple"]
25[label = "Index: 25 
P0: 2 0 0 
P1: -1 -2 0 
P2: 0 -1 0 
P3: 0 -1 1 
P4: 0 0 0 
"]
26[label = "Index: 26 
P0: 1 0 0 
P1: -1 -2 0 
P2: 0 -1 0 
P3: 0 -1 1 
P4: 0 0 0 
"]
27[label = "Index: 27 
P0: 2 0 0 
P1: 0 -2 0 
P2: 0 0 0 
P3: 0 -1 1 
P4: 0 0 0 
"]
28[label = "Index: 28 
P0: 2 0 0 
P1: 0 -2 0 
P2: 0 -1 0 
P3: 0 -2 1 
P4: 0 0 0 
"]
29[label = "Index: 29 
P0: 1 0 0 
P1: -1 -2 0 
P2: -1 -1 0 
P3: -1 -1 1 
P4: 0 0 0 
", color = "purple"]
30[label = "Index: 30 
P0: 0 0 0 
P1: -2 -2 0 
P2: -2 -1 0 
P3: -2 -1 1 
P4: 0 0 0 
", color = "purple"]
31[label = "Index: 31 
P0: 1 0 0 
P1: -2 -1 0 
P2: -1 -1 0 
P3: -1 -1 1 
P4: 0 0 0 
"]
32[label = "Index: 32 
P0: 0 0 0 
P1: -2 -1 0 
P2: -1 -1 0 
P3: -1 -1 1 
P4: 0 0 0 
"]
33[label = "Index: 33 
P0: 1 0 0 
P1: -1 -1 0 
P2: 0 -1 0 
P3: -1 -1 1 
P4: 0 0 0 
"]
34[label = "Index: 34 
P0: 2 0 0 
P1: -1 -1 0 
P2: 0 -1 0 
P3: -1 -1 1 
P4: 0 0 0 
"]
35[label = "Index: 35 
P0: 0 0 0 
P1: -3 -1 0 
P2: -2 -1 0 
P3: -2 -1 1 
P4: 0 0 0 
"]
36[label = "Index: 36 
P0: 0 0 0 
P1: -2 -1 0 
P2: -1 -1 0 
P3: -2 -1 1 
P4: 0 0 0 
"]
37[label = "Index: 37 
P0: 0 0 0 
P1: -2 -1 0 
P2: 0 -1 0 
P3: -2 -1 1 
P4: 0 0 0 
"]
38[label = "Index: 38 
P0: 1 0 0 
P1: -2 -1 0 
P2: -1 -1 0 
P3: -2 -1 1 
P4: 0 0 0 
"]
39[label = "Index: 39 
P0: 2 0 0 
P1: -2 -1 0 
P2: 0 -1 0 
P3: -2 -1 1 
P4: 0 0 0 
"]
40[label = "Index: 40 
P0: 1 0 0 
P1: -2 -2 0 
P2: -1 -1 0 
P3: -1 -1 1 
P4: 0 0 0 
"]
41[label = "Index: 41 
P0: 0 0 0 
P1: -2 -2 0 
P2: -1 -1 0 
P3: -1 -1 1 
P4: 0 0 0 
"]
42[label = "Index: 42 
P0: 1 0 0 
P1: -1 -2 0 
P2: 0 -1 0 
P3: -1 -1 1 
P4: 0 0 0 
"]
43[label = "Index: 43 
P0: 2 0 0 
P1: -1 -2 0 
P2: 0 -1 0 
P3: -1 -1 1 
P4: 0 0 0 
"]
44[label = "Index: 44 
P0: 1 0 0 
P1: -1 -2 0 
P2: -1 -1 0 
P3: -1 -2 1 
P4: 0 0 0 
"]
45[label = "Index: 45 
P0: 0 0 0 
P1: -3 -2 0 
P2: -2 -1 0 
P3: -2 -1 1 
P4: 0 0 0 
"]
46[label = "Index: 46 
P0: 0 0 0 
P1: -2 -2 0 
P2: -1 -1 0 
P3: -2 -1 1 
P4: 0 0 0 
"]
47[label = "Index: 47 
P0: 0 0 0 
P1: -2 -2 0 
P2: 0 -1 0 
P3: -2 -1 1 
P4: 0 0 0 
"]
48[label = "Index: 48 
P0: 1 0 0 
P1: -2 -2 0 
P2: -1 -1 0 
P3: -2 -1 1 
P4: 0 0 0 
"]
49[label = "Index: 49 
P0: 2 0 0 
P1: -2 -2 0 
P2: 0 -1 0 
P3: -2 -1 1 
P4: 0 0 0 
"]
50[label = "Index: 50 
P0: 0 0 0 
P1: -2 -2 0 
P2: -2 -1 0 
P3: -2 -2 1 
P4: 0 0 0 
"]
51[label = "Index: 51 
P3: 0 -1 0 
", color = "fuchsia"]
52[label = "Index: 52 
P0: 2 0 0 
P1: 0 -1 0 
P2: 0 0 0 
P4: 0 0 0 
", color = "red"]
53[label = "Index: 53 
P1: 0 -1 0 
", color = "fuchsia"]
54[label = "Index: 54 
P0: 2 0 0 
P2: 0 0 0 
P4: 0 0 0 
", color = "orange"]
55[label = "Index: 55 
P0: 1 0 0 
P2: 0 0 0 
P4: 0 0 0 
", color = "red"]
56[label = "Index: 56 
P0: 0 0 0 
P2: 0 0 0 
P4: 0 0 0 
"]
57[label = "Index: 57 
P0: 2 0 0 
P2: 0 -1 0 
P4: 0 0 0 
"]
58[label = "Index: 58 
P0: 2 0 0 
P2: 0 -2 0 
P4: 0 0 0 
"]
59[label = "Index: 59 
P0: 1 0 0 
", color = "fuchsia"]
60[label = "Index: 60 
P2: 0 0 0 
P4: 0 0 0 
", color = "orange"]
61[label = "Index: 61 
P2: 0 -1 0 
P4: 0 0 0 
", color = "red"]
62[label = "Index: 62 
P2: 0 -2 0 
P4: 0 0 0 
"]
63[label = "Index: 63 
P2: 0 -3 0 
P4: 0 0 0 
"]
64[label = "Index: 64 
P2: 0 -4 0 
P4: 0 0 0 
"]
65[label = "Index: 65 
P2: 0 -5 0 
P4: 0 0 0 
"]
66[label = "Index: 66 
P2: 0 -1 0 
", style="filled", fillcolor = "blue"]
67[label = "Index: 67 
P4: 0 0 0 
", color = "fuchsia"]
0 -> 1
0 -> 2

1 -> 0
1 -> 2

2 -> 0
2 -> 1
2 -> 3
2 -> 4
2 -> 5
2 -> 6

3 -> 2
3 -> 4
3 -> 5
3 -> 7
3 -> 6
3 -> 8

4 -> 2
4 -> 3
4 -> 6
4 -> 8
4 -> 9
4 -> 10
4 -> 11

5 -> 2
5 -> 3
5 -> 7
5 -> 6
5 -> 8
5 -> 52
5 -> 51

6 -> 2
6 -> 3
6 -> 4
6 -> 5
6 -> 8
6 -> 9
6 -> 12
6 -> 13
6 -> 14

7 -> 3
7 -> 5
7 -> 8
7 -> 9

8 -> 3
8 -> 4
8 -> 5
8 -> 6
8 -> 7
8 -> 9
8 -> 15
8 -> 16
8 -> 17

9 -> 4
9 -> 6
9 -> 7
9 -> 8
9 -> 18
9 -> 19

10 -> 4
10 -> 13
10 -> 16
10 -> 18
10 -> 11

11 -> 4
11 -> 10
11 -> 14
11 -> 17
11 -> 19

12 -> 6
12 -> 20
12 -> 15
12 -> 21
12 -> 22

13 -> 6
13 -> 10
13 -> 16
13 -> 18
13 -> 23
13 -> 14

14 -> 6
14 -> 11
14 -> 13
14 -> 17
14 -> 19
14 -> 24

15 -> 8
15 -> 12
15 -> 25
15 -> 26
15 -> 27
15 -> 22
15 -> 28

16 -> 8
16 -> 10
16 -> 13
16 -> 18
16 -> 29
16 -> 17

17 -> 8
17 -> 11
17 -> 14
17 -> 16
17 -> 19
17 -> 30

18 -> 9
18 -> 10
18 -> 13
18 -> 16
18 -> 19

19 -> 9
19 -> 11
19 -> 14
19 -> 17
19 -> 18

20 -> 12

21 -> 12

22 -> 12
22 -> 15

23 -> 13
23 -> 31
23 -> 29
23 -> 32
23 -> 33
23 -> 34

24 -> 14
24 -> 35
24 -> 30
24 -> 36
24 -> 37
24 -> 38
24 -> 39

25 -> 15

26 -> 15

27 -> 15

28 -> 15

29 -> 16
29 -> 23
29 -> 40
29 -> 41
29 -> 42
29 -> 43
29 -> 44

30 -> 17
30 -> 24
30 -> 45
30 -> 46
30 -> 47
30 -> 48
30 -> 49
30 -> 50

31 -> 23

32 -> 23

33 -> 23

34 -> 23

35 -> 24

36 -> 24

37 -> 24

38 -> 24

39 -> 24

40 -> 29

41 -> 29

42 -> 29

43 -> 29

44 -> 29

45 -> 30

46 -> 30

47 -> 30

48 -> 30

49 -> 30

50 -> 30

52 -> 54
52 -> 53

54 -> 55
54 -> 56
54 -> 57
54 -> 58

55 -> 54
55 -> 60
55 -> 59

56 -> 54

57 -> 54

58 -> 54

60 -> 61
60 -> 62
60 -> 63
60 -> 64
60 -> 65

61 -> 60
61 -> 67
61 -> 66

62 -> 60

63 -> 60

64 -> 60

65 -> 60

}
