digraph G {
color = "black"
0[label = "Index: 0 
P0: 0 0 0 
P1: 0 0 0 
P2: 0 0 0 
P3: 0 0 0 
P4: 0 0 0 
P5: 0 0 0 
P6: 0 0 0 
", style="filled", fillcolor = "green"]
1[label = "Index: 1 
P0: 0 0 -1 
P1: 0 0 0 
P2: 0 0 0 
P3: 0 0 0 
P4: 0 0 0 
P5: 0 0 0 
P6: 0 0 0 
", color = "orange"]
2[label = "Index: 2 
P0: 0 0 -1 
P1: 1 0 0 
P2: 0 0 0 
P3: 0 0 0 
P4: 0 0 0 
P5: 0 0 0 
P6: 0 0 0 
", color = "orange"]
3[label = "Index: 3 
P0: 0 0 -2 
P1: 1 0 0 
P2: 0 0 0 
P3: 0 0 0 
P4: 0 0 0 
P5: 0 0 0 
P6: 0 0 0 
", color = "orange"]
4[label = "Index: 4 
P0: 0 0 -2 
P1: 1 0 0 
P2: 0 1 0 
P3: 0 0 0 
P4: 0 0 0 
P5: 0 0 0 
P6: 0 0 0 
"]
5[label = "Index: 5 
P0: 0 0 -2 
P1: 1 0 0 
P2: 0 2 0 
P3: 0 0 0 
P4: 0 0 0 
P5: 0 0 0 
P6: 0 0 0 
", color = "orange"]
6[label = "Index: 6 
P0: 0 0 -1 
P1: 1 0 0 
P2: 0 2 0 
P3: 0 0 0 
P4: 0 0 0 
P5: 0 0 0 
P6: 0 0 0 
", color = "orange"]
7[label = "Index: 7 
P0: 0 0 -1 
P1: 0 0 0 
P2: 0 2 0 
P3: 0 0 0 
P4: 0 0 0 
P5: 0 0 0 
P6: 0 0 0 
"]
8[label = "Index: 8 
P0: 0 0 -1 
P1: 0 0 0 
P2: 0 2 0 
P3: -1 0 0 
P4: 0 0 0 
P5: 0 0 0 
P6: 0 0 0 
", color = "orange"]
9[label = "Index: 9 
P0: 0 0 -2 
P1: 0 0 -1 
P2: 0 2 0 
P3: -1 0 -1 
P4: 0 0 0 
P5: 0 0 0 
P6: 0 0 0 
", color = "orange"]
10[label = "Index: 10 
P0: 0 0 -2 
P1: 0 0 -1 
P2: 0 1 0 
P3: -1 0 -1 
P4: 0 0 0 
P5: 0 0 0 
P6: 0 0 0 
", color = "orange"]
11[label = "Index: 11 
P0: 0 0 -2 
P1: 0 0 -1 
P2: 0 1 0 
P3: -1 0 -1 
P4: 0 0 -1 
P5: 0 0 0 
P6: 0 0 0 
", color = "orange"]
12[label = "Index: 12 
P0: 0 0 -2 
P1: 0 0 -1 
P2: 0 1 0 
P3: -1 0 -1 
P4: -1 0 -1 
P5: 0 0 0 
P6: 0 0 0 
", color = "orange"]
13[label = "Index: 13 
P0: 0 0 -2 
P1: 0 0 -1 
P2: 0 2 0 
P3: -1 0 -1 
P4: -1 0 -1 
P5: 0 0 0 
P6: 0 0 0 
", color = "orange"]
14[label = "Index: 14 
P0: 0 0 -2 
P1: 0 0 -1 
P2: 0 2 0 
P3: -1 0 -1 
P4: -1 0 -1 
P5: -1 0 0 
P6: 0 0 0 
", style="filled", fillcolor = "red"]
15[label = "Index: 15 
P2: 0 2 0 
", color = "fuchsia"]
16[label = "Index: 16 
P0: 0 0 -2 
P1: 0 0 -1 
P3: -1 0 -1 
P4: -1 0 -1 
P5: -1 0 0 
P6: 0 0 0 
", color = "orange"]
17[label = "Index: 17 
P0: 0 0 -2 
P1: 0 0 -1 
P3: -1 0 -1 
P4: 0 0 -1 
P5: -1 0 0 
P6: 0 0 0 
"]
18[label = "Index: 18 
P0: 0 0 -2 
P1: 0 0 -1 
P3: -1 0 -1 
P4: -1 0 -1 
P5: 0 0 0 
P6: 0 0 0 
"]
19[label = "Index: 19 
P0: 0 0 -2 
P1: 0 0 -1 
P3: -1 0 -1 
P4: -1 0 -1 
P5: -1 1 0 
P6: 0 0 0 
", color = "orange"]
20[label = "Index: 20 
P0: 0 0 -2 
P1: 0 0 -1 
P3: -1 0 -1 
P4: -1 0 -1 
P5: -1 0 -1 
P6: 0 0 0 
"]
21[label = "Index: 21 
P0: 0 0 -2 
P1: 0 0 -1 
P3: -1 0 -1 
P4: 0 0 -1 
P5: 0 0 0 
P6: 0 0 0 
"]
22[label = "Index: 22 
P0: 0 0 -2 
P1: 0 0 -1 
P3: -1 0 -1 
P4: 0 0 -1 
P5: -1 1 0 
P6: 0 0 0 
"]
23[label = "Index: 23 
P0: 0 0 -2 
P1: 0 0 -1 
P3: -1 0 -1 
P4: -1 0 -1 
P5: -1 1 1 
P6: 0 0 0 
", color = "red"]
24[label = "Index: 24 
P0: 0 0 -2 
P1: 0 0 -1 
P3: -1 0 -1 
P4: 0 0 0 
P5: 0 0 0 
P6: 0 0 0 
"]
25[label = "Index: 25 
P0: 0 0 -1 
P1: 0 0 0 
P3: -1 0 0 
P4: 0 0 0 
P5: 0 0 0 
P6: 0 0 0 
"]
26[label = "Index: 26 
P0: 0 0 -2 
P1: 0 0 -1 
P3: -1 0 -1 
P4: 0 0 -1 
P5: -1 1 1 
P6: 0 0 0 
"]
27[label = "Index: 27 
P0: 0 0 -2 
P1: 0 0 -1 
P3: -1 0 -1 
P4: 0 0 0 
P5: -1 1 1 
P6: 0 0 0 
"]
28[label = "Index: 28 
P0: 0 0 -1 
P1: 0 0 0 
P3: -1 0 0 
P4: 0 0 0 
P5: -1 1 1 
P6: 0 0 0 
"]
29[label = "Index: 29 
P5: -1 1 1 
", color = "fuchsia"]
30[label = "Index: 30 
P0: 0 0 -2 
P1: 0 0 -1 
P3: -1 0 -1 
P4: -1 0 -1 
P6: 0 0 0 
", color = "orange"]
31[label = "Index: 31 
P0: 0 0 -2 
P1: 0 0 -1 
P3: -1 0 -1 
P4: 0 0 -1 
P6: 0 0 0 
", color = "orange"]
32[label = "Index: 32 
P0: 0 0 -2 
P1: 0 0 -1 
P3: -1 0 -1 
P4: 0 0 0 
P6: 0 0 0 
", color = "orange"]
33[label = "Index: 33 
P0: 0 0 -1 
P1: 0 0 0 
P3: -1 0 0 
P4: 0 0 0 
P6: 0 0 0 
"]
34[label = "Index: 34 
P0: 0 0 -2 
P1: 0 0 -1 
P3: -1 0 -1 
P4: 0 1 0 
P6: 0 0 0 
", color = "orange"]
35[label = "Index: 35 
P0: 0 0 -1 
P1: 0 0 0 
P3: 0 0 0 
P4: 0 0 0 
P6: 0 0 0 
"]
36[label = "Index: 36 
P0: 0 0 -1 
P1: 1 0 0 
P3: 0 0 0 
P4: 0 0 0 
P6: 0 0 0 
"]
37[label = "Index: 37 
P0: 0 0 -2 
P1: 0 0 -1 
P3: -1 0 -1 
P4: 1 1 0 
P6: 0 0 0 
", color = "red"]
38[label = "Index: 38 
P0: 0 0 0 
P1: 0 0 0 
P3: 0 0 0 
P4: 0 0 0 
P6: 0 0 0 
"]
39[label = "Index: 39 
P0: 0 0 -2 
P1: 1 0 0 
P3: 0 0 0 
P4: 0 0 0 
P6: 0 0 0 
"]
40[label = "Index: 40 
P0: 0 0 -1 
P1: 0 0 0 
P3: -1 0 0 
P4: 1 1 0 
P6: 0 0 0 
"]
41[label = "Index: 41 
P4: 1 1 0 
", color = "fuchsia"]
42[label = "Index: 42 
P0: 0 0 -2 
P1: 0 0 -1 
P3: -1 0 -1 
P6: 0 0 0 
", color = "orange"]
43[label = "Index: 43 
P0: 0 0 -1 
P1: 0 0 0 
P3: -1 0 0 
P6: 0 0 0 
", color = "orange"]
44[label = "Index: 44 
P0: 0 0 -1 
P1: 0 0 0 
P3: 0 0 0 
P6: 0 0 0 
"]
45[label = "Index: 45 
P0: 0 0 -1 
P1: 1 0 0 
P3: 0 0 0 
P6: 0 0 0 
", color = "orange"]
46[label = "Index: 46 
P0: 0 0 0 
P1: 0 0 0 
P3: 0 0 0 
P6: 0 0 0 
"]
47[label = "Index: 47 
P0: 0 0 -2 
P1: 1 0 0 
P3: 0 0 0 
P6: 0 0 0 
", color = "orange"]
48[label = "Index: 48 
P0: 0 0 -2 
P1: 1 0 0 
P3: 0 -1 0 
P6: 0 0 0 
", color = "orange"]
49[label = "Index: 49 
P0: 0 0 -3 
P1: 1 0 -1 
P3: 0 -1 -1 
P6: 0 0 0 
", color = "orange"]
50[label = "Index: 50 
P0: -1 0 -3 
P1: 0 0 -1 
P3: -1 -1 -1 
P6: 0 0 0 
", color = "orange"]
51[label = "Index: 51 
P0: -1 0 -3 
P1: 0 0 -1 
P3: -1 0 -1 
P6: 0 0 0 
", color = "orange"]
52[label = "Index: 52 
P0: -2 0 -3 
P1: 0 0 -1 
P3: -1 0 -1 
P6: 0 0 0 
", color = "orange"]
53[label = "Index: 53 
P0: -2 -1 -3 
P1: 0 0 -1 
P3: -1 -1 -1 
P6: 0 0 0 
", color = "red"]
54[label = "Index: 54 
P0: -2 0 -2 
P1: 0 0 0 
P3: -1 0 0 
P6: 0 0 0 
"]
55[label = "Index: 55 
P0: -2 -1 -3 
", color = "fuchsia"]
56[label = "Index: 56 
P1: 0 0 -1 
P3: -1 -1 -1 
P6: 0 0 0 
", color = "orange"]
57[label = "Index: 57 
P1: 0 0 -1 
P3: 0 -1 -1 
P6: 0 0 0 
"]
58[label = "Index: 58 
P1: 0 0 -1 
P3: -1 0 -1 
P6: 0 0 0 
"]
59[label = "Index: 59 
P1: 0 0 -1 
P3: -1 1 -1 
P6: 0 0 0 
"]
60[label = "Index: 60 
P1: 1 0 -1 
P3: 0 -1 -1 
P6: 0 0 0 
", color = "orange"]
61[label = "Index: 61 
P1: 2 0 -1 
P3: 1 -1 -1 
P6: 0 0 0 
"]
62[label = "Index: 62 
P1: 0 0 0 
P3: -1 -1 0 
P6: 0 0 0 
"]
63[label = "Index: 63 
P1: 1 0 -1 
P3: 1 -1 -1 
P6: 0 0 0 
"]
64[label = "Index: 64 
P1: 0 0 0 
P3: 0 -1 0 
P6: 0 0 0 
"]
65[label = "Index: 65 
P1: 0 0 0 
P3: -1 0 0 
P6: 0 0 0 
"]
66[label = "Index: 66 
P1: 0 0 0 
P3: -1 1 0 
P6: 0 0 0 
"]
67[label = "Index: 67 
P1: 1 -1 -1 
P3: 0 -1 -1 
P6: 0 0 0 
", color = "red"]
68[label = "Index: 68 
P1: 1 -2 -1 
P3: 0 -1 -1 
P6: 0 0 0 
"]
69[label = "Index: 69 
P1: 1 -1 -1 
P3: 0 -2 -1 
P6: 0 0 0 
"]
70[label = "Index: 70 
P1: 1 -2 -1 
P3: 0 -3 -1 
P6: 0 0 0 
"]
71[label = "Index: 71 
P1: 1 0 0 
P3: 0 -1 0 
P6: 0 0 0 
"]
72[label = "Index: 72 
P1: 2 -1 -1 
P3: 1 -1 -1 
P6: 0 0 0 
"]
73[label = "Index: 73 
P1: 2 -2 -1 
P3: 1 -1 -1 
P6: 0 0 0 
"]
74[label = "Index: 74 
P1: 1 -1 -1 
P3: 1 -1 -1 
P6: 0 0 0 
"]
75[label = "Index: 75 
P1: 1 -2 -1 
P3: 1 -1 -1 
P6: 0 0 0 
"]
76[label = "Index: 76 
P1: 0 0 0 
P3: 0 0 0 
P6: 0 0 0 
"]
77[label = "Index: 77 
P1: 1 0 0 
P3: 0 0 0 
P6: 0 0 0 
"]
78[label = "Index: 78 
P6: 0 0 0 
", color = "fuchsia"]
79[label = "Index: 79 
P1: 1 -1 -1 
P3: 0 -1 -1 
", color = "orange"]
80[label = "Index: 80 
P1: 0 -1 -1 
P3: 0 -1 -1 
"]
81[label = "Index: 81 
P1: -1 -1 -1 
P3: 0 -1 -1 
", color = "orange"]
82[label = "Index: 82 
P1: 1 -2 -1 
P3: 0 -1 -1 
"]
83[label = "Index: 83 
P1: 1 0 -1 
P3: 0 -1 -1 
"]
84[label = "Index: 84 
P1: 0 -2 -1 
P3: 0 -1 -1 
"]
85[label = "Index: 85 
P1: 0 0 -1 
P3: 0 -1 -1 
"]
86[label = "Index: 86 
P1: -1 -2 -1 
P3: 0 -1 -1 
", color = "red"]
87[label = "Index: 87 
P3: 0 -1 -1 
", style="filled", fillcolor = "blue"]
88[label = "Index: 88 
P1: -1 -2 -1 
", color = "fuchsia"]
0 -> 1

1 -> 0
1 -> 2

2 -> 1
2 -> 3

3 -> 2
3 -> 4
3 -> 5

4 -> 3
4 -> 5

5 -> 3
5 -> 4
5 -> 6

6 -> 5
6 -> 7
6 -> 8

7 -> 6
7 -> 8

8 -> 6
8 -> 7
8 -> 9

9 -> 8
9 -> 10

10 -> 9
10 -> 11

11 -> 10
11 -> 12

12 -> 11
12 -> 13

13 -> 12
13 -> 14

14 -> 13
14 -> 16
14 -> 15

16 -> 17
16 -> 18
16 -> 19
16 -> 20
16 -> 21

17 -> 16
17 -> 21
17 -> 22

18 -> 16
18 -> 21

19 -> 16
19 -> 22
