graph G {
color = "black"
0 [label = "P1: 0 0 0 
P2: 0 0 0 
P3: 0 0 0 
P4: 0 0 0 
P5: 0 0 0 
",  style="filled", fillcolor = "#96FF96"];
1 [label = "P1: 0 1 0 
P2: 0 0 0 
P3: 0 0 0 
P4: 0 0 0 
P5: 0 0 0 
"];
2 [label = "P1: 0 1 0 
P2: 0 0 -1 
P3: 0 0 0 
P4: 0 0 0 
P5: 0 0 0 
"];
3 [label = "P1: 0 1 0 
P2: 0 0 -1 
P3: 0 1 0 
P4: 0 0 0 
P5: 0 0 0 
"];
4 [label = "P1: 0 1 0 
P2: 0 0 -1 
P3: 0 1 0 
P4: 1 0 0 
P5: 0 0 0 
"];
5 [label = "P1: 0 2 0 
P2: 0 0 -1 
P3: 0 1 0 
P4: 1 0 0 
P5: 0 0 0 
"];
6 [label = "P1: 0 2 0 
P2: 0 0 -1 
P3: 0 2 0 
P4: 1 0 0 
P5: 0 0 0 
"];
7 [label = "P1: 0 2 0 
P2: -1 0 -1 
P3: 0 1 0 
P4: 1 0 0 
P5: 0 0 0 
",  style="filled", fillcolor = "#FF9696"];
8 [label = "P1: 0 2 0 
P2: -2 0 -1 
P3: 0 1 0 
P4: 1 0 0 
P5: 0 0 0 
",  style="filled", fillcolor = "#FF9696"];
9 [label = "P1: 1 2 0 
P2: 0 0 -1 
P3: 1 1 0 
P4: 2 0 0 
P5: 0 0 0 
",  style="filled", fillcolor = "#FF9696"];
10 [label = "P1: 2 2 0 
P2: 0 0 -1 
P3: 2 1 0 
P4: 3 0 0 
P5: 0 0 0 
",  style="filled", fillcolor = "#FF9696"];
11 [label = "P3: 0 1 0 
P4: 1 0 0 
P5: 0 0 0 
"];
12 [label = "P3: 0 1 0 
",  style="filled", fillcolor = "#FF96FF"];
13 [label = "P4: 1 0 0 
P5: 0 0 0 
"];
14 [label = "P4: 1 0 0 
", style="filled", fillcolor = "#9696FF"];
15 [label = "P5: 0 0 0 
",  style="filled", fillcolor = "#FF96FF"];
16 [label = "P1: 0 2 0 
P2: -1 0 -1 
"];
17 [label = "P2: -1 0 -1 
",  style="filled", fillcolor = "#FF96FF"];
18 [label = "P1: 0 2 0 
",  style="filled", fillcolor = "#FF96FF"];
edge [style=bold];
0 -- 1 [color="#1E96FF", penwidth=4.0];

1 -- 2 [color="#1E96FF", penwidth=4.0];

2 -- 3 [color="#1E96FF", penwidth=4.0];

3 -- 4 [color="#1E96FF", penwidth=4.0];

4 -- 5 [color="#1E96FF", penwidth=4.0];
4 -- 6 [color=black];

5 -- 7 [color="#1E96FF", penwidth=4.0];
5 -- 8 [color=black];
5 -- 6 [color=black];
5 -- 9 [color=black];
5 -- 10 [color=black];


7 -- 8 [color=black];
7 -- 11 [color="#1E96FF", penwidth=4.0];
7 -- 16 [color=black];




11 -- 13 [color="#1E96FF", penwidth=4.0];
11 -- 12 [color=black];

13 -- 15 [color=black];
13 -- 14 [color="#1E96FF", penwidth=4.0];

16 -- 17 [color=black];
16 -- 18 [color=black];

}
