digraph G {
color = "black"
0[label = "Index: 0 
P0: 0 0 0 
P1: 0 0 0 
P2: 0 0 0 
P3: 0 0 0 
P4: 0 0 0 
", style="filled", fillcolor = "green"]
1[label = "Index: 1 
P0: 0 -1 0 
P1: 0 0 0 
P2: 0 0 0 
P3: 0 0 0 
P4: 0 0 0 
", color = "orange"]
2[label = "Index: 2 
P0: 0 -1 0 
P1: 1 0 0 
P2: 0 0 0 
P3: 0 0 0 
P4: 0 0 0 
", color = "orange"]
3[label = "Index: 3 
P0: 0 -1 0 
P1: 1 0 0 
P2: 1 0 0 
P3: 0 0 0 
P4: 0 0 0 
"]
4[label = "Index: 4 
P0: 0 -1 0 
P1: 1 0 0 
P2: 0 0 0 
P3: 0 1 0 
P4: 0 0 0 
", style="filled", fillcolor = "red"]
5[label = "Index: 5 
P0: 0 -1 0 
P1: 1 0 0 
P2: 1 0 0 
P3: 0 1 0 
P4: 0 0 0 
", color = "purple"]
6[label = "Index: 6 
P0: 0 -1 0 
", color = "fuchsia"]
7[label = "Index: 7 
P1: 1 0 0 
P2: 0 0 0 
P3: 0 1 0 
P4: 0 0 0 
", color = "orange"]
8[label = "Index: 8 
P1: 1 0 0 
P2: 1 0 0 
P3: 0 1 0 
P4: 0 0 0 
"]
9[label = "Index: 9 
P1: 1 0 0 
P2: 0 0 0 
P3: 0 0 0 
P4: 0 0 0 
"]
10[label = "Index: 10 
P1: 0 0 0 
P2: 0 0 0 
P3: -1 1 0 
P4: 0 0 0 
", color = "red"]
11[label = "Index: 11 
P1: 1 0 0 
P2: 1 0 0 
P3: 0 0 0 
P4: 0 0 0 
"]
12[label = "Index: 12 
P1: 0 0 0 
P2: 0 0 0 
P3: 0 0 0 
P4: 0 0 0 
"]
13[label = "Index: 13 
P3: -1 1 0 
", color = "fuchsia"]
14[label = "Index: 14 
P1: 0 0 0 
P2: 0 0 0 
P4: 0 0 0 
", color = "red"]
15[label = "Index: 15 
P1: 0 0 0 
", color = "fuchsia"]
16[label = "Index: 16 
P2: 0 0 0 
P4: 0 0 0 
", color = "red"]
17[label = "Index: 17 
P2: 0 0 0 
", style="filled", fillcolor = "blue"]
18[label = "Index: 18 
P4: 0 0 0 
", color = "fuchsia"]
0 -> 1

1 -> 0
1 -> 2
1 -> 3

2 -> 1
2 -> 3
2 -> 4

3 -> 1
3 -> 2
3 -> 5

4 -> 2
4 -> 7
4 -> 6

5 -> 3

7 -> 8
7 -> 9
7 -> 10

8 -> 7
8 -> 11
8 -> 10

9 -> 7
9 -> 12
9 -> 11

10 -> 7
10 -> 8
10 -> 14
10 -> 13

11 -> 8
11 -> 9

12 -> 9

14 -> 16
14 -> 15

16 -> 18
16 -> 17

}
