digraph G {
color = "black"
0[label = "Index: 0 
P0: 0 0 0 
P1: 0 0 0 
P2: 0 0 0 
P3: 0 0 0 
", style="filled", fillcolor = "green"]
1[label = "Index: 1 
P0: 0 0 1 
P1: 0 0 0 
P2: 0 0 0 
P3: 0 0 0 
", color = "orange"]
2[label = "Index: 2 
P0: 0 0 1 
P1: 1 0 0 
P2: 0 0 0 
P3: 0 0 0 
"]
3[label = "Index: 3 
P0: 0 0 1 
P1: 1 0 0 
P2: 1 0 0 
P3: 0 0 0 
", style="filled", fillcolor = "red"]
4[label = "Index: 4 
P0: 0 0 1 
", color = "fuchsia"]
5[label = "Index: 5 
P1: 1 0 0 
P2: 1 0 0 
P3: 0 0 0 
", color = "red"]
6[label = "Index: 6 
P1: 1 0 0 
", color = "fuchsia"]
7[label = "Index: 7 
P2: 1 0 0 
P3: 0 0 0 
", color = "red"]
8[label = "Index: 8 
P2: 1 0 0 
", style="filled", fillcolor = "blue"]
9[label = "Index: 9 
P3: 0 0 0 
", color = "fuchsia"]
0 -> 1

1 -> 0
1 -> 2
1 -> 3

2 -> 1
2 -> 3

3 -> 1
3 -> 2
3 -> 5
3 -> 4

5 -> 7
5 -> 6

7 -> 9
7 -> 8

}
