digraph G {
color = "black"
0[label = "Index: 0 
P0: 0 0 0 
P1: 0 0 0 
P2: 0 0 0 
P3: 0 0 0 
P4: 0 0 0 
P5: 0 0 0 
", style="filled", fillcolor = "green"]
1[label = "Index: 1 
P0: 1 0 0 
P1: 0 0 0 
P2: 0 0 0 
P3: 0 0 0 
P4: 0 0 0 
P5: 0 0 0 
", color = "orange"]
2[label = "Index: 2 
P0: 1 0 0 
P1: 0 1 0 
P2: 0 0 0 
P3: 0 0 0 
P4: 0 0 0 
P5: 0 0 0 
", color = "orange"]
3[label = "Index: 3 
P0: 1 0 0 
P1: 0 1 0 
P2: 1 0 0 
P3: 0 0 0 
P4: 0 0 0 
P5: 0 0 0 
", color = "orange"]
4[label = "Index: 4 
P0: 1 0 0 
P1: 0 1 0 
P2: 1 0 0 
P3: 0 1 0 
P4: 0 0 0 
P5: 0 0 0 
", color = "orange"]
5[label = "Index: 5 
P0: 1 0 0 
P1: 0 1 0 
P2: 1 0 0 
P3: 0 1 0 
P4: 0 0 1 
P5: 0 0 0 
", color = "orange"]
6[label = "Index: 6 
P0: 2 0 0 
P1: 0 1 0 
P2: 1 0 0 
P3: 0 1 0 
P4: 0 0 1 
P5: 0 0 0 
", color = "orange"]
7[label = "Index: 7 
P0: 2 0 0 
P1: 0 1 0 
P2: 1 0 0 
P3: 0 1 0 
P4: 0 0 2 
P5: 0 0 0 
", color = "orange"]
8[label = "Index: 8 
P0: 1 0 0 
P1: -1 1 0 
P2: 1 0 0 
P3: -1 1 0 
P4: -1 0 2 
P5: 0 0 0 
", color = "orange"]
9[label = "Index: 9 
P0: 1 0 0 
P1: -1 1 0 
P2: 0 0 0 
P3: -1 1 0 
P4: -1 0 2 
P5: 0 0 0 
"]
10[label = "Index: 10 
P0: 0 0 0 
P1: -2 1 0 
P2: 0 0 0 
P3: -2 1 0 
P4: -2 0 2 
P5: 0 0 0 
", color = "orange"]
11[label = "Index: 11 
P0: 0 0 0 
P1: -2 1 0 
P2: 0 0 0 
P3: -2 1 0 
P4: -2 -1 2 
P5: 0 0 0 
", color = "orange"]
12[label = "Index: 12 
P0: 0 0 0 
P1: -2 1 0 
P2: 0 0 0 
P3: -2 1 0 
P4: -2 0 1 
P5: 0 0 0 
"]
13[label = "Index: 13 
P0: 0 0 0 
P1: -1 1 0 
P2: 0 0 0 
P3: -1 1 0 
P4: -2 -1 2 
P5: 0 0 0 
"]
14[label = "Index: 14 
P0: 1 0 0 
P1: -1 1 0 
P2: 0 0 0 
P3: -1 1 0 
P4: -2 -1 2 
P5: 0 0 0 
"]
15[label = "Index: 15 
P0: 1 0 0 
P1: -1 1 0 
P2: 1 0 0 
P3: -1 1 0 
P4: -2 -1 2 
P5: 0 0 0 
"]
16[label = "Index: 16 
P0: 0 0 0 
P1: -2 1 0 
P2: 0 0 0 
P3: -2 1 0 
P4: -3 -1 2 
P5: 0 0 0 
", style="filled", fillcolor = "red"]
17[label = "Index: 17 
P0: 0 0 0 
P1: -2 1 0 
P2: 0 0 0 
P3: -2 1 0 
P4: -4 -1 2 
P5: 0 0 0 
", color = "purple"]
18[label = "Index: 18 
P0: 0 0 0 
P1: -2 1 0 
P2: 0 0 0 
P3: -2 1 0 
P4: -2 -1 1 
P5: 0 0 0 
"]
19[label = "Index: 19 
P0: 0 0 0 
P1: -2 1 0 
P2: 0 0 0 
P3: -2 1 0 
P4: -2 -1 0 
P5: 0 0 0 
"]
20[label = "Index: 20 
P0: 0 0 0 
P1: -2 1 0 
P2: 0 0 0 
P3: -2 1 0 
P4: -2 -1 3 
P5: 0 0 0 
", color = "purple"]
21[label = "Index: 21 
P0: 1 0 0 
P1: 0 1 0 
P2: 1 0 0 
P3: 0 1 0 
P4: -2 -1 2 
P5: 0 0 0 
", color = "purple"]
22[label = "Index: 22 
P0: 0 0 0 
P1: -1 1 0 
P2: 0 0 0 
P3: -1 1 0 
P4: -3 -1 2 
P5: 0 0 0 
", color = "purple"]
23[label = "Index: 23 
P0: 2 0 0 
P1: 0 1 0 
P2: 1 0 0 
P3: 0 1 0 
P4: -2 -1 2 
P5: 0 0 0 
", color = "purple"]
24[label = "Index: 24 
P0: 1 0 0 
P1: -1 1 0 
P2: 0 0 0 
P3: -1 1 0 
P4: -3 -1 2 
P5: 0 0 0 
", color = "purple"]
25[label = "Index: 25 
P0: 1 0 0 
P1: -1 1 0 
P2: 1 0 0 
P3: -1 1 0 
P4: -3 -1 2 
P5: 0 0 0 
", color = "purple"]
26[label = "Index: 26 
P0: 1 0 0 
P1: 0 1 0 
P2: 1 0 0 
P3: 0 0 0 
P4: -2 -1 2 
P5: 0 0 0 
"]
27[label = "Index: 27 
P0: 2 0 0 
P1: 0 1 0 
P2: 1 0 0 
P3: 0 0 0 
P4: -2 -1 2 
P5: 0 0 0 
"]
28[label = "Index: 28 
P4: -3 -1 2 
", color = "fuchsia"]
29[label = "Index: 29 
P0: 0 0 0 
P1: -2 1 0 
P2: 0 0 0 
P3: -2 1 0 
P5: 0 0 0 
", color = "orange"]
30[label = "Index: 30 
P0: 0 0 0 
P1: -1 1 0 
P2: 0 0 0 
P3: -1 1 0 
P5: 0 0 0 
", color = "orange"]
31[label = "Index: 31 
P0: 1 0 0 
P1: -1 1 0 
P2: 0 0 0 
P3: -1 1 0 
P5: 0 0 0 
"]
32[label = "Index: 32 
P0: 1 0 0 
P1: -1 1 0 
P2: 1 0 0 
P3: -1 1 0 
P5: 0 0 0 
"]
33[label = "Index: 33 
P0: 1 0 0 
P1: 0 1 0 
P2: 1 0 0 
P3: 0 1 0 
P5: 0 0 0 
", color = "orange"]
34[label = "Index: 34 
P0: 2 0 0 
P1: 0 1 0 
P2: 1 0 0 
P3: 0 1 0 
P5: 0 0 0 
"]
35[label = "Index: 35 
P0: 1 0 0 
P1: 0 1 0 
P2: 1 0 0 
P3: 0 0 0 
P5: 0 0 0 
", color = "orange"]
36[label = "Index: 36 
P0: 2 0 0 
P1: 0 1 0 
P2: 1 0 0 
P3: 0 0 0 
P5: 0 0 0 
"]
37[label = "Index: 37 
P0: 1 0 0 
P1: 0 1 0 
P2: 0 0 0 
P3: 0 0 0 
P5: 0 0 0 
", color = "orange"]
38[label = "Index: 38 
P0: 2 0 0 
P1: 0 1 0 
P2: 0 0 0 
P3: 0 0 0 
P5: 0 0 0 
"]
39[label = "Index: 39 
P0: 1 0 0 
P1: 0 0 0 
P2: 0 0 0 
P3: 0 0 0 
P5: 0 0 0 
", color = "red"]
40[label = "Index: 40 
P0: 2 0 0 
P1: 0 0 0 
P2: 0 0 0 
P3: 0 0 0 
P5: 0 0 0 
"]
41[label = "Index: 41 
P0: 1 0 0 
", color = "fuchsia"]
42[label = "Index: 42 
P1: 0 0 0 
P2: 0 0 0 
P3: 0 0 0 
P5: 0 0 0 
", color = "orange"]
43[label = "Index: 43 
P1: 0 1 0 
P2: 0 0 0 
P3: 0 0 0 
P5: 0 0 0 
", color = "orange"]
44[label = "Index: 44 
P1: 0 1 0 
P2: 1 0 0 
P3: 0 0 0 
P5: 0 0 0 
", color = "orange"]
45[label = "Index: 45 
P1: 0 1 0 
P2: 1 0 0 
P3: 0 1 0 
P5: 0 0 0 
", color = "orange"]
46[label = "Index: 46 
P1: -1 1 0 
P2: 1 0 0 
P3: -1 1 0 
P5: 0 0 0 
", color = "red"]
47[label = "Index: 47 
P1: -2 1 0 
P2: 1 0 0 
P3: -2 1 0 
P5: 0 0 0 
"]
48[label = "Index: 48 
P1: -1 1 0 
P2: 0 0 0 
P3: -1 1 0 
P5: 0 0 0 
"]
49[label = "Index: 49 
P1: -1 2 0 
P2: 1 0 0 
P3: -1 1 0 
P5: 0 0 0 
"]
50[label = "Index: 50 
P1: -1 1 0 
P2: 1 0 -1 
P3: -1 1 0 
P5: 0 0 0 
"]
51[label = "Index: 51 
P3: -1 1 0 
", color = "fuchsia"]
52[label = "Index: 52 
P1: -1 1 0 
P2: 1 0 0 
P5: 0 0 0 
", color = "orange"]
53[label = "Index: 53 
P1: -2 1 0 
P2: 1 0 0 
P5: 0 0 0 
", color = "red"]
54[label = "Index: 54 
P1: 0 1 0 
P2: 1 0 0 
P5: 0 0 0 
"]
55[label = "Index: 55 
P1: -1 2 0 
P2: 1 0 0 
P5: 0 0 0 
"]
56[label = "Index: 56 
P1: -1 1 0 
P2: 0 0 0 
P5: 0 0 0 
"]
57[label = "Index: 57 
P1: -1 1 0 
P2: 1 0 -1 
P5: 0 0 0 
"]
58[label = "Index: 58 
P1: -2 1 0 
P2: 0 0 0 
P5: 0 0 0 
"]
59[label = "Index: 59 
P1: -2 1 0 
", color = "fuchsia"]
60[label = "Index: 60 
P2: 1 0 0 
P5: 0 0 0 
", color = "orange"]
61[label = "Index: 61 
P2: 0 0 0 
P5: 0 0 0 
", color = "orange"]
62[label = "Index: 62 
P2: 1 0 -1 
P5: 0 0 0 
"]
63[label = "Index: 63 
P2: 0 -1 0 
P5: 0 0 0 
", color = "orange"]
64[label = "Index: 64 
P2: 0 -1 1 
P5: 0 0 0 
", color = "red"]
65[label = "Index: 65 
P2: 0 -1 1 
", style="filled", fillcolor = "blue"]
66[label = "Index: 66 
P5: 0 0 0 
", color = "fuchsia"]
0 -> 1

1 -> 0
1 -> 2

2 -> 1
2 -> 3

3 -> 2
3 -> 4

4 -> 3
4 -> 5

5 -> 4
5 -> 6

6 -> 5
6 -> 7

7 -> 6
7 -> 8
7 -> 9

8 -> 7
8 -> 9
8 -> 10

9 -> 7
9 -> 8
9 -> 10

10 -> 8
10 -> 9
10 -> 11
10 -> 12

11 -> 10
11 -> 13
11 -> 14
11 -> 15
11 -> 16
11 -> 17
11 -> 18
11 -> 19
11 -> 20

12 -> 10
12 -> 18

13 -> 11
13 -> 14
13 -> 15
13 -> 21
13 -> 22
13 -> 16

14 -> 11
14 -> 13
14 -> 15
14 -> 21
14 -> 23
14 -> 24
14 -> 16

15 -> 11
15 -> 13
15 -> 14
15 -> 21
15 -> 23
15 -> 25
15 -> 16

16 -> 11
16 -> 13
16 -> 14
16 -> 15
16 -> 22
16 -> 24
16 -> 25
16 -> 29
16 -> 28

17 -> 11

18 -> 11
18 -> 12
18 -> 19
18 -> 20

19 -> 11
19 -> 18
19 -> 20

20 -> 11
20 -> 18
20 -> 19

21 -> 13
21 -> 14
21 -> 15
21 -> 23
21 -> 26

22 -> 13
22 -> 16
22 -> 24
22 -> 25

23 -> 14
23 -> 15
23 -> 21
23 -> 27

24 -> 14
24 -> 16
24 -> 22
24 -> 25

25 -> 15
25 -> 16
25 -> 22
25 -> 24

26 -> 21

27 -> 23

29 -> 30
29 -> 31
29 -> 32

30 -> 29
30 -> 31
30 -> 32
30 -> 33

31 -> 29
31 -> 30
31 -> 32
31 -> 33
31 -> 34

32 -> 29
32 -> 30
32 -> 31
32 -> 33
32 -> 34

33 -> 30
33 -> 31
33 -> 32
33 -> 34
33 -> 35

34 -> 31
34 -> 32
34 -> 33
34 -> 36

35 -> 33
35 -> 36
35 -> 37

36 -> 34
36 -> 35
36 -> 38
36 -> 37

37 -> 35
37 -> 36
37 -> 38
37 -> 39

38 -> 36
38 -> 37
38 -> 40

39 -> 37
39 -> 42
39 -> 41

40 -> 38

42 -> 43

43 -> 42
43 -> 44

44 -> 43
44 -> 45

45 -> 44
45 -> 46
45 -> 47
45 -> 48

46 -> 45
46 -> 49
46 -> 48
46 -> 50
46 -> 52
46 -> 51

47 -> 45

48 -> 45
48 -> 46

49 -> 46

50 -> 46

52 -> 53
52 -> 54
52 -> 55
52 -> 56
52 -> 57
52 -> 58

53 -> 52
53 -> 60
53 -> 59

54 -> 52

55 -> 52

56 -> 52

57 -> 52

58 -> 52

60 -> 61
60 -> 62

61 -> 60
61 -> 63

62 -> 60

63 -> 61
63 -> 64

64 -> 63
64 -> 66
64 -> 65

}
