graph G {
color = "black"
0 [label = "P1: 0 0 0 
P2: 0 0 0 
P3: 0 0 0 
P4: 0 0 0 
",  style="filled", fillcolor = "#96FF96"];
1 [label = "P1: -1 0 0 
P2: 0 0 0 
P3: 0 0 0 
P4: 0 0 0 
"];
2 [label = "P1: -1 0 0 
P2: 0 0 1 
P3: 0 0 0 
P4: 0 0 0 
"];
3 [label = "P1: -1 0 0 
P2: 0 0 1 
P3: 0 0 1 
P4: 0 0 0 
"];
4 [label = "P1: -1 0 0 
P2: 1 0 1 
P3: 0 0 1 
P4: 0 0 0 
",  style="filled", fillcolor = "#FF9696"];
5 [label = "P1: 0 0 0 
P2: 1 0 1 
P3: 0 0 1 
P4: 0 0 0 
"];
6 [label = "P2: 1 0 1 
",  style="filled", fillcolor = "#FF96FF"];
7 [label = "P1: -1 0 0 
P3: 0 0 1 
P4: 0 0 0 
"];
8 [label = "P1: 0 0 0 
P3: 0 0 1 
P4: 0 0 0 
"];
9 [label = "P1: -1 0 0 
P3: 0 0 0 
P4: 0 0 0 
"];
10 [label = "P1: -1 0 0 
P3: 0 0 2 
P4: 0 0 0 
"];
11 [label = "P1: -1 0 0 
P3: 0 0 3 
P4: 0 0 0 
"];
12 [label = "P1: -1 0 0 
P3: 0 0 4 
P4: 0 0 0 
"];
13 [label = "P1: -1 0 0 
P3: 0 0 5 
P4: 0 0 0 
"];
14 [label = "P1: -1 0 0 
P3: 0 0 6 
P4: 0 0 0 
"];
15 [label = "P1: 0 0 0 
P3: 0 0 0 
P4: 0 0 0 
"];
16 [label = "P1: 0 0 0 
P3: 0 0 2 
P4: 0 0 0 
"];
17 [label = "P1: 0 0 0 
P3: 0 0 3 
P4: 0 0 0 
"];
18 [label = "P1: 0 0 0 
P3: 0 0 4 
P4: 0 0 0 
"];
19 [label = "P1: 0 0 0 
P3: 0 0 5 
P4: 0 0 0 
"];
20 [label = "P3: 0 0 2 
",  style="filled", fillcolor = "#FF96FF"];
21 [label = "P1: -1 0 0 
P4: 0 0 0 
"];
22 [label = "P1: -1 0 0 
", style="filled", fillcolor = "#9696FF"];
23 [label = "P4: 0 0 0 
",  style="filled", fillcolor = "#FF96FF"];
edge [style=bold];
0 -- 1 [color="#1E96FF", penwidth=4.0];

1 -- 2 [color=black];
1 -- 3 [color="#1E96FF", penwidth=4.0];

2 -- 3 [color=black];

3 -- 4 [color="#1E96FF", penwidth=4.0];
3 -- 5 [color=black];

4 -- 5 [color=black];
4 -- 7 [color=black];
4 -- 6 [color=black];


7 -- 8 [color=black];
7 -- 9 [color=black];
7 -- 10 [color="#1E96FF", penwidth=4.0];
7 -- 11 [color=black];
7 -- 12 [color=black];
7 -- 13 [color=black];
7 -- 14 [color=black];

8 -- 15 [color=black];
8 -- 16 [color=black];
8 -- 17 [color=black];
8 -- 18 [color=black];
8 -- 19 [color=black];

9 -- 15 [color=black];
9 -- 10 [color=black];
9 -- 11 [color=black];
9 -- 12 [color=black];
9 -- 13 [color=black];
9 -- 14 [color=black];

10 -- 16 [color=black];
10 -- 21 [color="#1E96FF", penwidth=4.0];
10 -- 20 [color=black];










21 -- 23 [color=black];
21 -- 22 [color="#1E96FF", penwidth=4.0];

}
