digraph G {
color = "black"
0[label = "Index: 0 
P0: 0 0 0 
P1: 0 0 0 
P2: 0 0 0 
P3: 0 0 0 
", style="filled", fillcolor = "green"]
1[label = "Index: 1 
P0: 0 0 1 
P1: 0 0 0 
P2: 0 0 0 
P3: 0 0 0 
", color = "orange"]
2[label = "Index: 2 
P0: 0 0 1 
P1: -1 0 0 
P2: 0 0 0 
P3: 0 0 0 
"]
3[label = "Index: 3 
P0: 0 0 1 
P1: -2 0 0 
P2: 0 0 0 
P3: 0 0 0 
", color = "orange"]
4[label = "Index: 4 
P0: 0 0 2 
P1: -1 0 0 
P2: 0 0 0 
P3: 0 0 0 
"]
5[label = "Index: 5 
P0: 0 0 2 
P1: -2 0 0 
P2: 0 0 0 
P3: 0 0 0 
", color = "orange"]
6[label = "Index: 6 
P0: 0 0 2 
P1: -1 0 0 
P2: -1 0 0 
P3: 0 0 0 
"]
7[label = "Index: 7 
P0: 0 0 2 
P1: -2 0 0 
P2: -1 0 0 
P3: 0 0 0 
"]
8[label = "Index: 8 
P0: 0 0 2 
P1: -2 0 0 
P2: -2 0 0 
P3: 0 0 0 
", style="filled", fillcolor = "red"]
9[label = "Index: 9 
P0: 0 0 2 
P3: 0 0 0 
", color = "red"]
10[label = "Index: 10 
P0: 0 0 2 
", style="filled", fillcolor = "blue"]
11[label = "Index: 11 
P3: 0 0 0 
", color = "fuchsia"]
12[label = "Index: 12 
P1: -2 0 0 
P2: -2 0 0 
", color = "blue"]
13[label = "Index: 13 
P2: -2 0 0 
", color = "fuchsia"]
14[label = "Index: 14 
P1: -2 0 0 
", color = "fuchsia"]
0 -> 1

1 -> 0
1 -> 2
1 -> 3

2 -> 1
2 -> 4
2 -> 3

3 -> 1
3 -> 2
3 -> 5

4 -> 2
4 -> 5
4 -> 6
4 -> 7

5 -> 3
5 -> 4
5 -> 7
5 -> 8

6 -> 4
6 -> 7
6 -> 8

7 -> 4
7 -> 5
7 -> 6
7 -> 8

8 -> 5
8 -> 6
8 -> 7
8 -> 9
8 -> 12

9 -> 11
9 -> 10

12 -> 13
12 -> 14

}
