digraph G {
color = "black"
0[label = "Index: 0 
P0: 0 0 0 
P1: 0 0 0 
P2: 0 0 0 
P3: 0 0 0 
P4: 0 0 0 
", style="filled", fillcolor = "green"]
1[label = "Index: 1 
P0: 1 0 0 
P1: 0 0 0 
P2: 0 0 0 
P3: 0 0 0 
P4: 0 0 0 
"]
2[label = "Index: 2 
P0: 2 0 0 
P1: 0 0 0 
P2: 0 0 0 
P3: 0 0 0 
P4: 0 0 0 
"]
3[label = "Index: 3 
P0: 3 0 0 
P1: 0 0 0 
P2: 0 0 0 
P3: 0 0 0 
P4: 0 0 0 
", style="filled", fillcolor = "red"]
4[label = "Index: 4 
P0: 3 0 -1 
P1: 0 0 0 
P2: 0 0 0 
P3: 0 0 0 
P4: 0 0 0 
"]
5[label = "Index: 5 
P0: 3 0 -1 
P1: 0 0 -1 
P2: 0 0 0 
P3: 0 0 0 
P4: 0 0 0 
"]
6[label = "Index: 6 
P0: 3 0 -1 
P1: 0 0 -1 
P2: 0 0 -1 
P3: 0 0 0 
P4: 0 0 0 
"]
7[label = "Index: 7 
P4: 0 0 0 
", color = "fuchsia"]
8[label = "Index: 8 
P0: 3 0 0 
P1: 0 0 0 
P2: 0 0 0 
P3: 0 0 0 
", color = "orange"]
9[label = "Index: 9 
P0: 2 0 0 
P1: 0 0 0 
P2: 0 0 0 
P3: 0 0 0 
"]
10[label = "Index: 10 
P0: 1 0 0 
P1: 0 0 0 
P2: 0 0 0 
P3: 0 0 0 
"]
11[label = "Index: 11 
P0: 0 0 0 
P1: 0 0 0 
P2: 0 0 0 
P3: 0 0 0 
"]
12[label = "Index: 12 
P0: 4 0 0 
P1: 0 0 0 
P2: 0 0 0 
P3: 0 0 0 
", color = "red"]
13[label = "Index: 13 
P0: 3 0 -1 
P1: 0 0 0 
P2: 0 0 0 
P3: 0 0 0 
"]
14[label = "Index: 14 
P0: 3 0 -1 
P1: 0 0 -1 
P2: 0 0 0 
P3: 0 0 0 
"]
15[label = "Index: 15 
P0: 3 0 -1 
P1: 0 0 -1 
P2: 0 0 -1 
P3: 0 0 0 
"]
16[label = "Index: 16 
P0: 2 0 -1 
P1: 0 0 -1 
P2: 0 0 -1 
P3: 0 0 0 
"]
17[label = "Index: 17 
P0: 4 0 -1 
P1: 0 0 0 
P2: 0 0 0 
P3: 0 0 0 
"]
18[label = "Index: 18 
P0: 4 0 0 
P1: 0 0 -1 
P2: 0 0 0 
P3: 0 0 0 
"]
19[label = "Index: 19 
P0: 4 0 -1 
P1: 0 0 -1 
P2: 0 0 0 
P3: 0 0 0 
"]
20[label = "Index: 20 
P0: 4 0 -2 
P1: 0 0 -2 
P2: 0 0 0 
P3: 0 0 0 
"]
21[label = "Index: 21 
P0: 4 0 -3 
P1: 0 0 -3 
P2: 0 0 0 
P3: 0 0 0 
"]
22[label = "Index: 22 
P3: 0 0 0 
", color = "fuchsia"]
23[label = "Index: 23 
P0: 4 0 0 
P1: 0 0 0 
P2: 0 0 0 
", color = "orange"]
24[label = "Index: 24 
P0: 3 0 0 
P1: 0 0 0 
P2: 0 0 0 
"]
25[label = "Index: 25 
P0: 2 0 0 
P1: 0 0 0 
P2: 0 0 0 
"]
26[label = "Index: 26 
P0: 1 0 0 
P1: 0 0 0 
P2: 0 0 0 
"]
27[label = "Index: 27 
P0: 0 0 0 
P1: 0 0 0 
P2: 0 0 0 
"]
28[label = "Index: 28 
P0: 4 0 -1 
P1: 0 0 0 
P2: 0 0 0 
", color = "orange"]
29[label = "Index: 29 
P0: 4 0 0 
P1: 0 0 -1 
P2: 0 0 0 
"]
30[label = "Index: 30 
P0: 4 0 -1 
P1: 0 0 -1 
P2: 0 0 0 
"]
31[label = "Index: 31 
P0: 4 0 -2 
P1: 0 0 -2 
P2: 0 0 0 
"]
32[label = "Index: 32 
P0: 4 0 -3 
P1: 0 0 -3 
P2: 0 0 0 
"]
33[label = "Index: 33 
P0: 3 0 -1 
P1: 0 0 0 
P2: 0 0 0 
"]
34[label = "Index: 34 
P0: 3 0 -1 
P1: 0 0 -1 
P2: 0 0 0 
"]
35[label = "Index: 35 
P0: 4 -1 -1 
P1: 0 0 0 
P2: 0 0 0 
", color = "red"]
36[label = "Index: 36 
P0: 4 0 -1 
P1: 0 0 -2 
P2: 0 0 0 
"]
37[label = "Index: 37 
P0: 4 0 -2 
P1: 0 0 -1 
P2: 0 0 0 
"]
38[label = "Index: 38 
P0: 4 0 -3 
P1: 0 0 -2 
P2: 0 0 0 
"]
39[label = "Index: 39 
P0: 5 0 0 
P1: 0 0 -1 
P2: 0 0 0 
"]
40[label = "Index: 40 
P0: 6 0 0 
P1: 0 0 -1 
P2: 0 0 0 
"]
41[label = "Index: 41 
P0: 7 0 0 
P1: 0 0 -1 
P2: 0 0 0 
"]
42[label = "Index: 42 
P0: 4 0 -2 
P1: 0 0 -3 
P2: 0 0 0 
"]
43[label = "Index: 43 
P0: 4 0 -3 
P1: 0 0 -4 
P2: 0 0 0 
"]
44[label = "Index: 44 
P2: 0 0 0 
", color = "fuchsia"]
45[label = "Index: 45 
P0: 4 -1 -1 
P1: 0 0 0 
", color = "orange"]
46[label = "Index: 46 
P0: 4 0 -1 
P1: 0 0 0 
", color = "orange"]
47[label = "Index: 47 
P0: 3 0 -1 
P1: 0 0 0 
"]
48[label = "Index: 48 
P0: 4 0 0 
P1: 0 0 0 
"]
49[label = "Index: 49 
P0: 4 0 1 
P1: 0 0 0 
", color = "orange"]
50[label = "Index: 50 
P0: 3 0 0 
P1: 0 0 0 
"]
51[label = "Index: 51 
P0: 2 0 0 
P1: 0 0 0 
"]
52[label = "Index: 52 
P0: 1 0 0 
P1: 0 0 0 
"]
53[label = "Index: 53 
P0: 0 0 0 
P1: 0 0 0 
"]
54[label = "Index: 54 
P0: 5 0 1 
P1: 0 0 0 
"]
55[label = "Index: 55 
P0: 6 0 1 
P1: 0 0 0 
"]
56[label = "Index: 56 
P0: 7 0 1 
P1: 0 0 0 
", color = "red"]
57[label = "Index: 57 
P0: 8 0 1 
P1: 0 0 0 
"]
58[label = "Index: 58 
P0: 5 -1 1 
P1: 0 0 0 
"]
59[label = "Index: 59 
P0: 6 -1 1 
P1: 0 0 0 
"]
60[label = "Index: 60 
P0: 6 0 0 
P1: 0 0 0 
"]
61[label = "Index: 61 
P1: 0 0 0 
", style="filled", fillcolor = "blue"]
62[label = "Index: 62 
P0: 7 0 1 
", color = "fuchsia"]
0 -> 1
0 -> 2
0 -> 3

1 -> 0
1 -> 2
1 -> 3

2 -> 0
2 -> 1
2 -> 3

3 -> 0
3 -> 1
3 -> 2
3 -> 4
3 -> 5
3 -> 6
3 -> 7
3 -> 8

4 -> 3

5 -> 3

6 -> 3

8 -> 9
8 -> 10
8 -> 11
8 -> 12
8 -> 13
8 -> 14
8 -> 15

9 -> 8
9 -> 10
9 -> 11
9 -> 12
9 -> 16

10 -> 8
10 -> 9
10 -> 11
10 -> 12

11 -> 8
11 -> 9
11 -> 10
11 -> 12

12 -> 8
12 -> 9
12 -> 10
12 -> 11
12 -> 17
12 -> 18
12 -> 19
12 -> 20
12 -> 21
12 -> 22
12 -> 23

13 -> 8

14 -> 8

15 -> 8

16 -> 9

17 -> 12

18 -> 12

19 -> 12

20 -> 12

21 -> 12

23 -> 24
23 -> 25
23 -> 26
23 -> 27
23 -> 28
23 -> 29
23 -> 30
23 -> 31
23 -> 32

24 -> 23
24 -> 25
24 -> 26
24 -> 27
24 -> 33
24 -> 34

25 -> 23
25 -> 24
25 -> 26
25 -> 27

26 -> 23
26 -> 24
26 -> 25
26 -> 27

27 -> 23
27 -> 24
27 -> 25
27 -> 26

28 -> 23
28 -> 33
28 -> 35
28 -> 30
28 -> 36
28 -> 37
28 -> 38

29 -> 23
29 -> 39
29 -> 40
29 -> 41
29 -> 30
29 -> 37
29 -> 36
29 -> 42
29 -> 43

30 -> 23
30 -> 28
30 -> 29
30 -> 34
30 -> 37
30 -> 36
30 -> 31
30 -> 32

31 -> 23
31 -> 30
31 -> 38
31 -> 36
31 -> 42
31 -> 37
31 -> 32

32 -> 23
32 -> 30
32 -> 31
32 -> 42
32 -> 43
32 -> 38

33 -> 24
33 -> 28
33 -> 34

34 -> 24
34 -> 30
34 -> 33

35 -> 28
35 -> 44
35 -> 45

36 -> 28
36 -> 29
36 -> 30
36 -> 31

37 -> 28
37 -> 29
37 -> 30
37 -> 31

38 -> 28
38 -> 31
38 -> 32

39 -> 29

40 -> 29

41 -> 29

42 -> 29
42 -> 31
42 -> 32

43 -> 29
43 -> 32

45 -> 46

46 -> 45
46 -> 47
46 -> 48
46 -> 49

47 -> 46
47 -> 50

48 -> 46
48 -> 50
48 -> 51
48 -> 52
48 -> 53
48 -> 49

49 -> 46
49 -> 48
49 -> 54
49 -> 55
49 -> 56
49 -> 57

50 -> 47
50 -> 48
50 -> 51
50 -> 52
50 -> 53

51 -> 48
51 -> 50
51 -> 52
51 -> 53

52 -> 48
52 -> 50
52 -> 51
52 -> 53

53 -> 48
53 -> 50
53 -> 51
53 -> 52

54 -> 49
54 -> 55
54 -> 56
54 -> 57
54 -> 58

55 -> 49
55 -> 54
55 -> 56
55 -> 57
55 -> 59
55 -> 60

56 -> 49
56 -> 54
56 -> 55
56 -> 61
56 -> 62

57 -> 49
57 -> 54
57 -> 55

58 -> 54

59 -> 55

60 -> 55

}
