digraph G {
color = "black"
0[label = "Index: 0 
P0: 0 0 0 
P1: 0 0 0 
P2: 0 0 0 
P3: 0 0 0 
P4: 0 0 0 
P5: 0 0 0 
P6: 0 0 0 
", color = "green"]
1[label = "Index: 1 
P0: 0 1 0 
P1: 0 0 0 
P2: 0 0 0 
P3: 0 0 0 
P4: 0 0 0 
P5: 0 0 0 
P6: 0 0 0 
", color = "orange"]
2[label = "Index: 2 
P0: 0 1 0 
P1: 1 0 0 
P2: 0 0 0 
P3: 0 0 0 
P4: 0 0 0 
P5: 0 0 0 
P6: 0 0 0 
"]
3[label = "Index: 3 
P0: 0 1 0 
P1: 1 0 0 
P2: 1 0 0 
P3: 0 0 0 
P4: 0 0 0 
P5: 0 0 0 
P6: 0 0 0 
", color = "orange"]
4[label = "Index: 4 
P0: 0 1 0 
P1: 1 0 0 
P2: 1 0 0 
P3: 0 0 -1 
P4: 0 0 0 
P5: 0 0 0 
P6: 0 0 0 
", color = "orange"]
5[label = "Index: 5 
P0: 0 1 0 
P1: 1 0 0 
P2: 1 0 0 
P3: 0 0 -1 
P4: 0 1 0 
P5: 0 0 0 
P6: 0 0 0 
"]
6[label = "Index: 6 
P0: 0 1 0 
P1: 1 0 0 
P2: 1 0 0 
P3: 0 0 -1 
P4: 0 1 0 
P5: 0 1 0 
P6: 0 0 0 
", color = "red"]
7[label = "Index: 7 
P0: 0 2 0 
P1: 1 0 0 
P2: 1 0 0 
P3: 0 0 -1 
P4: 0 1 0 
P5: 0 1 0 
P6: 0 0 0 
", color = "purple"]
8[label = "Index: 8 
P0: 0 2 0 
P1: 1 1 0 
P2: 1 1 0 
P3: 0 0 -1 
P4: 0 1 0 
P5: 0 1 0 
P6: 0 0 0 
", color = "purple"]
9[label = "Index: 9 
P0: 0 2 0 
P1: 1 1 0 
P2: 1 1 0 
P3: 0 1 -1 
P4: 0 1 0 
P5: 0 1 0 
P6: 0 0 0 
", color = "purple"]
10[label = "Index: 10 
P0: 0 2 0 
P1: 1 1 0 
P2: 0 1 0 
P3: 0 0 -1 
P4: 0 1 0 
P5: 0 1 0 
P6: 0 0 0 
"]
11[label = "Index: 11 
P0: 0 2 0 
P1: 0 1 0 
P2: 0 1 0 
P3: 0 0 -1 
P4: 0 1 0 
P5: 0 1 0 
P6: 0 0 0 
"]
12[label = "Index: 12 
P6: 0 0 0 
", color = "blue"]
0 -> 1

1 -> 0
1 -> 2
1 -> 3

2 -> 1
2 -> 3

3 -> 1
3 -> 2
3 -> 4

4 -> 3
4 -> 5
4 -> 6
4 -> 7
4 -> 8
4 -> 9

5 -> 4
5 -> 6
5 -> 7
5 -> 8
5 -> 9

6 -> 4
6 -> 5
6 -> 7
6 -> 8
6 -> 9
6 -> 12[style=bold label=" Remove P0 P1 P2 P3 P4 P5 "];


7 -> 4
7 -> 5
7 -> 6
7 -> 8
7 -> 9

8 -> 4
8 -> 5
8 -> 6
8 -> 10
8 -> 11
8 -> 7
8 -> 9

9 -> 4
9 -> 5
9 -> 6
9 -> 8
9 -> 7

10 -> 8

11 -> 8

}
