digraph G {
color = "black"
0[label = "Index: 0 
P0: 0 0 0 
P1: 0 0 0 
P2: 0 0 0 
P3: 0 0 0 
P4: 0 0 0 
", style="filled", fillcolor = "green"]
1[label = "Index: 1 
P0: 0 1 0 
P1: 0 0 0 
P2: 0 0 0 
P3: 0 0 0 
P4: 0 0 0 
", color = "orange"]
2[label = "Index: 2 
P0: 0 1 0 
P1: 1 0 0 
P2: 0 0 0 
P3: 0 0 0 
P4: 0 0 0 
", color = "orange"]
3[label = "Index: 3 
P0: 0 1 0 
P1: 1 0 0 
P2: 0 -1 0 
P3: 0 0 0 
P4: 0 0 0 
", color = "orange"]
4[label = "Index: 4 
P0: 0 1 0 
P1: 2 0 0 
P2: 0 -1 0 
P3: 0 0 0 
P4: 0 0 0 
", color = "orange"]
5[label = "Index: 5 
P0: 0 0 0 
P1: 2 0 0 
P2: 0 -1 0 
P3: 0 0 0 
P4: 0 0 0 
", color = "orange"]
6[label = "Index: 6 
P0: 0 0 0 
P1: 2 0 0 
P2: 0 -1 0 
P3: 0 0 -1 
P4: 0 0 0 
", color = "orange"]
7[label = "Index: 7 
P0: 0 0 0 
P1: 2 -1 0 
P2: 0 -2 0 
P3: 0 0 -1 
P4: 0 0 0 
", color = "orange"]
8[label = "Index: 8 
P0: 0 0 0 
P1: 1 -1 0 
P2: 0 -2 0 
P3: 0 0 -1 
P4: 0 0 0 
"]
9[label = "Index: 9 
P0: 0 0 0 
P1: 3 -1 0 
P2: 0 -2 0 
P3: 0 0 -1 
P4: 0 0 0 
", style="filled", fillcolor = "red"]
10[label = "Index: 10 
P0: 0 0 0 
P1: 2 -1 0 
P2: -1 -2 0 
P3: 0 0 -1 
P4: 0 0 0 
"]
11[label = "Index: 11 
P0: -1 0 0 
P1: 2 -1 0 
P2: -1 -2 0 
P3: 0 0 -1 
P4: 0 0 0 
", color = "purple"]
12[label = "Index: 12 
P0: 0 0 0 
P1: 1 -1 0 
P2: -1 -2 0 
P3: 0 0 -1 
P4: 0 0 0 
"]
13[label = "Index: 13 
P0: 0 0 0 
P1: 0 -1 0 
P2: -2 -2 0 
P3: 0 0 -1 
P4: 0 0 0 
"]
14[label = "Index: 14 
P0: -1 0 0 
P1: 1 -1 0 
P2: -1 -2 0 
P3: 0 0 -1 
P4: 0 0 0 
", color = "purple"]
15[label = "Index: 15 
P0: -2 0 0 
P1: 0 -1 0 
P2: -2 -2 0 
P3: 0 0 -1 
P4: 0 0 0 
", color = "purple"]
16[label = "Index: 16 
P0: 0 0 0 
P1: 1 -1 0 
P2: -2 -2 0 
P3: 0 0 -1 
P4: 0 0 0 
"]
17[label = "Index: 17 
P0: 0 0 0 
P1: 1 -1 0 
P2: 0 -1 0 
P3: 0 0 -1 
P4: 0 0 0 
"]
18[label = "Index: 18 
P0: -2 0 0 
P1: 1 -1 0 
P2: -2 -2 0 
P3: 0 0 -1 
P4: 0 0 0 
", color = "purple"]
19[label = "Index: 19 
P0: 0 0 0 
P1: 0 -1 0 
P2: -1 -2 0 
P3: 0 0 -1 
P4: 0 0 0 
"]
20[label = "Index: 20 
P0: -1 0 0 
P1: 0 -1 0 
P2: -1 -2 0 
P3: 0 0 -1 
P4: 0 0 0 
", color = "purple"]
21[label = "Index: 21 
P0: 0 0 0 
P1: 0 -1 0 
P2: -3 -2 0 
P3: 0 0 -1 
P4: 0 0 0 
"]
22[label = "Index: 22 
P0: -1 0 0 
P1: 0 -1 0 
P2: -2 -2 0 
P3: 0 0 -1 
P4: 0 0 0 
", color = "purple"]
23[label = "Index: 23 
P0: -1 0 0 
P1: 1 -1 0 
P2: -2 -2 0 
P3: 0 0 -1 
P4: 0 0 0 
", color = "purple"]
24[label = "Index: 24 
P0: -1 0 0 
P1: 0 -1 0 
P2: -3 -2 0 
P3: 0 0 -1 
P4: 0 0 0 
", color = "purple"]
25[label = "Index: 25 
P0: 0 0 0 
P1: 0 -1 0 
P2: 0 -1 0 
P3: 0 0 -1 
P4: 0 0 0 
"]
26[label = "Index: 26 
P0: -2 0 0 
P1: 0 -1 0 
P2: -3 -2 0 
P3: 0 0 -1 
P4: 0 0 0 
", color = "purple"]
27[label = "Index: 27 
P0: -3 0 0 
P1: 0 -1 0 
P2: -3 -2 0 
P3: 0 0 -1 
P4: 0 0 0 
", color = "purple"]
28[label = "Index: 28 
P0: 0 0 0 
P3: 0 0 -1 
P4: 0 0 0 
", color = "red"]
29[label = "Index: 29 
P0: 0 0 0 
", color = "fuchsia"]
30[label = "Index: 30 
P3: 0 0 -1 
P4: 0 0 0 
", color = "red"]
31[label = "Index: 31 
P3: 0 0 -1 
", style="filled", fillcolor = "blue"]
32[label = "Index: 32 
P4: 0 0 0 
", color = "fuchsia"]
33[label = "Index: 33 
P1: 3 -1 0 
P2: 0 -2 0 
", color = "blue"]
34[label = "Index: 34 
P1: 2 -1 0 
P2: 0 -2 0 
"]
35[label = "Index: 35 
P1: 1 -1 0 
P2: 0 -2 0 
", color = "red"]
36[label = "Index: 36 
P2: 0 -2 0 
", color = "fuchsia"]
37[label = "Index: 37 
P1: 1 -1 0 
", color = "fuchsia"]
0 -> 1

1 -> 0
1 -> 2

2 -> 1
2 -> 3

3 -> 2
3 -> 4

4 -> 3
4 -> 5

5 -> 4
5 -> 6

6 -> 5
6 -> 7

7 -> 6
7 -> 8
7 -> 9
7 -> 10
7 -> 11
7 -> 12
7 -> 13
7 -> 14
7 -> 15

8 -> 7
8 -> 9
8 -> 12
8 -> 16
8 -> 17
8 -> 14
8 -> 18
8 -> 19
8 -> 20

9 -> 7
9 -> 8
9 -> 10
9 -> 16
9 -> 21
9 -> 28
9 -> 33

10 -> 7
10 -> 11
10 -> 12
10 -> 19
10 -> 16
10 -> 21
10 -> 9

11 -> 7
11 -> 10

12 -> 7
12 -> 8
12 -> 10
12 -> 14
12 -> 19
12 -> 20
12 -> 16
12 -> 13
12 -> 22

13 -> 7
13 -> 12
13 -> 22
13 -> 15
13 -> 16
13 -> 21
13 -> 19

14 -> 7
14 -> 8
14 -> 12

15 -> 7
15 -> 13

16 -> 8
16 -> 10
16 -> 12
16 -> 13
16 -> 23
16 -> 18
16 -> 22
16 -> 21
16 -> 9
16 -> 24

17 -> 8
17 -> 25

18 -> 8
18 -> 16

19 -> 8
19 -> 10
19 -> 12
19 -> 13
19 -> 20
19 -> 21

20 -> 8
20 -> 12
20 -> 19

21 -> 10
21 -> 13
21 -> 16
21 -> 19
21 -> 24
21 -> 26
21 -> 27
21 -> 9

22 -> 12
22 -> 13
22 -> 16

23 -> 16

24 -> 16
24 -> 21

25 -> 17

26 -> 21

27 -> 21

28 -> 30
28 -> 29

30 -> 32
30 -> 31

33 -> 34
33 -> 35

34 -> 33
34 -> 35

35 -> 33
35 -> 34
35 -> 36
35 -> 37

}
