digraph G {
color = "black"
0[label = "Index: 0 
P0: 0 0 0 
P1: 0 0 0 
P2: 0 0 0 
", style="filled", fillcolor = "green"]
1[label = "Index: 1 
P0: 0 0 1 
P1: 0 0 0 
P2: 0 0 0 
", color = "orange"]
2[label = "Index: 2 
P0: 0 0 1 
P1: -1 0 0 
P2: 0 0 0 
", color = "orange"]
3[label = "Index: 3 
P0: 0 0 2 
P1: -1 0 0 
P2: 0 0 0 
", color = "orange"]
4[label = "Index: 4 
P0: 0 0 2 
P1: -2 0 0 
P2: 0 0 0 
", color = "orange"]
5[label = "Index: 5 
P0: 0 0 2 
P1: -2 0 -1 
P2: 0 0 0 
", color = "orange"]
6[label = "Index: 6 
P0: 0 0 1 
P1: -2 0 -1 
P2: 0 0 0 
"]
7[label = "Index: 7 
P0: 0 0 2 
P1: -3 0 -1 
P2: 0 0 0 
", color = "orange"]
8[label = "Index: 8 
P0: 0 -1 2 
P1: -3 0 -1 
P2: 0 0 0 
", style="filled", fillcolor = "red"]
9[label = "Index: 9 
P0: 0 -1 2 
", color = "fuchsia"]
10[label = "Index: 10 
P1: -3 0 -1 
P2: 0 0 0 
", color = "orange"]
11[label = "Index: 11 
P1: -2 0 -1 
P2: 0 0 0 
"]
12[label = "Index: 12 
P1: -3 0 0 
P2: 0 0 0 
"]
13[label = "Index: 13 
P1: -3 0 1 
P2: 0 0 0 
", color = "orange"]
14[label = "Index: 14 
P1: -2 0 0 
P2: 0 0 0 
"]
15[label = "Index: 15 
P1: -1 0 0 
P2: 0 0 0 
"]
16[label = "Index: 16 
P1: 0 0 0 
P2: 0 0 0 
"]
17[label = "Index: 17 
P1: -3 -1 1 
P2: 0 0 0 
", color = "red"]
18[label = "Index: 18 
P1: -3 -1 1 
", style="filled", fillcolor = "blue"]
19[label = "Index: 19 
P2: 0 0 0 
", color = "fuchsia"]
0 -> 1

1 -> 0
1 -> 2

2 -> 1
2 -> 3

3 -> 2
3 -> 4

4 -> 3
4 -> 5
4 -> 6

5 -> 4
5 -> 6
5 -> 7

6 -> 4
6 -> 5

7 -> 5
7 -> 8

8 -> 7
8 -> 10
8 -> 9

10 -> 11
10 -> 12
10 -> 13

11 -> 10
11 -> 14

12 -> 10
12 -> 14
12 -> 15
12 -> 16
12 -> 13

13 -> 10
13 -> 12
13 -> 17

14 -> 11
14 -> 12
14 -> 15
14 -> 16

15 -> 12
15 -> 14
15 -> 16

16 -> 12
16 -> 14
16 -> 15

17 -> 13
17 -> 19
17 -> 18

}
