digraph G {
color = "black"
0[label = "Index: 0 
P0: 0 0 0 
P1: 0 0 0 
P2: 0 0 0 
P3: 0 0 0 
", style="filled", fillcolor = "green"]
1[label = "Index: 1 
P0: 0 0 1 
P1: 0 0 0 
P2: 0 0 0 
P3: 0 0 0 
", color = "orange"]
2[label = "Index: 2 
P0: 0 0 1 
P1: -1 0 0 
P2: 0 0 0 
P3: 0 0 0 
", color = "orange"]
3[label = "Index: 3 
P0: 0 0 2 
P1: -1 0 0 
P2: 0 0 0 
P3: 0 0 0 
", color = "orange"]
4[label = "Index: 4 
P0: 0 0 2 
P1: -2 0 0 
P2: 0 0 0 
P3: 0 0 0 
", color = "orange"]
5[label = "Index: 5 
P0: 0 0 2 
P1: -1 0 0 
P2: -1 0 0 
P3: 0 0 0 
"]
6[label = "Index: 6 
P0: 0 0 2 
P1: -2 0 0 
P2: -1 0 0 
P3: 0 0 0 
"]
7[label = "Index: 7 
P0: 0 0 2 
P1: -2 0 0 
P2: -2 0 0 
P3: 0 0 0 
", color = "orange"]
8[label = "Index: 8 
P0: 0 1 2 
P1: -2 1 0 
P2: -2 1 0 
P3: 0 0 0 
"]
9[label = "Index: 9 
P0: 0 0 1 
P1: -2 0 -1 
P2: -2 0 -1 
P3: 0 0 0 
"]
10[label = "Index: 10 
P0: 0 0 0 
P1: -2 0 -2 
P2: -2 0 -2 
P3: 0 0 0 
", color = "orange"]
11[label = "Index: 11 
P0: 0 1 3 
P1: -2 1 1 
P2: -2 1 1 
P3: 0 0 0 
"]
12[label = "Index: 12 
P0: 0 0 0 
P1: -2 0 -2 
P2: -1 0 -2 
P3: 0 0 0 
", color = "orange"]
13[label = "Index: 13 
P0: 0 0 0 
P1: -2 0 -2 
P2: 0 0 -2 
P3: 0 0 0 
"]
14[label = "Index: 14 
P0: 0 1 3 
P1: -2 1 1 
P2: -1 1 1 
P3: 0 0 0 
"]
15[label = "Index: 15 
P0: 0 1 3 
P1: -1 1 1 
P2: -1 1 1 
P3: 0 0 0 
"]
16[label = "Index: 16 
P0: 1 1 3 
P1: -1 1 1 
P2: -1 1 1 
P3: 0 0 0 
"]
17[label = "Index: 17 
P0: 0 0 0 
P1: -2 0 -2 
P2: -1 1 -2 
P3: 0 0 0 
", color = "orange"]
18[label = "Index: 18 
P0: 0 0 3 
P1: -2 0 1 
P2: -1 1 1 
P3: 0 0 0 
"]
19[label = "Index: 19 
P0: 0 1 3 
P1: -2 1 1 
P2: -1 2 1 
P3: 0 0 0 
"]
20[label = "Index: 20 
P0: 1 2 3 
P1: -1 2 1 
P2: -1 2 1 
P3: 0 0 0 
"]
21[label = "Index: 21 
P0: 0 0 1 
P1: -2 0 -1 
P2: -1 1 -1 
P3: 0 0 0 
", color = "orange"]
22[label = "Index: 22 
P0: 0 1 2 
P1: -2 1 0 
P2: -1 2 0 
P3: 0 0 0 
"]
23[label = "Index: 23 
P0: 0 0 1 
P1: -2 0 -1 
P2: 0 1 -1 
P3: 0 0 0 
", color = "orange"]
24[label = "Index: 24 
P0: 0 0 0 
P1: -2 0 -2 
P2: 0 1 -1 
P3: 0 0 0 
"]
25[label = "Index: 25 
P0: 0 0 1 
P1: -2 0 -1 
P2: 0 2 -1 
P3: 0 0 0 
", color = "orange"]
26[label = "Index: 26 
P0: 0 0 0 
P1: -2 0 -2 
P2: 0 2 -2 
P3: 0 0 0 
", color = "orange"]
27[label = "Index: 27 
P0: 0 0 0 
P1: -2 0 -2 
P2: 0 3 -2 
P3: 0 0 0 
", color = "orange"]
28[label = "Index: 28 
P0: 0 0 0 
P1: -2 0 -2 
P2: 1 3 -2 
P3: 0 0 0 
", style="filled", fillcolor = "red"]
29[label = "Index: 29 
P0: 0 0 0 
P1: -2 0 -2 
P2: 2 3 -2 
P3: 0 0 0 
", color = "purple"]
30[label = "Index: 30 
P0: 0 0 0 
P1: -2 0 -2 
P2: 3 3 -2 
P3: 0 0 0 
", color = "purple"]
31[label = "Index: 31 
P0: 0 0 1 
P1: -2 0 -1 
P2: 1 3 -2 
P3: 0 0 0 
"]
32[label = "Index: 32 
P0: 0 0 2 
P1: -2 0 0 
P2: 1 3 -2 
P3: 0 0 0 
"]
33[label = "Index: 33 
P0: 0 0 3 
P1: -2 0 1 
P2: 1 3 -2 
P3: 0 0 0 
"]
34[label = "Index: 34 
P0: 0 0 1 
P1: -2 0 -1 
P2: 2 3 -2 
P3: 0 0 0 
"]
35[label = "Index: 35 
P0: 0 0 2 
P1: -2 0 0 
P2: 2 3 -2 
P3: 0 0 0 
"]
36[label = "Index: 36 
P0: 0 0 3 
P1: -2 0 1 
P2: 2 3 -2 
P3: 0 0 0 
"]
37[label = "Index: 37 
P0: 0 0 1 
P1: -2 0 -1 
P2: 3 3 -2 
P3: 0 0 0 
"]
38[label = "Index: 38 
P0: 0 0 2 
P1: -2 0 0 
P2: 3 3 -2 
P3: 0 0 0 
"]
39[label = "Index: 39 
P0: 0 0 3 
P1: -2 0 1 
P2: 3 3 -2 
P3: 0 0 0 
"]
40[label = "Index: 40 
P2: 1 3 -2 
", color = "fuchsia"]
41[label = "Index: 41 
P0: 0 0 0 
P1: -2 0 -2 
P3: 0 0 0 
", color = "orange"]
42[label = "Index: 42 
P0: 0 0 1 
P1: -2 0 -1 
P3: 0 0 0 
"]
43[label = "Index: 43 
P0: 0 0 2 
P1: -2 0 0 
P3: 0 0 0 
", color = "orange"]
44[label = "Index: 44 
P0: 0 0 3 
P1: -2 0 1 
P3: 0 0 0 
"]
45[label = "Index: 45 
P0: 0 0 2 
P1: -1 0 0 
P3: 0 0 0 
"]
46[label = "Index: 46 
P0: 0 1 2 
P1: -2 1 0 
P3: 0 0 0 
", color = "orange"]
47[label = "Index: 47 
P0: 0 0 3 
P1: -1 0 1 
P3: 0 0 0 
"]
48[label = "Index: 48 
P0: 0 -1 3 
P1: -2 -1 1 
P3: 0 0 0 
"]
49[label = "Index: 49 
P0: 0 1 3 
P1: -2 1 1 
P3: 0 0 0 
"]
50[label = "Index: 50 
P0: 0 0 1 
P1: -1 0 0 
P3: 0 0 0 
"]
51[label = "Index: 51 
P0: 0 0 2 
P1: -1 0 1 
P3: 0 0 0 
"]
52[label = "Index: 52 
P0: 0 1 2 
P1: -1 1 0 
P3: 0 0 0 
"]
53[label = "Index: 53 
P0: 0 1 4 
P1: -2 1 2 
P3: 0 0 0 
", color = "orange"]
54[label = "Index: 54 
P0: 0 -1 3 
P1: -1 -1 1 
P3: 0 0 0 
"]
55[label = "Index: 55 
P0: 0 1 3 
P1: -1 1 1 
P3: 0 0 0 
"]
56[label = "Index: 56 
P0: 1 1 3 
P1: -1 1 1 
P3: 0 0 0 
"]
57[label = "Index: 57 
P0: 0 0 1 
P1: 0 0 0 
P3: 0 0 0 
"]
58[label = "Index: 58 
P0: 0 1 2 
P1: -1 1 1 
P3: 0 0 0 
"]
59[label = "Index: 59 
P0: 0 2 4 
P1: -2 2 2 
P3: 0 0 0 
", color = "red"]
60[label = "Index: 60 
P0: 1 2 3 
P1: -1 2 1 
P3: 0 0 0 
"]
61[label = "Index: 61 
P0: 0 0 0 
P1: 0 0 0 
P3: 0 0 0 
"]
62[label = "Index: 62 
P0: -1 2 4 
P1: -2 2 2 
P3: 0 0 0 
"]
63[label = "Index: 63 
P3: 0 0 0 
", color = "fuchsia"]
64[label = "Index: 64 
P0: 0 2 4 
P1: -2 2 2 
", color = "orange"]
65[label = "Index: 65 
P0: -1 2 4 
P1: -2 2 2 
", color = "orange"]
66[label = "Index: 66 
P0: -1 2 3 
P1: -2 2 2 
", color = "orange"]
67[label = "Index: 67 
P0: -2 2 3 
P1: -2 2 2 
"]
68[label = "Index: 68 
P0: -3 2 3 
P1: -2 2 2 
", color = "orange"]
69[label = "Index: 69 
P0: -2 2 2 
P1: -2 2 2 
"]
70[label = "Index: 70 
P0: -3 1 3 
P1: -2 2 2 
", color = "red"]
71[label = "Index: 71 
P0: -3 0 3 
P1: -2 2 2 
"]
72[label = "Index: 72 
P1: -2 2 2 
", style="filled", fillcolor = "blue"]
73[label = "Index: 73 
P0: -3 1 3 
", color = "fuchsia"]
0 -> 1

1 -> 0
1 -> 2

2 -> 1
2 -> 3

3 -> 2
3 -> 4
3 -> 5
3 -> 6

4 -> 3
4 -> 6
4 -> 7

5 -> 3
5 -> 6
5 -> 7

6 -> 3
6 -> 4
6 -> 5
6 -> 7

7 -> 4
7 -> 5
7 -> 6
7 -> 8
7 -> 9
7 -> 10

8 -> 7
8 -> 11

9 -> 7
9 -> 10

10 -> 7
10 -> 9
10 -> 12
10 -> 13

11 -> 8
11 -> 14
11 -> 15
11 -> 16

12 -> 10
12 -> 13
12 -> 17

13 -> 10
13 -> 12

14 -> 11
14 -> 15
14 -> 16
14 -> 18
14 -> 19

15 -> 11
15 -> 14
15 -> 16

16 -> 11
16 -> 14
16 -> 15
16 -> 20

17 -> 12
17 -> 21

18 -> 14
18 -> 19

19 -> 14
19 -> 18
19 -> 22

20 -> 16

21 -> 17
21 -> 23

22 -> 19

23 -> 21
23 -> 24
23 -> 25

24 -> 23

25 -> 23
25 -> 26

26 -> 25
26 -> 27

27 -> 26
27 -> 28
27 -> 29
27 -> 30

28 -> 27
28 -> 31
28 -> 32
28 -> 33
28 -> 41
28 -> 40

29 -> 27
29 -> 34
29 -> 35
29 -> 36

30 -> 27
30 -> 37
30 -> 38
30 -> 39

31 -> 28

32 -> 28

33 -> 28

34 -> 29

35 -> 29

36 -> 29

37 -> 30

38 -> 30

39 -> 30

41 -> 42
41 -> 43
41 -> 44

42 -> 41
42 -> 43
42 -> 44

43 -> 41
43 -> 42
43 -> 45
43 -> 46
43 -> 44

44 -> 41
44 -> 42
44 -> 43
44 -> 47
44 -> 48
44 -> 49

45 -> 43
45 -> 50
45 -> 51
45 -> 52
45 -> 47

46 -> 43
46 -> 52
46 -> 49
46 -> 53

47 -> 44
47 -> 45
47 -> 51
47 -> 54
47 -> 55

48 -> 44
48 -> 54
48 -> 49

49 -> 44
49 -> 46
49 -> 48
49 -> 55
49 -> 56
49 -> 53

50 -> 45
50 -> 57
50 -> 51

51 -> 45
51 -> 47
51 -> 50
51 -> 58

52 -> 45
52 -> 46
52 -> 58
52 -> 55

53 -> 46
53 -> 49
53 -> 59

54 -> 47
54 -> 48
54 -> 55

55 -> 47
55 -> 49
55 -> 52
55 -> 54
55 -> 56
55 -> 58

56 -> 49
56 -> 55
56 -> 60

57 -> 50
57 -> 61

58 -> 51
58 -> 52
58 -> 55

59 -> 53
59 -> 62
59 -> 63
59 -> 64

60 -> 56

61 -> 57

62 -> 59

64 -> 65

65 -> 64
65 -> 66

66 -> 65
66 -> 67
66 -> 68

67 -> 66
67 -> 68
67 -> 69

68 -> 66
68 -> 67
68 -> 70
68 -> 71

69 -> 67

70 -> 68
70 -> 72
70 -> 73

71 -> 68

}
