digraph G {
color = "black"
0[label = "Index: 0 
P0: 0 0 0 
P1: 0 0 0 
P2: 0 0 0 
P3: 0 0 0 
P4: 0 0 0 
P5: 0 0 0 
P6: 0 0 0 
", style="filled", fillcolor = "green"]
1[label = "Index: 1 
P0: 0 0 -1 
P1: 0 0 0 
P2: 0 0 0 
P3: 0 0 0 
P4: 0 0 0 
P5: 0 0 0 
P6: 0 0 0 
", color = "orange"]
2[label = "Index: 2 
P0: 0 0 -1 
P1: -1 0 0 
P2: 0 0 0 
P3: 0 0 0 
P4: 0 0 0 
P5: 0 0 0 
P6: 0 0 0 
", color = "orange"]
3[label = "Index: 3 
P0: 0 0 -1 
P1: -2 0 0 
P2: 0 0 0 
P3: 0 0 0 
P4: 0 0 0 
P5: 0 0 0 
P6: 0 0 0 
"]
4[label = "Index: 4 
P0: 0 0 -1 
P1: -1 0 0 
P2: -1 0 0 
P3: 0 0 0 
P4: 0 0 0 
P5: 0 0 0 
P6: 0 0 0 
"]
5[label = "Index: 5 
P0: 0 0 -1 
P1: -2 0 0 
P2: -2 0 0 
P3: 0 0 0 
P4: 0 0 0 
P5: 0 0 0 
P6: 0 0 0 
"]
6[label = "Index: 6 
P0: 0 0 -1 
P1: -2 0 0 
P2: -1 0 0 
P3: 0 0 0 
P4: 0 0 0 
P5: 0 0 0 
P6: 0 0 0 
", color = "orange"]
7[label = "Index: 7 
P0: 0 0 -1 
P1: -2 0 0 
P2: -1 0 0 
P3: 0 1 0 
P4: 0 0 0 
P5: 0 0 0 
P6: 0 0 0 
", color = "orange"]
8[label = "Index: 8 
P0: 0 0 -1 
P1: -2 0 0 
P2: -1 0 0 
P3: 0 1 0 
P4: 0 0 -1 
P5: 0 0 0 
P6: 0 0 0 
", color = "orange"]
9[label = "Index: 9 
P0: 0 0 -1 
P1: -2 0 0 
P2: -1 0 0 
P3: 0 1 0 
P4: -1 0 -1 
P5: 0 0 0 
P6: 0 0 0 
", color = "orange"]
10[label = "Index: 10 
P0: 0 0 -1 
P1: -2 0 0 
P2: -1 0 0 
P3: 0 0 0 
P4: -1 0 -1 
P5: 0 0 0 
P6: 0 0 0 
", color = "orange"]
11[label = "Index: 11 
P0: 0 0 -1 
P1: -2 0 0 
P2: -2 0 0 
P3: 0 0 0 
P4: -1 0 -1 
P5: 0 0 0 
P6: 0 0 0 
", color = "orange"]
12[label = "Index: 12 
P0: 0 0 -1 
P1: -2 0 0 
P2: 0 0 0 
P3: 0 0 0 
P4: -1 0 -1 
P5: 0 0 0 
P6: 0 0 0 
"]
13[label = "Index: 13 
P0: 0 0 -1 
P1: -2 0 0 
P2: -2 0 0 
P3: 0 0 0 
P4: -1 0 -1 
P5: 0 -1 0 
P6: 0 0 0 
", style="filled", fillcolor = "red"]
14[label = "Index: 14 
P0: 0 0 -1 
P1: -2 0 0 
P2: -2 0 0 
P3: 0 -1 0 
P4: -1 0 -1 
P5: 0 -1 0 
P6: 0 0 0 
", color = "purple"]
15[label = "Index: 15 
P0: 0 -1 -1 
P1: -2 0 0 
P2: -2 0 0 
P3: 0 0 0 
P4: -1 -1 -1 
P5: 0 -1 0 
P6: 0 0 0 
", color = "purple"]
16[label = "Index: 16 
P0: 0 -1 -1 
P1: -2 0 0 
P2: -2 0 0 
P3: 0 -1 0 
P4: -1 -1 -1 
P5: 0 -1 0 
P6: 0 0 0 
", color = "purple"]
17[label = "Index: 17 
P0: 0 0 -1 
P1: -2 0 0 
P2: -2 0 0 
P4: -1 0 -1 
P6: 0 0 0 
", color = "red"]
18[label = "Index: 18 
P2: -2 0 0 
", color = "fuchsia"]
19[label = "Index: 19 
P0: 0 0 -1 
P1: -2 0 0 
P4: -1 0 -1 
P6: 0 0 0 
", color = "red"]
20[label = "Index: 20 
P1: -2 0 0 
", color = "fuchsia"]
21[label = "Index: 21 
P0: 0 0 -1 
P4: -1 0 -1 
P6: 0 0 0 
", color = "red"]
22[label = "Index: 22 
P4: -1 0 -1 
", color = "fuchsia"]
23[label = "Index: 23 
P0: 0 0 -1 
P6: 0 0 0 
", color = "red"]
24[label = "Index: 24 
P0: 0 0 -1 
", style="filled", fillcolor = "blue"]
25[label = "Index: 25 
P6: 0 0 0 
", color = "fuchsia"]
26[label = "Index: 26 
P3: 0 0 0 
P5: 0 -1 0 
", color = "blue"]
27[label = "Index: 27 
P5: 0 -1 0 
", color = "fuchsia"]
28[label = "Index: 28 
P3: 0 0 0 
", color = "fuchsia"]
0 -> 1

1 -> 0
1 -> 2
1 -> 3
1 -> 4
1 -> 5

2 -> 1
2 -> 3
2 -> 4
2 -> 6

3 -> 1
3 -> 2
3 -> 6
3 -> 5

4 -> 1
4 -> 2
4 -> 6
4 -> 5

5 -> 1
5 -> 3
5 -> 4
5 -> 6

6 -> 2
6 -> 3
6 -> 4
6 -> 5
6 -> 7

7 -> 6
7 -> 8

8 -> 7
8 -> 9

9 -> 8
9 -> 10

10 -> 9
10 -> 11
10 -> 12

11 -> 10
11 -> 12
11 -> 13
11 -> 14
11 -> 15
11 -> 16

12 -> 10
12 -> 11

13 -> 11
13 -> 14
13 -> 15
13 -> 16
13 -> 17
13 -> 26

14 -> 11
14 -> 13
14 -> 16

15 -> 11
15 -> 13

16 -> 11
16 -> 13
16 -> 14

17 -> 19
17 -> 18

19 -> 21
19 -> 20

21 -> 23
21 -> 22

23 -> 25
23 -> 24

26 -> 27
26 -> 28

}
