digraph G {
color = "black"
0[label = "Index: 0 
P0: 0 0 0 
P1: 0 0 0 
P2: 0 0 0 
P3: 0 0 0 
P4: 0 0 0 
", color = "green"]
1[label = "Index: 1 
P0: 0 -1 0 
P1: 0 0 0 
P2: 0 0 0 
P3: 0 0 0 
P4: 0 0 0 
", color = "orange"]
2[label = "Index: 2 
P0: 0 -1 0 
P1: 1 0 0 
P2: 0 0 0 
P3: 0 0 0 
P4: 0 0 0 
", color = "orange"]
3[label = "Index: 3 
P0: 0 -1 0 
P1: 1 0 0 
P2: 0 1 0 
P3: 0 0 0 
P4: 0 0 0 
", color = "orange"]
4[label = "Index: 4 
P0: 0 -1 0 
P1: 1 0 0 
P2: 0 1 0 
P3: 0 0 -1 
P4: 0 0 0 
", color = "orange"]
5[label = "Index: 5 
P0: 0 -2 0 
P1: 1 0 0 
P2: 0 1 0 
P3: 0 0 -1 
P4: 0 0 0 
", color = "orange"]
6[label = "Index: 6 
P0: 0 -2 0 
P1: 1 0 0 
P2: 0 1 0 
P3: 1 0 -1 
P4: 0 0 0 
", color = "red"]
7[label = "Index: 7 
P0: 0 -2 0 
P1: 1 0 0 
P2: 0 1 0 
P4: 0 0 0 
", color = "green"]
8[label = "Index: 8 
P0: 0 -1 0 
P1: 1 0 0 
P2: 0 1 0 
P4: 0 0 0 
"]
9[label = "Index: 9 
P0: 0 -1 0 
P1: 1 1 0 
P2: 0 1 0 
P4: 0 0 0 
"]
10[label = "Index: 10 
P0: 0 -2 0 
P1: 1 0 0 
P2: 0 0 0 
P4: 0 0 0 
"]
11[label = "Index: 11 
P0: 0 -1 0 
P1: 1 1 0 
P2: 0 2 0 
P4: 0 0 0 
", color = "red"]
12[label = "Index: 12 
P0: 0 0 0 
P1: 1 1 0 
P2: 0 1 0 
P4: 0 0 0 
"]
13[label = "Index: 13 
P0: 0 -1 0 
P1: 1 0 0 
P2: 0 0 0 
P4: 0 0 0 
"]
14[label = "Index: 14 
P0: 0 0 0 
P1: 1 1 0 
P2: 0 2 0 
P4: 0 0 0 
"]
15[label = "Index: 15 
P0: 0 -1 0 
P1: 1 1 0 
P2: 0 0 0 
P4: 0 0 0 
"]
16[label = "Index: 16 
P0: 0 -2 0 
P1: 0 0 0 
P2: 0 0 0 
P4: 0 0 0 
"]
17[label = "Index: 17 
P0: 0 -1 0 
P1: 1 1 0 
P2: -1 2 0 
P4: 0 0 0 
"]
18[label = "Index: 18 
P0: 0 -1 0 
P4: 0 0 0 
", color = "red"]
19[label = "Index: 19 
P4: 0 0 0 
", color = "blue"]
0 -> 1

1 -> 0
1 -> 2

2 -> 1
2 -> 3

3 -> 2
3 -> 4

4 -> 3
4 -> 5

5 -> 4
5 -> 6

6 -> 5
6 -> 7

7 -> 8
7 -> 9
7 -> 10
7 -> 11

8 -> 7
8 -> 9
8 -> 12
8 -> 13
8 -> 10
8 -> 11
8 -> 14

9 -> 7
9 -> 8
9 -> 12
9 -> 15
9 -> 11
9 -> 14
9 -> 13
9 -> 10

10 -> 7
10 -> 8
10 -> 9
10 -> 13
10 -> 16
10 -> 15

11 -> 7
11 -> 8
11 -> 9
11 -> 14
11 -> 17
11 -> 15
11 -> 18[style=bold label=" Remove P1 P2 "];


12 -> 8
12 -> 9

13 -> 8
13 -> 9
13 -> 10

14 -> 8
14 -> 9
14 -> 11

15 -> 9
15 -> 10
15 -> 11

16 -> 10

17 -> 11

18 -> 19[style=bold label=" Remove P0 "];


}
