graph G {
color = "black"
0 [label = "P1: 0 0 0 
P2: 0 0 0 
P3: 0 0 0 
P4: 0 0 0 
P5: 0 0 0 
",  style="filled", fillcolor = "#96FF96"];
1 [label = "P1: -1 0 0 
P2: 0 0 0 
P3: 0 0 0 
P4: 0 0 0 
P5: 0 0 0 
"];
2 [label = "P1: -1 0 0 
P2: 0 0 1 
P3: 0 0 0 
P4: 0 0 0 
P5: 0 0 0 
"];
3 [label = "P1: -1 0 0 
P2: 0 0 1 
P3: 0 -1 0 
P4: 0 0 0 
P5: 0 0 0 
"];
4 [label = "P1: -1 0 0 
P2: 0 0 1 
P3: 0 -1 0 
P4: 0 0 -1 
P5: 0 0 0 
"];
5 [label = "P1: -1 0 -1 
P2: 0 0 1 
P3: 0 -1 0 
P4: 0 0 -1 
P5: 0 0 0 
"];
6 [label = "P1: -1 0 -1 
P2: 0 0 1 
P3: 0 -1 0 
P4: 0 0 -2 
P5: 0 0 0 
"];
7 [label = "P1: -1 0 -1 
P2: 0 -1 1 
P3: 0 -1 0 
P4: 0 0 -2 
P5: 0 0 0 
"];
8 [label = "P1: -1 -1 -1 
P2: 0 -1 1 
P3: 0 -2 0 
P4: 0 -1 -2 
P5: 0 0 0 
"];
9 [label = "P1: -1 0 -1 
P2: 0 -1 1 
P3: 0 -1 0 
P4: 0 0 -2 
P5: 0 1 0 
"];
10 [label = "P1: 0 -1 -1 
P2: 1 -1 1 
P3: 1 -2 0 
P4: 1 -1 -2 
P5: 0 0 0 
"];
11 [label = "P1: -1 0 -1 
P2: 0 -1 1 
P3: 0 -1 0 
P4: 0 0 -2 
P5: -1 1 0 
"];
12 [label = "P1: 0 -1 -1 
P2: 1 -1 2 
P3: 1 -2 0 
P4: 1 -1 -2 
P5: 0 0 0 
"];
13 [label = "P1: -1 0 -1 
P2: 0 -1 2 
P3: 0 -1 0 
P4: 0 0 -2 
P5: -1 1 0 
"];
14 [label = "P1: 0 -1 -1 
P2: 2 -2 2 
P3: 2 -2 0 
P4: 1 -1 -2 
P5: 0 0 0 
"];
15 [label = "P1: -2 0 -1 
P2: 0 -1 2 
P3: 0 -1 0 
P4: -1 0 -2 
P5: -1 1 0 
"];
16 [label = "P1: -2 0 -1 
P2: 0 -1 2 
P3: 0 -1 0 
P4: -1 0 -2 
P5: -1 0 0 
"];
17 [label = "P1: -2 0 -1 
P2: 0 -1 2 
P3: 0 -1 0 
P4: -1 0 -2 
P5: -1 0 -1 
"];
18 [label = "P1: -1 0 0 
P2: 0 -1 3 
P3: 0 -1 1 
P4: 0 0 -1 
P5: 0 0 0 
"];
19 [label = "P1: -1 0 -1 
P2: 0 -1 2 
P3: 0 -1 0 
P4: 0 0 -2 
P5: -1 0 -1 
"];
20 [label = "P1: 0 0 0 
P2: 2 -1 3 
P3: 2 -1 1 
P4: 1 0 -1 
P5: 0 0 0 
"];
21 [label = "P1: -1 0 0 
P2: 0 0 3 
P3: 0 -1 1 
P4: 0 0 -1 
P5: 0 0 0 
"];
22 [label = "P1: -1 0 0 
P2: 0 -1 3 
P3: 0 -1 1 
P4: 0 0 0 
P5: 0 0 0 
"];
23 [label = "P1: -1 0 -1 
P2: 0 0 2 
P3: 0 -1 0 
P4: 0 0 -2 
P5: -1 0 -1 
"];
24 [label = "P1: 0 0 0 
P2: 1 -1 2 
P3: 1 -1 1 
P4: 1 0 -1 
P5: 0 0 0 
"];
25 [label = "P1: 0 0 0 
P2: 1 -1 2 
P3: 1 -1 0 
P4: 1 0 -1 
P5: 0 0 0 
"];
26 [label = "P1: -1 0 0 
P2: 0 0 3 
P3: 0 -1 1 
P4: 0 0 0 
P5: 0 0 0 
"];
27 [label = "P1: 0 0 0 
P2: 1 0 2 
P3: 1 -1 1 
P4: 1 0 -1 
P5: 0 0 0 
"];
28 [label = "P1: -1 0 -1 
P2: 0 0 1 
P3: 0 -1 -1 
P4: 0 0 -2 
P5: -1 0 -1 
"];
29 [label = "P1: 0 0 0 
P2: 1 -1 2 
P3: 1 -2 0 
P4: 1 0 -1 
P5: 0 0 0 
"];
30 [label = "P1: -1 0 -1 
P2: 0 0 1 
P3: 0 -2 -1 
P4: 0 0 -2 
P5: -1 0 -1 
"];
31 [label = "P1: -1 0 -1 
P2: 0 0 1 
P3: 1 -2 -1 
P4: 0 0 -2 
P5: -1 0 -1 
"];
32 [label = "P1: -1 0 -1 
P2: 0 0 2 
P3: 1 -2 -1 
P4: 0 0 -2 
P5: -1 0 -1 
"];
33 [label = "P1: -1 0 -1 
P2: -1 0 2 
P3: 0 -2 -1 
P4: 0 0 -2 
P5: -1 0 -1 
"];
34 [label = "P1: -1 0 0 
P2: 0 0 3 
P3: 1 -2 0 
P4: 0 0 -1 
P5: 0 0 0 
"];
35 [label = "P1: 0 0 0 
P2: 0 1 3 
P3: 1 -2 0 
P4: 1 0 -1 
P5: 0 0 0 
"];
36 [label = "P1: -1 0 -1 
P2: -1 1 2 
P3: 0 -1 -1 
P4: 0 0 -2 
P5: -1 0 -1 
"];
37 [label = "P1: -1 0 0 
P2: 0 0 3 
P3: 1 -2 0 
P4: 0 0 0 
P5: 0 0 0 
"];
38 [label = "P1: 0 0 0 
P2: 0 1 3 
P3: 1 -1 1 
P4: 1 0 -1 
P5: 0 0 0 
"];
39 [label = "P1: -1 0 -1 
P2: -1 1 3 
P3: 0 -1 0 
P4: 0 0 -2 
P5: -1 0 -1 
"];
40 [label = "P1: 0 0 0 
P2: 0 0 3 
P3: 1 -2 0 
P4: 0 0 0 
P5: 0 0 0 
"];
41 [label = "P1: -2 0 -1 
P2: -1 1 3 
P3: 0 -1 0 
P4: -1 0 -2 
P5: -1 0 -1 
"];
42 [label = "P1: -2 0 -1 
P2: -1 1 3 
P3: 0 -1 0 
P4: -1 0 -2 
P5: -1 0 0 
"];
43 [label = "P1: -2 0 -1 
P2: -1 2 3 
P3: 0 -1 0 
P4: -1 0 -2 
P5: -1 1 0 
"];
44 [label = "P1: -1 -1 -1 
P2: 0 0 3 
P3: 1 -2 0 
P4: 0 -1 -2 
P5: 0 0 0 
"];
45 [label = "P1: -2 0 -1 
P2: -1 2 3 
P3: -1 -1 0 
P4: -1 0 -2 
P5: -1 1 0 
"];
4545 [label = "P1: -2 0 -1 
P2: -1 2 -∞ 
P3: -1 -1 0 
P4: -1 0 -2 
P5: -1 1 0 
",  style="filled", fillcolor = "#FF9696"];
46 [label = "P1: 0 -1 -1 
P2: 0 1 3 
P3: 1 -2 0 
P4: 1 -1 -2 
P5: 0 0 0 
"];
47 [label = "P1: 0 -1 -1 
P2: 0 0 3 
P3: 1 -2 0 
P4: 1 -1 -2 
P5: 0 0 0 
"];
48 [label = "P1: 0 -1 -1 
P2: 1 0 3 
P3: 2 -2 0 
P4: 1 -1 -2 
P5: 0 0 0 
"];
edge [style=bold];
0 -- 1 [color="#1E96FF", penwidth=4.0];

1 -- 2 [color="#1E96FF", penwidth=4.0];

2 -- 3 [color="#1E96FF", penwidth=4.0];

3 -- 4 [color="#1E96FF", penwidth=4.0];
3 -- 5 [color=black];

4 -- 5 [color=black];
4 -- 6 [color="#1E96FF", penwidth=4.0];

5 -- 6 [color=black];

6 -- 7 [color="#1E96FF", penwidth=4.0];
6 -- 8 [color=black];

7 -- 8 [color=black];
7 -- 9 [color="#1E96FF", penwidth=4.0];

8 -- 9 [color=black];
8 -- 10 [color=black];

9 -- 11 [color="#1E96FF", penwidth=4.0];

10 -- 11 [color=black];
10 -- 12 [color=black];

11 -- 13 [color="#1E96FF", penwidth=4.0];

12 -- 13 [color=black];

13 -- 14 [color=black];
13 -- 15 [color="#1E96FF", penwidth=4.0];

14 -- 15 [color=black];

15 -- 16 [color="#1E96FF", penwidth=4.0];

16 -- 17 [color="#1E96FF", penwidth=4.0];

17 -- 18 [color=black];
17 -- 19 [color="#1E96FF", penwidth=4.0];
17 -- 20 [color=black];

18 -- 21 [color=black];
18 -- 22 [color=black];
18 -- 19 [color=black];

19 -- 23 [color="#1E96FF", penwidth=4.0];
19 -- 24 [color=black];
19 -- 20 [color=black];
19 -- 25 [color=black];


21 -- 26 [color=black];
21 -- 23 [color=black];

22 -- 26 [color=black];

23 -- 27 [color=black];
23 -- 28 [color="#1E96FF", penwidth=4.0];

24 -- 27 [color=black];
24 -- 25 [color=black];

25 -- 28 [color=black];
25 -- 29 [color=black];


27 -- 28 [color=black];

28 -- 30 [color="#1E96FF", penwidth=4.0];
28 -- 29 [color=black];

29 -- 30 [color=black];

30 -- 31 [color="#1E96FF", penwidth=4.0];

31 -- 32 [color="#1E96FF", penwidth=4.0];

32 -- 33 [color="#1E96FF", penwidth=4.0];
32 -- 34 [color=black];

33 -- 35 [color=black];
33 -- 36 [color="#1E96FF", penwidth=4.0];
33 -- 34 [color=black];

34 -- 37 [color=black];

35 -- 36 [color=black];

36 -- 38 [color=black];
36 -- 39 [color="#1E96FF", penwidth=4.0];

37 -- 40 [color=black];

38 -- 39 [color=black];

39 -- 41 [color="#1E96FF", penwidth=4.0];


41 -- 42 [color="#1E96FF", penwidth=4.0];

42 -- 43 [color="#1E96FF", penwidth=4.0];
42 -- 44 [color=black];

43 -- 44 [color=black];
43 -- 45 [color="#1E96FF", penwidth=4.0];
43 -- 46 [color=black];

44 -- 47 [color=black];
44 -- 48 [color=black];

45 -- 46 [color=black];

45 -- 4545 [color="#1E96FF", penwidth=4.0];
46 -- 47 [color=black];

47 -- 48 [color=black];


}
