digraph G {
color = "black"
0[label = "Index: 0 
P0: 0 0 0 
P1: 0 0 0 
P2: 0 0 0 
P3: 0 0 0 
", style="filled", fillcolor = "green"]
1[label = "Index: 1 
P0: -1 0 0 
P1: 0 0 0 
P2: 0 0 0 
P3: 0 0 0 
", color = "orange"]
2[label = "Index: 2 
P0: -1 0 0 
P1: 0 -1 0 
P2: 0 0 0 
P3: 0 0 0 
", color = "orange"]
3[label = "Index: 3 
P0: -1 0 0 
P1: 0 -1 0 
P2: 0 -1 0 
P3: 0 0 0 
"]
4[label = "Index: 4 
P0: -1 -1 0 
P1: 0 -1 0 
P2: 0 -1 0 
P3: 0 0 0 
"]
5[label = "Index: 5 
P0: -1 -2 0 
P1: 0 -2 0 
P2: 0 -2 0 
P3: 0 0 0 
"]
6[label = "Index: 6 
P0: -1 -3 0 
P1: 0 -3 0 
P2: 0 -3 0 
P3: 0 0 0 
"]
7[label = "Index: 7 
P0: -1 -1 0 
P1: 0 -2 0 
P2: 0 -1 0 
P3: 0 0 0 
"]
8[label = "Index: 8 
P0: -1 -2 0 
P1: 0 -3 0 
P2: 0 -2 0 
P3: 0 0 0 
", style="filled", fillcolor = "red"]
9[label = "Index: 9 
P0: -1 -3 0 
P1: 0 -4 0 
P2: 0 -3 0 
P3: 0 0 0 
", color = "purple"]
10[label = "Index: 10 
P0: -1 -1 0 
P1: 0 -2 0 
P2: 0 -2 0 
P3: 0 0 0 
"]
11[label = "Index: 11 
P0: -1 -2 0 
P1: 0 -3 0 
P2: 0 -3 0 
P3: 0 0 0 
", color = "purple"]
12[label = "Index: 12 
P0: -1 -2 0 
", color = "fuchsia"]
13[label = "Index: 13 
P1: 0 -3 0 
P2: 0 -2 0 
P3: 0 0 0 
", color = "red"]
14[label = "Index: 14 
P1: 0 -3 0 
", color = "fuchsia"]
15[label = "Index: 15 
P2: 0 -2 0 
P3: 0 0 0 
", color = "orange"]
16[label = "Index: 16 
P2: 0 -3 0 
P3: 0 0 0 
", color = "orange"]
17[label = "Index: 17 
P2: 0 -1 0 
P3: 0 0 0 
"]
18[label = "Index: 18 
P2: 0 0 0 
P3: 0 0 0 
"]
19[label = "Index: 19 
P2: 1 -3 0 
P3: 0 0 0 
", color = "red"]
20[label = "Index: 20 
P2: 1 -3 0 
", style="filled", fillcolor = "blue"]
21[label = "Index: 21 
P3: 0 0 0 
", color = "fuchsia"]
0 -> 1

1 -> 0
1 -> 2
1 -> 3
1 -> 4
1 -> 5
1 -> 6

2 -> 1
2 -> 3
2 -> 4
2 -> 7
2 -> 8
2 -> 9

3 -> 1
3 -> 2
3 -> 4
3 -> 7
3 -> 10
3 -> 11

4 -> 1
4 -> 2
4 -> 3
4 -> 7
4 -> 10
4 -> 5
4 -> 6

5 -> 1
5 -> 4
5 -> 10
5 -> 8
5 -> 7
5 -> 11
5 -> 6

6 -> 1
6 -> 4
6 -> 5
6 -> 11
6 -> 9
6 -> 8

7 -> 2
7 -> 3
7 -> 4
7 -> 5
7 -> 10
7 -> 8
7 -> 9

8 -> 2
8 -> 5
8 -> 6
8 -> 7
8 -> 10
8 -> 13
8 -> 12

9 -> 2
9 -> 6
9 -> 7

10 -> 3
10 -> 4
10 -> 5
10 -> 7
10 -> 8
10 -> 11

11 -> 3
11 -> 5
11 -> 6
11 -> 10

13 -> 15
13 -> 14

15 -> 16
15 -> 17
15 -> 18

16 -> 15
16 -> 19
16 -> 17
16 -> 18

17 -> 15
17 -> 16
17 -> 18

18 -> 15
18 -> 16
18 -> 17

19 -> 16
19 -> 21
19 -> 20

}
