digraph G {
color = "black"
0[label = "Index: 0 
P0: 0 0 0 
P1: 0 0 0 
P2: 0 0 0 
P3: 0 0 0 
", style="filled", fillcolor = "green"]
1[label = "Index: 1 
P0: 0 -1 0 
P1: 0 0 0 
P2: 0 0 0 
P3: 0 0 0 
", color = "orange"]
2[label = "Index: 2 
P0: 0 -1 0 
P1: -1 0 0 
P2: 0 0 0 
P3: 0 0 0 
"]
3[label = "Index: 3 
P0: 0 -1 0 
P1: -1 0 0 
P2: -1 0 0 
P3: 0 0 0 
", color = "orange"]
4[label = "Index: 4 
P0: 0 -2 0 
P1: -1 0 0 
P2: -1 0 0 
P3: 0 0 0 
", color = "orange"]
5[label = "Index: 5 
P0: 0 -2 0 
P1: -2 0 0 
P2: -1 0 0 
P3: 0 0 0 
", color = "orange"]
6[label = "Index: 6 
P0: 0 -2 0 
P1: -2 0 0 
P2: -2 0 0 
P3: 0 0 0 
"]
7[label = "Index: 7 
P0: 0 -1 0 
P1: -2 1 0 
P2: -1 1 0 
P3: 0 0 0 
"]
8[label = "Index: 8 
P0: 0 0 0 
P1: -2 2 0 
P2: -1 2 0 
P3: 0 0 0 
", color = "orange"]
9[label = "Index: 9 
P0: 0 -1 0 
P1: -2 1 0 
P2: -2 1 0 
P3: 0 0 0 
"]
10[label = "Index: 10 
P0: 0 0 0 
P1: -2 2 0 
P2: -2 2 0 
P3: 0 0 0 
"]
11[label = "Index: 11 
P0: 0 0 0 
P1: -1 2 0 
P2: -1 2 0 
P3: 0 0 0 
"]
12[label = "Index: 12 
P0: 0 0 0 
P1: -2 2 -1 
P2: -1 2 -1 
P3: 0 0 0 
", style="filled", fillcolor = "red"]
13[label = "Index: 13 
P0: 0 0 0 
P1: -2 2 -1 
P2: -2 2 -1 
P3: 0 0 0 
", color = "purple"]
14[label = "Index: 14 
P0: 0 -1 0 
P1: -2 2 -1 
P2: -1 2 -1 
P3: 0 0 0 
"]
15[label = "Index: 15 
P0: 0 -2 0 
P1: -2 2 -1 
P2: -1 2 -1 
P3: 0 0 0 
"]
16[label = "Index: 16 
P0: 0 -3 0 
P1: -2 2 -1 
P2: -1 2 -1 
P3: 0 0 0 
"]
17[label = "Index: 17 
P0: 0 -4 0 
P1: -2 2 -1 
P2: -1 2 -1 
P3: 0 0 0 
"]
18[label = "Index: 18 
P0: 0 -5 0 
P1: -2 2 -1 
P2: -1 2 -1 
P3: 0 0 0 
"]
19[label = "Index: 19 
P0: 0 -6 0 
P1: -2 2 -1 
P2: -1 2 -1 
P3: 0 0 0 
"]
20[label = "Index: 20 
P0: 0 -1 0 
P1: -2 2 -1 
P2: -2 2 -1 
P3: 0 0 0 
"]
21[label = "Index: 21 
P0: 0 -2 0 
P1: -2 2 -1 
P2: -2 2 -1 
P3: 0 0 0 
"]
22[label = "Index: 22 
P0: 0 -3 0 
P1: -2 2 -1 
P2: -2 2 -1 
P3: 0 0 0 
"]
23[label = "Index: 23 
P0: 0 -4 0 
P1: -2 2 -1 
P2: -2 2 -1 
P3: 0 0 0 
"]
24[label = "Index: 24 
P0: 0 -5 0 
P1: -2 2 -1 
P2: -2 2 -1 
P3: 0 0 0 
"]
25[label = "Index: 25 
P0: 0 -6 0 
P1: -2 2 -1 
P2: -2 2 -1 
P3: 0 0 0 
"]
26[label = "Index: 26 
P1: -2 2 -1 
", color = "fuchsia"]
27[label = "Index: 27 
P0: 0 0 0 
P2: -1 2 -1 
P3: 0 0 0 
", color = "red"]
28[label = "Index: 28 
P0: 0 -1 0 
P2: -1 2 -1 
P3: 0 0 0 
"]
29[label = "Index: 29 
P0: 0 -2 0 
P2: -1 2 -1 
P3: 0 0 0 
"]
30[label = "Index: 30 
P0: 0 -3 0 
P2: -1 2 -1 
P3: 0 0 0 
"]
31[label = "Index: 31 
P0: 0 -4 0 
P2: -1 2 -1 
P3: 0 0 0 
"]
32[label = "Index: 32 
P0: 0 -5 0 
P2: -1 2 -1 
P3: 0 0 0 
"]
33[label = "Index: 33 
P0: 0 -6 0 
P2: -1 2 -1 
P3: 0 0 0 
"]
34[label = "Index: 34 
P2: -1 2 -1 
", color = "fuchsia"]
35[label = "Index: 35 
P0: 0 0 0 
P3: 0 0 0 
", color = "orange"]
36[label = "Index: 36 
P0: 0 -1 0 
P3: 0 0 0 
"]
37[label = "Index: 37 
P0: 0 -2 0 
P3: 0 0 0 
"]
38[label = "Index: 38 
P0: 0 -3 0 
P3: 0 0 0 
"]
39[label = "Index: 39 
P0: 0 -4 0 
P3: 0 0 0 
", color = "red"]
40[label = "Index: 40 
P0: 0 -5 0 
P3: 0 0 0 
"]
41[label = "Index: 41 
P0: 0 -6 0 
P3: 0 0 0 
"]
42[label = "Index: 42 
P0: 0 -2 -1 
P3: 0 0 0 
"]
43[label = "Index: 43 
P0: 0 -3 -1 
P3: 0 0 0 
"]
44[label = "Index: 44 
P0: 0 -4 0 
", style="filled", fillcolor = "blue"]
45[label = "Index: 45 
P3: 0 0 0 
", color = "fuchsia"]
0 -> 1

1 -> 0
1 -> 2
1 -> 3

2 -> 1
2 -> 3

3 -> 1
3 -> 2
3 -> 4

4 -> 3
4 -> 5
4 -> 6

5 -> 4
5 -> 6
5 -> 7
5 -> 8

6 -> 4
6 -> 5
6 -> 9
6 -> 10

7 -> 5
7 -> 9
7 -> 8

8 -> 5
8 -> 7
8 -> 11
8 -> 10
8 -> 12

9 -> 6
9 -> 7
9 -> 10

10 -> 6
10 -> 8
10 -> 9
10 -> 11
10 -> 13

11 -> 8
11 -> 10

12 -> 8
12 -> 14
12 -> 15
12 -> 16
12 -> 17
12 -> 18
12 -> 19
12 -> 27
12 -> 26

13 -> 10
13 -> 20
13 -> 21
13 -> 22
13 -> 23
13 -> 24
13 -> 25

14 -> 12

15 -> 12

16 -> 12

17 -> 12

18 -> 12

19 -> 12

20 -> 13

21 -> 13

22 -> 13

23 -> 13

24 -> 13

25 -> 13

27 -> 28
27 -> 29
27 -> 30
27 -> 31
27 -> 32
27 -> 33
27 -> 35
27 -> 34

28 -> 27

29 -> 27

30 -> 27

31 -> 27

32 -> 27

33 -> 27

35 -> 36
35 -> 37
35 -> 38
35 -> 39
35 -> 40
35 -> 41

36 -> 35
36 -> 37
36 -> 38
36 -> 39
36 -> 40
36 -> 41

37 -> 35
37 -> 36
37 -> 38
37 -> 39
37 -> 40
37 -> 41
37 -> 42

38 -> 35
38 -> 36
38 -> 37
38 -> 39
38 -> 40
38 -> 41
38 -> 43

39 -> 35
39 -> 36
39 -> 37
39 -> 38
39 -> 45
39 -> 44

40 -> 35
40 -> 36
40 -> 37
40 -> 38

41 -> 35
41 -> 36
41 -> 37
41 -> 38

42 -> 37

43 -> 38

}
