digraph G {
color = "black"
0[label = "Index: 0 
P0: 0 0 0 
P1: 0 0 0 
P2: 0 0 0 
P3: 0 0 0 
", style="filled", fillcolor = "green"]
1[label = "Index: 1 
P0: 0 -1 0 
P1: 0 0 0 
P2: 0 0 0 
P3: 0 0 0 
", color = "orange"]
2[label = "Index: 2 
P0: 0 -1 0 
P1: -1 0 0 
P2: 0 0 0 
P3: 0 0 0 
"]
3[label = "Index: 3 
P0: 0 -1 0 
P1: -1 0 0 
P2: -1 0 0 
P3: 0 0 0 
", color = "orange"]
4[label = "Index: 4 
P0: 0 -2 0 
P1: -1 0 0 
P2: -1 0 0 
P3: 0 0 0 
", color = "orange"]
5[label = "Index: 5 
P0: 0 -1 0 
P1: -1 1 0 
P2: -1 1 0 
P3: 0 0 0 
"]
6[label = "Index: 6 
P0: 0 0 0 
P1: -1 1 0 
P2: -1 1 0 
P3: 0 0 0 
"]
7[label = "Index: 7 
P0: 0 -2 0 
P1: -2 0 0 
P2: -1 0 0 
P3: 0 0 0 
", color = "orange"]
8[label = "Index: 8 
P0: 0 -2 0 
P1: -2 0 0 
P2: -2 0 0 
P3: 0 0 0 
"]
9[label = "Index: 9 
P0: 0 -1 0 
P1: -2 1 0 
P2: -1 1 0 
P3: 0 0 0 
"]
10[label = "Index: 10 
P0: 0 -1 0 
P1: -2 1 0 
P2: -2 1 0 
P3: 0 0 0 
"]
11[label = "Index: 11 
P0: 0 -3 0 
P1: -2 0 0 
P2: -1 0 0 
P3: 0 0 0 
", style="filled", fillcolor = "red"]
12[label = "Index: 12 
P0: 0 -2 0 
P1: -2 1 0 
P2: -1 1 0 
P3: 0 0 0 
", color = "purple"]
13[label = "Index: 13 
P0: 0 -3 0 
P1: -2 0 0 
P2: -2 0 0 
P3: 0 0 0 
", color = "purple"]
14[label = "Index: 14 
P0: 0 -4 0 
P1: -2 0 0 
P2: -2 0 0 
P3: 0 0 0 
", color = "purple"]
15[label = "Index: 15 
P0: 0 -5 0 
P1: -2 0 0 
P2: -2 0 0 
P3: 0 0 0 
", color = "purple"]
16[label = "Index: 16 
P0: 0 -2 0 
P1: -2 1 0 
P2: -2 1 0 
P3: 0 0 0 
", color = "purple"]
17[label = "Index: 17 
P0: 0 -2 0 
P1: -2 2 0 
P2: -2 2 0 
P3: 0 0 0 
", color = "purple"]
18[label = "Index: 18 
P0: 0 -2 0 
P1: -2 3 0 
P2: -2 3 0 
P3: 0 0 0 
", color = "purple"]
19[label = "Index: 19 
P0: 0 0 0 
P1: -2 2 0 
P2: -2 2 0 
P3: 0 0 0 
"]
20[label = "Index: 20 
P0: 0 -3 0 
P1: -2 1 0 
P2: -2 1 0 
P3: 0 0 0 
", color = "purple"]
21[label = "Index: 21 
P0: 0 -4 0 
P1: -2 1 0 
P2: -2 1 0 
P3: 0 0 0 
", color = "purple"]
22[label = "Index: 22 
P0: 0 -1 0 
P1: -2 2 0 
P2: -2 2 0 
P3: 0 0 0 
", color = "purple"]
23[label = "Index: 23 
P0: 0 -1 0 
P1: -2 3 0 
P2: -2 3 0 
P3: 0 0 0 
", color = "purple"]
24[label = "Index: 24 
P0: 0 -1 0 
P1: -2 4 0 
P2: -2 4 0 
P3: 0 0 0 
", color = "purple"]
25[label = "Index: 25 
P0: 0 -4 -1 
P1: -2 0 0 
P2: -2 0 0 
P3: 0 0 0 
"]
26[label = "Index: 26 
P0: 0 -3 0 
P1: -2 2 0 
P2: -2 2 0 
P3: 0 0 0 
", color = "purple"]
27[label = "Index: 27 
P0: 0 0 0 
P1: -2 3 0 
P2: -2 3 0 
P3: 0 0 0 
", color = "purple"]
28[label = "Index: 28 
P0: 0 0 0 
P1: -2 4 0 
P2: -2 4 0 
P3: 0 0 0 
", color = "purple"]
29[label = "Index: 29 
P0: 0 0 0 
P1: -2 5 0 
P2: -2 5 0 
P3: 0 0 0 
", color = "purple"]
30[label = "Index: 30 
P1: -2 0 0 
", color = "fuchsia"]
31[label = "Index: 31 
P0: 0 -3 0 
P2: -1 0 0 
P3: 0 0 0 
", color = "red"]
32[label = "Index: 32 
P0: 0 -2 0 
P2: -1 0 0 
P3: 0 0 0 
"]
33[label = "Index: 33 
P0: 0 -1 0 
P2: -1 0 0 
P3: 0 0 0 
"]
34[label = "Index: 34 
P2: -1 0 0 
", color = "fuchsia"]
35[label = "Index: 35 
P0: 0 -3 0 
P3: 0 0 0 
", color = "orange"]
36[label = "Index: 36 
P0: 0 -4 0 
P3: 0 0 0 
"]
37[label = "Index: 37 
P0: 0 -5 0 
P3: 0 0 0 
", color = "red"]
38[label = "Index: 38 
P0: 0 -6 0 
P3: 0 0 0 
"]
39[label = "Index: 39 
P0: 0 -2 0 
P3: 0 0 0 
"]
40[label = "Index: 40 
P0: 0 -1 0 
P3: 0 0 0 
"]
41[label = "Index: 41 
P0: 0 0 0 
P3: 0 0 0 
"]
42[label = "Index: 42 
P0: 0 -4 -1 
P3: 0 0 0 
"]
43[label = "Index: 43 
P0: 0 -5 0 
", style="filled", fillcolor = "blue"]
44[label = "Index: 44 
P3: 0 0 0 
", color = "fuchsia"]
0 -> 1

1 -> 0
1 -> 2
1 -> 3

2 -> 1
2 -> 3

3 -> 1
3 -> 2
3 -> 4
3 -> 5
3 -> 6

4 -> 3
4 -> 7
4 -> 8
4 -> 5

5 -> 3
5 -> 4
5 -> 6
5 -> 9
5 -> 10

6 -> 3
6 -> 5

7 -> 4
7 -> 11
7 -> 8
7 -> 12
7 -> 9

8 -> 4
8 -> 7
8 -> 13
8 -> 14
8 -> 15
8 -> 16
8 -> 17
8 -> 18
8 -> 10
8 -> 19

9 -> 5
9 -> 7
9 -> 12
9 -> 10

10 -> 5
10 -> 8
10 -> 9
10 -> 16
10 -> 20
10 -> 21
10 -> 22
10 -> 23
10 -> 24
10 -> 19

11 -> 7
11 -> 31
11 -> 30

12 -> 7
12 -> 9

13 -> 8
13 -> 14
13 -> 15

14 -> 8
14 -> 13
14 -> 15
14 -> 25

15 -> 8
15 -> 13
15 -> 14

16 -> 8
16 -> 10
16 -> 20
16 -> 21

17 -> 8
17 -> 26
17 -> 22
17 -> 19

18 -> 8
18 -> 23
18 -> 27

19 -> 8
19 -> 10
19 -> 17
19 -> 22
19 -> 26
19 -> 27
19 -> 28
19 -> 29

20 -> 10
20 -> 16
20 -> 21

21 -> 10
21 -> 16
21 -> 20

22 -> 10
22 -> 17
22 -> 19
22 -> 26

23 -> 10
23 -> 18
23 -> 27

24 -> 10
24 -> 28

25 -> 14

26 -> 17
26 -> 19
26 -> 22

27 -> 18
27 -> 19
27 -> 23

28 -> 19
28 -> 24

29 -> 19

31 -> 32
31 -> 33
31 -> 35
31 -> 34

32 -> 31

33 -> 31

35 -> 36
35 -> 37
35 -> 38
35 -> 39
35 -> 40
35 -> 41

36 -> 35
36 -> 37
36 -> 38
36 -> 39
36 -> 40
36 -> 41
36 -> 42

37 -> 35
37 -> 36
37 -> 44
37 -> 43

38 -> 35
38 -> 36

39 -> 35
39 -> 36

40 -> 35
40 -> 36

41 -> 35
41 -> 36

42 -> 36

}
