graph G {
color = "black"
0 [label = "P1: 0 0 0 
P2: 0 0 0 
P3: 0 0 0 
P4: 0 0 0 
",  style="filled", fillcolor = "#96FF96"];
1 [label = "P1: 1 0 0 
P2: 0 0 0 
P3: 0 0 0 
P4: 0 0 0 
"];
2 [label = "P1: 2 0 0 
P2: 0 0 0 
P3: 0 0 0 
P4: 0 0 0 
"];
3 [label = "P1: 2 0 0 
P2: 0 1 0 
P3: 0 0 0 
P4: 0 0 0 
"];
4 [label = "P1: 2 0 0 
P2: 0 1 0 
P3: 0 1 0 
P4: 0 0 0 
"];
5 [label = "P1: 3 0 0 
P2: 0 1 0 
P3: 0 1 0 
P4: 0 0 0 
"];
6 [label = "P1: 3 0 0 
P2: 0 2 0 
P3: 0 1 0 
P4: 0 0 0 
"];
7 [label = "P1: 3 0 0 
P2: 0 3 0 
P3: 0 1 0 
P4: 0 0 0 
"];
8 [label = "P1: 3 0 0 
P2: 0 4 0 
P3: 0 1 0 
P4: 0 0 0 
"];
9 [label = "P1: 3 0 0 
P2: 0 2 0 
P3: 0 2 0 
P4: 0 0 0 
"];
10 [label = "P1: 3 0 0 
P2: 0 3 0 
P3: 0 3 0 
P4: 0 0 0 
"];
11 [label = "P1: 3 0 0 
P2: 0 3 0 
P3: 0 2 0 
P4: 0 0 0 
"];
12 [label = "P1: 3 0 0 
P2: 0 4 0 
P3: 0 3 0 
P4: 0 0 0 
"];
13 [label = "P1: 3 0 0 
P2: 0 4 0 
P3: 0 2 0 
P4: 0 0 0 
"];
14 [label = "P1: 3 0 0 
P2: 0 4 1 
P3: 0 1 0 
P4: 0 0 0 
"];
15 [label = "P1: 3 0 0 
P2: -1 4 0 
P3: -1 3 0 
P4: 0 0 0 
"];
16 [label = "P1: 2 0 0 
P2: -1 4 0 
P3: -1 3 0 
P4: 0 0 0 
"];
17 [label = "P1: 3 0 0 
P2: -1 4 0 
P3: -1 4 0 
P4: 0 0 0 
"];
18 [label = "P1: 3 0 -1 
P2: -1 4 0 
P3: -1 4 0 
P4: 0 0 0 
",  style="filled", fillcolor = "#FF9696"];
19 [label = "P1: 3 0 0 
P2: -1 4 1 
P3: -1 4 1 
P4: 0 0 0 
"];
20 [label = "P1: 2 0 0 
P2: -1 4 1 
P3: -1 4 1 
P4: 0 0 0 
"];
21 [label = "P1: 3 0 0 
P2: 0 4 1 
P3: 0 4 1 
P4: 0 0 0 
"];
22 [label = "P1: 3 0 -1 
P2: 0 4 0 
P3: 0 4 0 
P4: 0 0 0 
",  style="filled", fillcolor = "#FF9696"];
23 [label = "P1: 3 0 -1 
",  style="filled", fillcolor = "#FF96FF"];
24 [label = "P2: -1 4 0 
P3: -1 4 0 
P4: 0 0 0 
"];
25 [label = "P2: -1 4 0 
",  style="filled", fillcolor = "#FF96FF"];
26 [label = "P3: -1 4 0 
P4: 0 0 0 
"];
27 [label = "P3: -1 4 0 
", style="filled", fillcolor = "#9696FF"];
28 [label = "P4: 0 0 0 
",  style="filled", fillcolor = "#FF96FF"];
edge [style=bold];
0 -- 1 [color=black];
0 -- 2 [color="#1E96FF", penwidth=4.0];

1 -- 2 [color=black];

2 -- 3 [color=black];
2 -- 4 [color="#1E96FF", penwidth=4.0];

3 -- 4 [color=black];

4 -- 5 [color="#1E96FF", penwidth=4.0];

5 -- 6 [color="#1E96FF", penwidth=4.0];
5 -- 7 [color=black];
5 -- 8 [color=black];
5 -- 9 [color=black];
5 -- 10 [color=black];

6 -- 7 [color=black];
6 -- 8 [color=black];
6 -- 9 [color=black];
6 -- 11 [color=black];
6 -- 12 [color="#1E96FF", penwidth=4.0];

7 -- 8 [color=black];
7 -- 11 [color=black];
7 -- 10 [color=black];
7 -- 13 [color=black];

8 -- 14 [color=black];
8 -- 13 [color=black];
8 -- 12 [color=black];

9 -- 11 [color=black];
9 -- 13 [color=black];
9 -- 10 [color=black];

10 -- 12 [color=black];
10 -- 11 [color=black];

11 -- 13 [color=black];
11 -- 12 [color=black];

12 -- 13 [color=black];
12 -- 15 [color="#1E96FF", penwidth=4.0];
12 -- 16 [color=black];



15 -- 16 [color=black];
15 -- 17 [color="#1E96FF", penwidth=4.0];


17 -- 18 [color="#1E96FF", penwidth=4.0];
17 -- 19 [color=black];

18 -- 19 [color=black];
18 -- 24 [color="#1E96FF", penwidth=4.0];
18 -- 23 [color=black];

19 -- 20 [color=black];
19 -- 21 [color=black];

20 -- 21 [color=black];

21 -- 22 [color=black];


24 -- 26 [color="#1E96FF", penwidth=4.0];
24 -- 25 [color=black];

26 -- 28 [color=black];
26 -- 27 [color="#1E96FF", penwidth=4.0];

}
