graph G {
color = "black"
0 [label = "P1: 0 0 0 
P2: 0 0 0 
P3: 0 0 0 
P4: 0 0 0 
P5: 0 0 0 
P6: 0 0 0 
",  style="filled", fillcolor = "#96FF96"];
1 [label = "P1: 1 0 0 
P2: 0 0 0 
P3: 0 0 0 
P4: 0 0 0 
P5: 0 0 0 
P6: 0 0 0 
"];
2 [label = "P1: 1 0 0 
P2: 0 1 0 
P3: 0 0 0 
P4: 0 0 0 
P5: 0 0 0 
P6: 0 0 0 
"];
3 [label = "P1: 1 0 0 
P2: 0 1 0 
P3: 1 0 0 
P4: 0 0 0 
P5: 0 0 0 
P6: 0 0 0 
"];
4 [label = "P1: 1 0 0 
P2: 0 1 0 
P3: 1 0 0 
P4: 0 1 0 
P5: 0 0 0 
P6: 0 0 0 
"];
5 [label = "P1: 1 0 0 
P2: 0 1 0 
P3: 1 0 0 
P4: 0 1 0 
P5: 0 0 1 
P6: 0 0 0 
"];
6 [label = "P1: 2 0 0 
P2: 0 1 0 
P3: 1 0 0 
P4: 0 1 0 
P5: 0 0 1 
P6: 0 0 0 
"];
7 [label = "P1: 2 0 0 
P2: 0 1 0 
P3: 1 0 0 
P4: 0 1 0 
P5: 0 0 2 
P6: 0 0 0 
"];
8 [label = "P1: 2 0 0 
P2: 0 1 0 
P3: 2 0 0 
P4: 0 1 0 
P5: 0 0 2 
P6: 1 0 0 
"];
9 [label = "P1: 1 0 0 
P2: -1 1 0 
P3: 0 0 0 
P4: -1 1 0 
P5: -1 0 2 
P6: 0 0 0 
"];
10 [label = "P1: 2 0 0 
P2: 0 1 0 
P3: 2 0 0 
P4: 0 1 0 
P5: 0 0 2 
P6: 2 0 0 
"];
11 [label = "P1: 2 0 0 
P2: 0 1 0 
P3: 2 0 0 
P4: 0 1 0 
P5: 0 -1 2 
P6: 2 0 0 
"];
12 [label = "P1: 0 0 0 
P2: -2 1 0 
P3: 0 0 0 
P4: -2 1 0 
P5: -2 0 1 
P6: 0 0 0 
"];
13 [label = "P1: 0 0 0 
P2: -1 1 0 
P3: 0 0 0 
P4: -1 1 0 
P5: -2 -1 2 
P6: 0 0 0 
"];
14 [label = "P1: 1 0 0 
P2: -1 1 0 
P3: 0 0 0 
P4: -1 1 0 
P5: -2 -1 2 
P6: 0 0 0 
"];
15 [label = "P1: 1 0 0 
P2: -1 1 0 
P3: 1 0 0 
P4: -1 1 0 
P5: -2 -1 2 
P6: 0 0 0 
"];
16 [label = "P1: 2 0 0 
P2: 0 1 0 
P3: 2 0 0 
P4: 0 1 0 
P5: -1 -1 2 
P6: 2 0 0 
"];
1616 [label = "P1: 2 0 0 
P2: 0 1 0 
P3: 2 0 0 
P4: 0 1 0 
P5: -1 +∞ 2 
P6: 2 0 0 
",  style="filled", fillcolor = "#FF9696"];
17 [label = "P1: 0 0 0 
P2: -2 1 0 
P3: 0 0 0 
P4: -2 1 0 
P5: -4 -1 2 
P6: 0 0 0 
"];
1717 [label = "P1: 0 0 0 
P2: -2 1 0 
P3: 0 0 0 
P4: -2 1 0 
P5: -4 +∞ 2 
P6: 0 0 0 
",  style="filled", fillcolor = "#FF9696"];
18 [label = "P1: 0 0 0 
P2: -2 1 0 
P3: 0 0 0 
P4: -2 1 0 
P5: -2 -1 1 
P6: 0 0 0 
"];
19 [label = "P1: 0 0 0 
P2: -2 1 0 
P3: 0 0 0 
P4: -2 1 0 
P5: -2 -1 0 
P6: 0 0 0 
"];
20 [label = "P1: 0 0 0 
P2: -2 1 0 
P3: 0 0 0 
P4: -2 1 0 
P5: -2 -1 3 
P6: 0 0 0 
"];
2020 [label = "P1: 0 0 0 
P2: -2 1 0 
P3: 0 0 0 
P4: -2 1 0 
P5: -2 +∞ 3 
P6: 0 0 0 
",  style="filled", fillcolor = "#FF9696"];
21 [label = "P1: 1 0 0 
P2: 0 1 0 
P3: 1 0 0 
P4: 0 1 0 
P5: -2 -1 2 
P6: 0 0 0 
"];
2121 [label = "P1: 1 0 0 
P2: 0 1 0 
P3: 1 0 0 
P4: 0 1 0 
P5: -2 -∞ 2 
P6: 0 0 0 
",  style="filled", fillcolor = "#FF9696"];
22 [label = "P1: 0 0 0 
P2: -1 1 0 
P3: 0 0 0 
P4: -1 1 0 
P5: -3 -1 2 
P6: 0 0 0 
"];
2222 [label = "P1: 0 0 0 
P2: -1 1 0 
P3: 0 0 0 
P4: -1 1 0 
P5: -3 +∞ 2 
P6: 0 0 0 
",  style="filled", fillcolor = "#FF9696"];
23 [label = "P1: 2 0 0 
P2: 0 1 0 
P3: 1 0 0 
P4: 0 1 0 
P5: -2 -1 2 
P6: 0 0 0 
"];
2323 [label = "P1: 2 0 0 
P2: 0 1 0 
P3: 1 0 0 
P4: 0 1 0 
P5: -2 -∞ 2 
P6: 0 0 0 
",  style="filled", fillcolor = "#FF9696"];
24 [label = "P1: 1 0 0 
P2: -1 1 0 
P3: 0 0 0 
P4: -1 1 0 
P5: -3 -1 2 
P6: 0 0 0 
"];
2424 [label = "P1: 1 0 0 
P2: -1 1 0 
P3: 0 0 0 
P4: -1 1 0 
P5: -3 +∞ 2 
P6: 0 0 0 
",  style="filled", fillcolor = "#FF9696"];
25 [label = "P1: 1 0 0 
P2: -1 1 0 
P3: 1 0 0 
P4: -1 1 0 
P5: -3 -1 2 
P6: 0 0 0 
"];
2525 [label = "P1: 1 0 0 
P2: -1 1 0 
P3: 1 0 0 
P4: -1 1 0 
P5: -3 +∞ 2 
P6: 0 0 0 
",  style="filled", fillcolor = "#FF9696"];
26 [label = "P1: 1 0 0 
P2: 0 1 0 
P3: 1 0 0 
P4: 0 0 0 
P5: -2 -1 2 
P6: 0 0 0 
"];
27 [label = "P1: 2 0 0 
P2: 0 1 0 
P3: 1 0 0 
P4: 0 0 0 
P5: -2 -1 2 
P6: 0 0 0 
"];
edge [style=bold];
0 -- 1 [color="#1E96FF", penwidth=4.0];

1 -- 2 [color="#1E96FF", penwidth=4.0];

2 -- 3 [color="#1E96FF", penwidth=4.0];

3 -- 4 [color="#1E96FF", penwidth=4.0];

4 -- 5 [color="#1E96FF", penwidth=4.0];

5 -- 6 [color="#1E96FF", penwidth=4.0];

6 -- 7 [color="#1E96FF", penwidth=4.0];

7 -- 8 [color="#1E96FF", penwidth=4.0];
7 -- 9 [color=black];

8 -- 9 [color=black];
8 -- 10 [color="#1E96FF", penwidth=4.0];

9 -- 10 [color=black];

10 -- 11 [color="#1E96FF", penwidth=4.0];
10 -- 12 [color=black];

11 -- 13 [color=black];
11 -- 14 [color=black];
11 -- 15 [color=black];
11 -- 16 [color="#1E96FF", penwidth=4.0];
11 -- 17 [color=black];
11 -- 18 [color=black];
11 -- 19 [color=black];
11 -- 20 [color=black];

12 -- 18 [color=black];

13 -- 14 [color=black];
13 -- 15 [color=black];
13 -- 21 [color=black];
13 -- 22 [color=black];
13 -- 16 [color=black];

14 -- 15 [color=black];
14 -- 21 [color=black];
14 -- 23 [color=black];
14 -- 24 [color=black];
14 -- 16 [color=black];

15 -- 21 [color=black];
15 -- 23 [color=black];
15 -- 25 [color=black];
15 -- 16 [color=black];

16 -- 22 [color=black];
16 -- 24 [color=black];
16 -- 25 [color=black];

16 -- 1616 [color="#1E96FF", penwidth=4.0];

17 -- 1717 [color=black];
18 -- 19 [color=black];
18 -- 20 [color=black];

19 -- 20 [color=black];


20 -- 2020 [color=black];
21 -- 23 [color=black];
21 -- 26 [color=black];

21 -- 2121 [color=black];
22 -- 24 [color=black];
22 -- 25 [color=black];

22 -- 2222 [color=black];
23 -- 27 [color=black];

23 -- 2323 [color=black];
24 -- 25 [color=black];

24 -- 2424 [color=black];

25 -- 2525 [color=black];


}
