digraph G {
color = "black"
0[label = "Index: 0 
P0: 0 0 0 
P1: 0 0 0 
P2: 0 0 0 
P3: 0 0 0 
", color = "green"]
1[label = "Index: 1 
P0: -1 0 0 
P1: 0 0 0 
P2: 0 0 0 
P3: 0 0 0 
"]
2[label = "Index: 2 
P0: -2 0 0 
P1: 0 0 0 
P2: 0 0 0 
P3: 0 0 0 
", color = "orange"]
3[label = "Index: 3 
P0: -2 0 0 
P1: 0 1 0 
P2: 0 0 0 
P3: 0 0 0 
"]
4[label = "Index: 4 
P0: -2 0 0 
P1: 0 1 0 
P2: 0 1 0 
P3: 0 0 0 
", color = "orange"]
5[label = "Index: 5 
P0: -2 1 0 
P1: 0 1 0 
P2: 0 1 0 
P3: 0 0 0 
"]
6[label = "Index: 6 
P0: -3 0 0 
P1: -1 1 0 
P2: -1 1 0 
P3: 0 0 0 
", color = "red"]
7[label = "Index: 7 
P0: -2 1 0 
P1: -1 1 0 
P2: -1 1 0 
P3: 0 0 0 
", color = "purple"]
8[label = "Index: 8 
P0: -3 1 0 
P1: -1 1 0 
P2: -1 1 0 
P3: 0 0 0 
", color = "purple"]
9[label = "Index: 9 
P0: -3 0 0 
P1: -1 2 0 
P2: -1 1 0 
P3: 0 0 0 
"]
10[label = "Index: 10 
P0: -3 0 0 
P1: -1 3 0 
P2: -1 1 0 
P3: 0 0 0 
"]
11[label = "Index: 11 
P0: -3 1 0 
P1: -1 2 0 
P2: -1 1 0 
P3: 0 0 0 
"]
12[label = "Index: 12 
P0: -3 0 0 
P1: -1 2 0 
P2: -1 2 0 
P3: 0 0 0 
"]
13[label = "Index: 13 
P0: -3 0 0 
P1: -1 3 0 
P2: -1 3 0 
P3: 0 0 0 
"]
14[label = "Index: 14 
P0: -3 1 0 
P1: -1 3 0 
P2: -1 1 0 
P3: 0 0 0 
"]
15[label = "Index: 15 
P0: -3 1 0 
P1: -1 4 0 
P2: -1 1 0 
P3: 0 0 0 
"]
16[label = "Index: 16 
P0: -3 1 0 
P1: -1 2 0 
P2: -1 2 0 
P3: 0 0 0 
"]
17[label = "Index: 17 
P0: -3 1 0 
P1: -1 3 0 
P2: -1 3 0 
P3: 0 0 0 
"]
18[label = "Index: 18 
P0: -3 1 0 
P1: -1 4 0 
P2: -1 4 0 
P3: 0 0 0 
"]
19[label = "Index: 19 
P3: 0 0 0 
", color = "blue"]
0 -> 1
0 -> 2

1 -> 0
1 -> 2

2 -> 0
2 -> 1
2 -> 3
2 -> 4
2 -> 5

3 -> 2
3 -> 4
3 -> 5

4 -> 2
4 -> 3
4 -> 5
4 -> 6

5 -> 2
5 -> 3
5 -> 4
5 -> 7
5 -> 8

6 -> 4
6 -> 8
6 -> 9
6 -> 10
6 -> 11
6 -> 12
6 -> 13
6 -> 19[style=bold label=" Remove P0 P1 P2 "];


7 -> 5
7 -> 8

8 -> 5
8 -> 6
8 -> 7
8 -> 11
8 -> 14
8 -> 15
8 -> 16
8 -> 17
8 -> 18

9 -> 6

10 -> 6

11 -> 6
11 -> 8

12 -> 6

13 -> 6

14 -> 8

15 -> 8

16 -> 8

17 -> 8

18 -> 8

}
