digraph G {
color = "black"
0[label = "Index: 0 
P0: 0 0 0 
P1: 0 0 0 
P2: 0 0 0 
P3: 0 0 0 
P4: 0 0 0 
", color = "green"]
1[label = "Index: 1 
P0: 0 0 -1 
P1: 0 0 0 
P2: 0 0 0 
P3: 0 0 0 
P4: 0 0 0 
", color = "orange"]
2[label = "Index: 2 
P0: 0 0 -1 
P1: 1 0 0 
P2: 0 0 0 
P3: 0 0 0 
P4: 0 0 0 
", color = "orange"]
3[label = "Index: 3 
P0: 0 0 -1 
P1: 0 -1 0 
P2: 0 -1 0 
P3: 0 -1 0 
P4: 0 0 0 
"]
4[label = "Index: 4 
P0: 0 0 -1 
P1: 1 0 0 
P2: 0 -1 0 
P3: 0 0 0 
P4: 0 0 0 
", color = "orange"]
5[label = "Index: 5 
P0: 0 0 -1 
P1: 1 0 0 
P2: 0 -1 0 
P3: 0 -1 0 
P4: 0 0 0 
"]
6[label = "Index: 6 
P0: 0 0 -1 
P1: 1 -1 0 
P2: 0 -1 0 
P3: 0 -1 0 
P4: 0 0 0 
"]
7[label = "Index: 7 
P0: 0 0 -1 
P1: 1 -1 0 
P2: 0 -2 0 
P3: 0 -1 0 
P4: 0 0 0 
", color = "orange"]
8[label = "Index: 8 
P0: 0 0 -1 
P1: 1 -1 0 
P2: -1 -2 0 
P3: 0 -1 0 
P4: 0 0 0 
", color = "red"]
9[label = "Index: 9 
P0: 0 0 -1 
P1: 0 -1 0 
P2: -1 -2 0 
P3: 0 -1 0 
P4: 0 0 0 
"]
10[label = "Index: 10 
P0: 0 0 -1 
P1: 1 0 0 
P2: -1 -2 0 
P3: 0 -1 0 
P4: 0 0 0 
"]
11[label = "Index: 11 
P0: 0 0 -1 
P1: 1 -1 0 
P3: 0 -1 0 
P4: 0 0 0 
", color = "red"]
12[label = "Index: 12 
P0: 0 0 -1 
P1: 0 -1 0 
P3: 0 -1 0 
P4: 0 0 0 
"]
13[label = "Index: 13 
P0: 0 0 -1 
P1: 1 0 0 
P3: 0 -1 0 
P4: 0 0 0 
"]
14[label = "Index: 14 
P0: 0 0 -1 
P1: 1 0 0 
P3: 0 0 0 
P4: 0 0 0 
"]
15[label = "Index: 15 
P4: 0 0 0 
", color = "blue"]
0 -> 1

1 -> 0
1 -> 2
1 -> 3

2 -> 1
2 -> 4
2 -> 5
2 -> 6

3 -> 1
3 -> 6

4 -> 2
4 -> 5
4 -> 6
4 -> 7

5 -> 2
5 -> 4
5 -> 6
5 -> 7

6 -> 2
6 -> 3
6 -> 4
6 -> 5
6 -> 7

7 -> 4
7 -> 5
7 -> 6
7 -> 8
7 -> 9

8 -> 7
8 -> 9
8 -> 10
8 -> 11[style=bold label=" Remove P2 "];


9 -> 7
9 -> 8

10 -> 8

11 -> 12
11 -> 13
11 -> 14
11 -> 15[style=bold label=" Remove P0 P1 P3 "];


12 -> 11

13 -> 11

14 -> 11

}
