digraph G {
color = "black"
0[label = "Index: 0 
P0: 0 0 0 
P1: 0 0 0 
P2: 0 0 0 
P3: 0 0 0 
P4: 0 0 0 
P5: 0 0 0 
", style="filled", fillcolor = "green"]
1[label = "Index: 1 
P0: 1 0 0 
P1: 0 0 0 
P2: 0 0 0 
P3: 0 0 0 
P4: 0 0 0 
P5: 0 0 0 
", color = "orange"]
2[label = "Index: 2 
P0: 1 0 0 
P1: 0 0 -1 
P2: 0 0 0 
P3: 0 0 0 
P4: 0 0 0 
P5: 0 0 0 
"]
3[label = "Index: 3 
P0: 1 0 0 
P1: 0 0 -1 
P2: 0 0 -1 
P3: 0 0 0 
P4: 0 0 0 
P5: 0 0 0 
", color = "orange"]
4[label = "Index: 4 
P0: 1 0 0 
P1: 0 1 -1 
P2: 0 1 -1 
P3: 0 0 0 
P4: 0 0 0 
P5: 0 0 0 
", style="filled", fillcolor = "red"]
5[label = "Index: 5 
P0: 1 0 0 
P1: 0 0 -1 
P2: 0 0 -1 
P3: 0 -1 0 
P4: 0 0 0 
P5: 0 0 0 
"]
6[label = "Index: 6 
P0: 1 0 0 
P1: 0 0 -1 
P2: 0 0 -1 
P3: 0 -1 0 
P4: 0 -1 0 
P5: 0 0 0 
", color = "purple"]
7[label = "Index: 7 
P0: 1 -1 0 
P1: 0 0 -1 
P2: 0 0 -1 
P3: 0 -1 0 
P4: 0 -1 0 
P5: 0 0 0 
", color = "purple"]
8[label = "Index: 8 
P1: 0 1 -1 
", color = "fuchsia"]
9[label = "Index: 9 
P0: 1 0 0 
P2: 0 1 -1 
P3: 0 0 0 
P4: 0 0 0 
P5: 0 0 0 
", color = "red"]
10[label = "Index: 10 
P0: 0 0 0 
P2: 0 1 -1 
P3: 0 0 0 
P4: 0 0 0 
P5: 0 0 0 
"]
11[label = "Index: 11 
P2: 0 1 -1 
", color = "fuchsia"]
12[label = "Index: 12 
P0: 1 0 0 
P3: 0 0 0 
P4: 0 0 0 
P5: 0 0 0 
", color = "red"]
13[label = "Index: 13 
P0: 0 0 0 
P3: 0 0 0 
P4: 0 0 0 
P5: 0 0 0 
"]
14[label = "Index: 14 
P3: 0 0 0 
", color = "fuchsia"]
15[label = "Index: 15 
P0: 1 0 0 
P4: 0 0 0 
P5: 0 0 0 
", color = "red"]
16[label = "Index: 16 
P0: 0 0 0 
P4: 0 0 0 
P5: 0 0 0 
"]
17[label = "Index: 17 
P4: 0 0 0 
", color = "fuchsia"]
18[label = "Index: 18 
P0: 1 0 0 
P5: 0 0 0 
", color = "red"]
19[label = "Index: 19 
P0: 1 0 0 
", style="filled", fillcolor = "blue"]
20[label = "Index: 20 
P5: 0 0 0 
", color = "fuchsia"]
0 -> 1

1 -> 0
1 -> 2
1 -> 3

2 -> 1
2 -> 3

3 -> 1
3 -> 2
3 -> 4
3 -> 5
3 -> 6
3 -> 7

4 -> 3
4 -> 5
4 -> 9
4 -> 8

5 -> 3
5 -> 4
5 -> 6
5 -> 7

6 -> 3
6 -> 5

7 -> 3
7 -> 5

9 -> 10
9 -> 12
9 -> 11

10 -> 9

12 -> 13
12 -> 15
12 -> 14

13 -> 12

15 -> 16
15 -> 18
15 -> 17

16 -> 15

18 -> 20
18 -> 19

}
