digraph G {
color = "black"
0[label = "Index: 0 
P0: 0 0 0 
P1: 0 0 0 
P2: 0 0 0 
P3: 0 0 0 
", style="filled", fillcolor = "green"]
1[label = "Index: 1 
P0: 0 0 -1 
P1: 0 0 0 
P2: 0 0 0 
P3: 0 0 0 
", color = "orange"]
2[label = "Index: 2 
P0: 0 0 -1 
P1: 1 0 0 
P2: 0 0 0 
P3: 0 0 0 
", color = "orange"]
3[label = "Index: 3 
P0: 0 0 -1 
P1: 1 0 0 
P2: 0 0 1 
P3: 0 0 0 
", style="filled", fillcolor = "red"]
4[label = "Index: 4 
P0: 1 0 -1 
P1: 1 0 0 
P2: 0 0 1 
P3: 0 0 0 
"]
5[label = "Index: 5 
P2: 0 0 1 
P3: 0 0 0 
", color = "blue"]
6[label = "Index: 6 
P2: 0 0 1 
", color = "fuchsia"]
7[label = "Index: 7 
P3: 0 0 0 
", color = "fuchsia"]
8[label = "Index: 8 
P0: 0 0 -1 
P1: 1 0 0 
", color = "orange"]
9[label = "Index: 9 
P0: 1 0 -1 
P1: 1 0 0 
", color = "red"]
10[label = "Index: 10 
P0: 0 0 -2 
P1: 1 0 0 
"]
11[label = "Index: 11 
P1: 1 0 0 
", style="filled", fillcolor = "blue"]
12[label = "Index: 12 
P0: 1 0 -1 
", color = "fuchsia"]
0 -> 1

1 -> 0
1 -> 2

2 -> 1
2 -> 3

3 -> 2
3 -> 4
3 -> 5
3 -> 8

4 -> 3

5 -> 7
5 -> 6

8 -> 9
8 -> 10

9 -> 8
9 -> 11
9 -> 12

10 -> 8

}
