digraph G {
color = "black"
0[label = "Index: 0 
P0: 0 0 0 
P1: 0 0 0 
P2: 0 0 0 
", style="filled", fillcolor = "green"]
1[label = "Index: 1 
P0: 0 0 1 
P1: 0 0 0 
P2: 0 0 0 
", color = "orange"]
2[label = "Index: 2 
P0: 0 0 1 
P1: -1 0 0 
P2: 0 0 0 
", color = "orange"]
3[label = "Index: 3 
P0: 0 0 2 
P1: -1 0 0 
P2: 0 0 0 
", color = "orange"]
4[label = "Index: 4 
P0: 0 0 2 
P1: -2 0 0 
P2: 0 0 0 
", color = "orange"]
5[label = "Index: 5 
P0: -1 0 2 
P1: -2 0 0 
P2: 0 0 0 
"]
6[label = "Index: 6 
P0: -1 0 2 
P1: -3 0 0 
P2: 0 0 0 
", color = "orange"]
7[label = "Index: 7 
P0: -1 0 2 
P1: -3 0 -1 
P2: 0 0 0 
", color = "orange"]
8[label = "Index: 8 
P0: 0 0 2 
P1: -3 0 -1 
P2: 0 0 0 
", color = "orange"]
9[label = "Index: 9 
P0: 0 0 2 
P1: -3 1 -1 
P2: 0 0 0 
", color = "orange"]
10[label = "Index: 10 
P0: -1 0 2 
P1: -4 1 -1 
P2: 0 0 0 
", style="filled", fillcolor = "red"]
11[label = "Index: 11 
P0: -1 -1 2 
P1: -4 1 -1 
P2: 0 0 0 
"]
12[label = "Index: 12 
P1: -4 1 -1 
", color = "fuchsia"]
13[label = "Index: 13 
P0: -1 0 2 
P2: 0 0 0 
", color = "orange"]
14[label = "Index: 14 
P0: 0 0 2 
P2: 0 0 0 
"]
15[label = "Index: 15 
P0: -1 -1 2 
P2: 0 0 0 
", color = "red"]
16[label = "Index: 16 
P0: 0 0 1 
P2: 0 0 0 
"]
17[label = "Index: 17 
P0: 0 0 0 
P2: 0 0 0 
"]
18[label = "Index: 18 
P0: -1 -1 2 
", style="filled", fillcolor = "blue"]
19[label = "Index: 19 
P2: 0 0 0 
", color = "fuchsia"]
0 -> 1

1 -> 0
1 -> 2

2 -> 1
2 -> 3

3 -> 2
3 -> 4
3 -> 5

4 -> 3
4 -> 5
4 -> 6

5 -> 3
5 -> 4
5 -> 6

6 -> 4
6 -> 5
6 -> 7

7 -> 6
7 -> 8

8 -> 7
8 -> 9

9 -> 8
9 -> 10

10 -> 9
10 -> 11
10 -> 13
10 -> 12

11 -> 10

13 -> 14
13 -> 15

14 -> 13
14 -> 16
14 -> 17

15 -> 13
15 -> 19
15 -> 18

16 -> 14

17 -> 14

}
