graph G {
color = "black"
0 [label = "P1: 0 0 0 
P2: 0 0 0 
P3: 0 0 0 
P4: 0 0 0 
",  style="filled", fillcolor = "#96FF96"];
1 [label = "P1: 0 0 -1 
P2: 0 0 0 
P3: 0 0 0 
P4: 0 0 0 
"];
2 [label = "P1: 0 0 -1 
P2: -1 0 0 
P3: 0 0 0 
P4: 0 0 0 
"];
3 [label = "P1: 0 0 -1 
P2: -1 0 0 
P3: 0 0 -1 
P4: 0 0 0 
"];
4 [label = "P1: 0 0 -2 
P2: -1 0 0 
P3: 0 0 -1 
P4: 0 0 0 
",  style="filled", fillcolor = "#FF9696"];
5 [label = "P1: 0 0 -3 
P2: -1 0 0 
P3: 0 0 -2 
P4: 0 0 0 
",  style="filled", fillcolor = "#FF9696"];
6 [label = "P1: 0 0 -2 
P2: -1 0 0 
P3: 0 0 -2 
P4: 0 0 0 
",  style="filled", fillcolor = "#FF9696"];
7 [label = "P1: 0 -1 -2 
P2: -1 0 0 
P3: 0 0 -1 
P4: 0 0 0 
"];
8 [label = "P1: 0 -1 -3 
P2: -1 0 0 
P3: 0 0 -2 
P4: 0 0 0 
"];
9 [label = "P2: -1 0 0 
",  style="filled", fillcolor = "#FF96FF"];
10 [label = "P1: 0 0 -2 
P3: 0 0 -1 
P4: 0 0 0 
"];
11 [label = "P1: 0 -1 -2 
P3: 0 0 -1 
P4: 0 0 0 
"];
12 [label = "P1: 0 0 -1 
P3: 0 0 -1 
P4: 0 0 0 
"];
13 [label = "P1: 0 0 -2 
P3: 0 0 -2 
P4: 0 0 0 
"];
14 [label = "P4: 0 0 0 
",  style="filled", fillcolor = "#FF96FF"];
15 [label = "P1: 0 0 -2 
P3: 0 0 -1 
"];
16 [label = "P1: 0 -1 -2 
P3: 0 0 -1 
"];
17 [label = "P1: 0 0 -1 
P3: 0 0 -1 
"];
18 [label = "P3: 0 0 -1 
", style="filled", fillcolor = "#9696FF"];
19 [label = "P1: 0 -1 -2 
",  style="filled", fillcolor = "#FF96FF"];
edge [style=bold];
0 -- 1 [color="#1E96FF", penwidth=4.0];

1 -- 2 [color="#1E96FF", penwidth=4.0];

2 -- 3 [color=black];
2 -- 4 [color="#1E96FF", penwidth=4.0];
2 -- 5 [color=black];

3 -- 4 [color=black];
3 -- 6 [color=black];

4 -- 7 [color=black];
4 -- 10 [color="#1E96FF", penwidth=4.0];
4 -- 9 [color=black];

5 -- 8 [color=black];
5 -- 6 [color=black];




10 -- 11 [color=black];
10 -- 12 [color=black];
10 -- 13 [color=black];
10 -- 14 [color=black];
10 -- 15 [color="#1E96FF", penwidth=4.0];




15 -- 16 [color="#1E96FF", penwidth=4.0];
15 -- 17 [color=black];

16 -- 18 [color="#1E96FF", penwidth=4.0];
16 -- 19 [color=black];


}
