graph G {
color = "black"
0 [label = "P1: 0 0 0 
P2: 0 0 0 
P3: 0 0 0 
P4: 0 0 0 
",  style="filled", fillcolor = "#96FF96"];
1 [label = "P1: -1 0 0 
P2: 0 0 0 
P3: 0 0 0 
P4: 0 0 0 
"];
2 [label = "P1: -1 0 0 
P2: 0 0 -1 
P3: 0 0 0 
P4: 0 0 0 
"];
3 [label = "P1: -1 0 0 
P2: 0 0 -2 
P3: 0 0 0 
P4: 0 0 0 
"];
4 [label = "P1: -1 0 0 
P2: 0 0 -2 
P3: -1 0 0 
P4: 0 0 0 
"];
5 [label = "P1: -1 0 -1 
P2: 0 0 -3 
P3: -1 0 -1 
P4: 0 0 0 
"];
6 [label = "P1: -2 0 -1 
P2: 0 0 -3 
P3: -1 0 -1 
P4: 0 0 0 
"];
7 [label = "P1: -2 0 -1 
P2: 0 0 -3 
P3: -2 0 -1 
P4: 0 0 0 
"];
8 [label = "P1: -2 0 -1 
P2: 0 0 -2 
P3: -2 0 -1 
P4: 0 0 0 
",  style="filled", fillcolor = "#FF9696"];
9 [label = "P1: -2 0 -1 
P2: 0 0 -1 
P3: -2 0 -1 
P4: 0 0 0 
",  style="filled", fillcolor = "#FF9696"];
10 [label = "P1: -2 1 -1 
P2: 0 0 -3 
P3: -2 1 -1 
P4: 0 0 0 
",  style="filled", fillcolor = "#FF9696"];
11 [label = "P1: -2 0 -2 
P2: 0 0 -3 
P3: -2 0 -2 
P4: 0 0 0 
",  style="filled", fillcolor = "#FF9696"];
12 [label = "P1: -2 0 -3 
P2: 0 0 -3 
P3: -2 0 -3 
P4: 0 0 0 
",  style="filled", fillcolor = "#FF9696"];
13 [label = "P1: -2 0 -2 
P2: 0 0 -4 
P3: -2 0 -2 
P4: 0 0 0 
"];
14 [label = "P1: -2 0 -3 
P2: 0 0 -5 
P3: -2 0 -3 
P4: 0 0 0 
"];
15 [label = "P1: -2 0 -2 
P2: -1 0 -4 
P3: -2 0 -2 
P4: 0 0 0 
"];
16 [label = "P1: -2 0 -2 
P2: 0 0 -2 
P3: -2 0 -2 
P4: 0 0 0 
",  style="filled", fillcolor = "#FF9696"];
17 [label = "P1: -3 0 -2 
P2: -1 0 -4 
P3: -2 0 -2 
P4: 0 0 0 
"];
18 [label = "P1: -2 1 -2 
P2: 0 0 -4 
P3: -2 1 -2 
P4: 0 0 0 
",  style="filled", fillcolor = "#FF9696"];
19 [label = "P1: -2 0 -3 
P2: 0 0 -4 
P3: -2 0 -3 
P4: 0 0 0 
",  style="filled", fillcolor = "#FF9696"];
20 [label = "P1: -3 0 -2 
P2: -1 0 -4 
P3: -3 0 -2 
P4: 0 0 0 
",  style="filled", fillcolor = "#FF9696"];
21 [label = "P1: -2 0 -3 
P2: -1 0 -5 
P3: -2 0 -3 
P4: 0 0 0 
"];
22 [label = "P1: -2 0 -3 
P2: 0 -1 -5 
P3: -2 0 -3 
P4: 0 0 0 
",  style="filled", fillcolor = "#FF9696"];
23 [label = "P1: -3 0 -3 
P2: -1 0 -5 
P3: -2 0 -3 
P4: 0 0 0 
"];
24 [label = "P1: -2 1 -3 
P2: 0 0 -5 
P3: -2 1 -3 
P4: 0 0 0 
",  style="filled", fillcolor = "#FF9696"];
25 [label = "P1: -3 0 -3 
P2: -1 0 -5 
P3: -3 0 -3 
P4: 0 0 0 
",  style="filled", fillcolor = "#FF9696"];
26 [label = "P1: -2 1 -3 
P2: 0 1 -5 
P3: -2 1 -3 
P4: 0 0 0 
",  style="filled", fillcolor = "#FF9696"];
27 [label = "P1: -3 0 -2 
P2: -1 -1 -4 
P3: -2 0 -2 
P4: 0 0 0 
",  style="filled", fillcolor = "#FF9696"];
28 [label = "P1: -3 1 -2 
P2: -1 0 -4 
P3: -2 1 -2 
P4: 0 0 0 
",  style="filled", fillcolor = "#FF9696"];
29 [label = "P1: -3 0 -2 
P2: -1 -1 -4 
P3: -3 0 -2 
P4: 0 0 0 
"];
30 [label = "P1: -3 1 -2 
P2: -1 0 -4 
P3: -3 1 -2 
P4: 0 0 0 
"];
31 [label = "P1: -3 0 -3 
P2: -1 0 -4 
P3: -3 0 -3 
P4: 0 0 0 
"];
32 [label = "P1: -3 0 -4 
P2: -1 0 -4 
P3: -3 0 -4 
P4: 0 0 0 
"];
33 [label = "P1: -3 0 -3 
P2: -1 -1 -5 
P3: -2 0 -3 
P4: 0 0 0 
",  style="filled", fillcolor = "#FF9696"];
34 [label = "P1: -3 1 -3 
P2: -1 0 -5 
P3: -2 1 -3 
P4: 0 0 0 
",  style="filled", fillcolor = "#FF9696"];
35 [label = "P1: -3 0 -3 
P2: -1 -1 -5 
P3: -3 0 -3 
P4: 0 0 0 
"];
36 [label = "P1: -3 1 -3 
P2: -1 0 -5 
P3: -3 1 -3 
P4: 0 0 0 
"];
37 [label = "P1: -3 0 -4 
P2: -1 0 -5 
P3: -3 0 -4 
P4: 0 0 0 
"];
38 [label = "P1: -3 0 -5 
P2: -1 0 -5 
P3: -3 0 -5 
P4: 0 0 0 
"];
39 [label = "P1: -2 1 -4 
P2: 0 1 -5 
P3: -2 1 -4 
P4: 0 0 0 
"];
40 [label = "P1: -2 1 -5 
P2: 0 1 -5 
P3: -2 1 -5 
P4: 0 0 0 
"];
edge [style=bold];
0 -- 1 [color="#1E96FF", penwidth=4.0];

1 -- 2 [color=black];
1 -- 3 [color="#1E96FF", penwidth=4.0];

2 -- 3 [color=black];

3 -- 4 [color="#1E96FF", penwidth=4.0];

4 -- 5 [color="#1E96FF", penwidth=4.0];

5 -- 6 [color=black];
5 -- 7 [color="#1E96FF", penwidth=4.0];

6 -- 7 [color=black];

7 -- 8 [color="#1E96FF", penwidth=4.0];
7 -- 9 [color=black];
7 -- 10 [color=black];
7 -- 11 [color=black];
7 -- 12 [color=black];
7 -- 13 [color=black];
7 -- 14 [color=black];




11 -- 13 [color=black];

12 -- 14 [color=black];

13 -- 15 [color=black];
13 -- 16 [color=black];
13 -- 17 [color=black];
13 -- 18 [color=black];
13 -- 19 [color=black];
13 -- 20 [color=black];
13 -- 14 [color=black];

14 -- 21 [color=black];
14 -- 22 [color=black];
14 -- 19 [color=black];
14 -- 23 [color=black];
14 -- 24 [color=black];
14 -- 25 [color=black];
14 -- 26 [color=black];

15 -- 17 [color=black];
15 -- 20 [color=black];
15 -- 21 [color=black];


17 -- 27 [color=black];
17 -- 20 [color=black];
17 -- 28 [color=black];
17 -- 23 [color=black];



20 -- 29 [color=black];
20 -- 30 [color=black];
20 -- 31 [color=black];
20 -- 32 [color=black];

21 -- 23 [color=black];
21 -- 25 [color=black];


23 -- 33 [color=black];
23 -- 25 [color=black];
23 -- 34 [color=black];

24 -- 26 [color=black];

25 -- 35 [color=black];
25 -- 31 [color=black];
25 -- 36 [color=black];
25 -- 37 [color=black];
25 -- 38 [color=black];

26 -- 39 [color=black];
26 -- 40 [color=black];















}
