digraph G {
color = "black"
0[label = "Index: 0 
P0: 0 0 0 
P1: 0 0 0 
P2: 0 0 0 
", color = "green"]
1[label = "Index: 1 
P0: 0 1 0 
P1: 0 0 0 
P2: 0 0 0 
", color = "orange"]
2[label = "Index: 2 
P0: 0 1 0 
P1: 0 0 1 
P2: 0 0 0 
", color = "orange"]
3[label = "Index: 3 
P0: 0 1 0 
P1: 0 -1 1 
P2: 0 0 0 
", color = "red"]
4[label = "Index: 4 
P0: 0 0 0 
P1: 0 -1 1 
P2: 0 0 0 
", color = "purple"]
5[label = "Index: 5 
P0: 1 1 0 
P1: 0 -1 1 
P2: 0 0 0 
"]
6[label = "Index: 6 
P0: 2 1 0 
P1: 0 -1 1 
P2: 0 0 0 
"]
7[label = "Index: 7 
P0: 0 1 0 
P2: 0 0 0 
", color = "green"]
8[label = "Index: 8 
P0: 1 1 0 
P2: 0 0 0 
", color = "red"]
9[label = "Index: 9 
P0: 2 1 0 
P2: 0 0 0 
"]
10[label = "Index: 10 
P0: 0 0 0 
P2: 0 0 0 
"]
11[label = "Index: 11 
P2: 0 0 0 
", color = "blue"]
0 -> 1

1 -> 0
1 -> 2

2 -> 1
2 -> 3
2 -> 4

3 -> 2
3 -> 5
3 -> 6
3 -> 4
3 -> 7

4 -> 2
4 -> 3

5 -> 3

6 -> 3

7 -> 8
7 -> 9
7 -> 10

8 -> 7
8 -> 11[style=bold label=" Remove P0 "];


9 -> 7

10 -> 7

}
