digraph G {
color = "black"
0[label = "Index: 0 
P0: 0 0 0 
P1: 0 0 0 
P2: 0 0 0 
P3: 0 0 0 
", style="filled", fillcolor = "green"]
1[label = "Index: 1 
P0: -1 0 0 
P1: 0 0 0 
P2: 0 0 0 
P3: 0 0 0 
"]
2[label = "Index: 2 
P0: -2 0 0 
P1: 0 0 0 
P2: 0 0 0 
P3: 0 0 0 
", color = "orange"]
3[label = "Index: 3 
P0: -2 0 1 
P1: 0 0 0 
P2: 0 0 0 
P3: 0 0 0 
"]
4[label = "Index: 4 
P0: -2 0 1 
P1: 0 0 1 
P2: 0 0 0 
P3: 0 0 0 
"]
5[label = "Index: 5 
P0: -2 0 1 
P1: 0 0 1 
P2: 0 0 1 
P3: 0 0 0 
", color = "orange"]
6[label = "Index: 6 
P0: -2 0 1 
P1: 1 0 1 
P2: 1 0 1 
P3: 0 0 0 
", color = "orange"]
7[label = "Index: 7 
P0: -2 0 0 
P1: 1 0 1 
P2: 1 0 1 
P3: 0 0 0 
"]
8[label = "Index: 8 
P0: -2 0 -1 
P1: 1 0 1 
P2: 1 0 1 
P3: 0 0 0 
", color = "orange"]
9[label = "Index: 9 
P0: -2 0 1 
P1: 1 0 2 
P2: 1 0 1 
P3: 0 0 0 
"]
10[label = "Index: 10 
P0: -2 0 1 
P1: 1 0 3 
P2: 1 0 1 
P3: 0 0 0 
"]
11[label = "Index: 11 
P0: -2 0 1 
P1: 1 0 2 
P2: 1 0 2 
P3: 0 0 0 
"]
12[label = "Index: 12 
P0: -2 0 1 
P1: 1 0 3 
P2: 1 0 3 
P3: 0 0 0 
"]
13[label = "Index: 13 
P0: -2 0 0 
P1: 1 0 2 
P2: 1 0 1 
P3: 0 0 0 
"]
14[label = "Index: 14 
P0: -2 0 0 
P1: 1 0 2 
P2: 1 0 2 
P3: 0 0 0 
"]
15[label = "Index: 15 
P0: -2 0 -1 
P1: 0 0 1 
P2: 0 0 1 
P3: 0 0 0 
", color = "orange"]
16[label = "Index: 16 
P0: -2 0 1 
P1: 1 0 3 
P2: 1 0 2 
P3: 0 0 0 
"]
17[label = "Index: 17 
P0: -2 0 1 
P1: 0 0 3 
P2: 0 0 1 
P3: 0 0 0 
"]
18[label = "Index: 18 
P0: -2 0 1 
P1: 0 0 3 
P2: 0 0 3 
P3: 0 0 0 
"]
19[label = "Index: 19 
P0: -1 0 0 
P1: 1 0 2 
P2: 1 0 1 
P3: 0 0 0 
"]
20[label = "Index: 20 
P0: -2 0 0 
P1: 0 0 2 
P2: 0 0 1 
P3: 0 0 0 
"]
21[label = "Index: 21 
P0: -1 0 0 
P1: 1 0 2 
P2: 1 0 2 
P3: 0 0 0 
"]
22[label = "Index: 22 
P0: -2 0 0 
P1: 0 0 2 
P2: 0 0 2 
P3: 0 0 0 
"]
23[label = "Index: 23 
P0: -2 0 -1 
P1: 0 0 1 
P2: 0 0 0 
P3: 0 0 0 
"]
24[label = "Index: 24 
P0: -2 0 -2 
P1: 0 0 0 
P2: 0 0 0 
P3: 0 0 0 
", color = "orange"]
25[label = "Index: 25 
P0: -2 0 1 
P1: 0 0 3 
P2: 0 0 2 
P3: 0 0 0 
"]
26[label = "Index: 26 
P0: -2 0 1 
P1: 0 0 3 
P2: 0 0 0 
P3: 0 0 0 
"]
27[label = "Index: 27 
P0: -2 0 0 
P1: 0 0 2 
P2: 0 0 0 
P3: 0 0 0 
"]
28[label = "Index: 28 
P0: -2 1 -2 
P1: 0 0 0 
P2: 0 0 0 
P3: 0 0 0 
", style="filled", fillcolor = "red"]
29[label = "Index: 29 
P0: -2 1 -2 
", color = "fuchsia"]
30[label = "Index: 30 
P1: 0 0 0 
P2: 0 0 0 
P3: 0 0 0 
", color = "red"]
31[label = "Index: 31 
P1: 0 0 0 
", color = "fuchsia"]
32[label = "Index: 32 
P2: 0 0 0 
P3: 0 0 0 
", color = "red"]
33[label = "Index: 33 
P2: 0 0 0 
", style="filled", fillcolor = "blue"]
34[label = "Index: 34 
P3: 0 0 0 
", color = "fuchsia"]
0 -> 1
0 -> 2

1 -> 0
1 -> 2

2 -> 0
2 -> 1
2 -> 3
2 -> 4
2 -> 5

3 -> 2
3 -> 4
3 -> 5

4 -> 2
4 -> 3
4 -> 5

5 -> 2
5 -> 3
5 -> 4
5 -> 6

6 -> 5
6 -> 7
6 -> 8
6 -> 9
6 -> 10
6 -> 11
6 -> 12

7 -> 6
7 -> 8
7 -> 13
7 -> 9
7 -> 14
7 -> 11

8 -> 6
8 -> 7
8 -> 13
8 -> 10
8 -> 15
8 -> 14
8 -> 12

9 -> 6
9 -> 7
9 -> 13
9 -> 10
9 -> 11
9 -> 16

10 -> 6
10 -> 8
10 -> 9
10 -> 13
10 -> 16
10 -> 12
10 -> 17

11 -> 6
11 -> 7
11 -> 9
11 -> 14
11 -> 16
11 -> 12

12 -> 6
12 -> 8
12 -> 10
12 -> 11
12 -> 16
12 -> 18
12 -> 14

13 -> 7
13 -> 8
13 -> 9
13 -> 10
13 -> 19
13 -> 14
13 -> 20
13 -> 16

14 -> 7
14 -> 8
14 -> 11
14 -> 12
14 -> 13
14 -> 21
14 -> 16
14 -> 22

15 -> 8
15 -> 20
15 -> 17
15 -> 23
15 -> 24
15 -> 22
15 -> 18

16 -> 9
16 -> 10
16 -> 11
16 -> 12
16 -> 13
16 -> 14
16 -> 25

17 -> 10
17 -> 15
17 -> 20
17 -> 26
17 -> 25
17 -> 18
17 -> 27

18 -> 12
18 -> 15
18 -> 17
18 -> 25
18 -> 26
18 -> 22
18 -> 24

19 -> 13
19 -> 21
19 -> 20

20 -> 13
20 -> 15
20 -> 17
20 -> 19
20 -> 27
20 -> 22
20 -> 23
20 -> 25

21 -> 14
21 -> 19
21 -> 22

22 -> 14
22 -> 15
22 -> 18
22 -> 20
22 -> 21
22 -> 25
22 -> 27
22 -> 24

23 -> 15
23 -> 20
23 -> 24
23 -> 27
23 -> 26
23 -> 25

24 -> 15
24 -> 18
24 -> 22
24 -> 23
24 -> 28
24 -> 27
24 -> 26

25 -> 16
25 -> 17
25 -> 18
25 -> 20
25 -> 22
25 -> 23
25 -> 26

26 -> 17
26 -> 18
26 -> 23
26 -> 24
26 -> 25
26 -> 27

27 -> 17
27 -> 20
27 -> 22
27 -> 23
27 -> 24
27 -> 26

28 -> 24
28 -> 30
28 -> 29

30 -> 32
30 -> 31

32 -> 34
32 -> 33

}
