digraph G {
color = "black"
0[label = "Index: 0 
P0: 0 0 0 
P1: 0 0 0 
P2: 0 0 0 
P3: 0 0 0 
P4: 0 0 0 
", style="filled", fillcolor = "green"]
1[label = "Index: 1 
P0: -1 0 0 
P1: 0 0 0 
P2: 0 0 0 
P3: 0 0 0 
P4: 0 0 0 
", color = "orange"]
2[label = "Index: 2 
P0: -1 0 0 
P1: 0 0 1 
P2: 0 0 0 
P3: 0 0 0 
P4: 0 0 0 
", color = "orange"]
3[label = "Index: 3 
P0: -1 0 0 
P1: 0 0 1 
P2: 0 1 0 
P3: 0 0 0 
P4: 0 0 0 
", color = "orange"]
4[label = "Index: 4 
P0: -1 0 0 
P1: 0 0 1 
P2: 0 1 0 
P3: 0 0 -1 
P4: 0 0 0 
", color = "orange"]
5[label = "Index: 5 
P0: -2 0 0 
P1: 0 0 1 
P2: 0 1 0 
P3: 0 0 -1 
P4: 0 0 0 
", color = "orange"]
6[label = "Index: 6 
P0: -2 0 0 
P1: 0 0 1 
P2: 0 2 0 
P3: 0 0 -1 
P4: 0 0 0 
", color = "orange"]
7[label = "Index: 7 
P0: -2 0 0 
P1: 0 0 1 
P2: 0 2 -1 
P3: 0 0 -1 
P4: 0 0 0 
"]
8[label = "Index: 8 
P0: -2 0 0 
P1: 0 0 0 
P2: 0 2 -1 
P3: 0 0 -1 
P4: 0 0 0 
", style="filled", fillcolor = "red"]
9[label = "Index: 9 
P0: -1 0 0 
P1: 0 0 1 
P2: 0 2 -1 
P3: 0 0 -1 
P4: 0 0 0 
"]
10[label = "Index: 10 
P0: -2 0 0 
P1: 0 0 1 
P2: 0 3 -1 
P3: 0 0 -1 
P4: 0 0 0 
", color = "purple"]
11[label = "Index: 11 
P0: -1 0 0 
P1: 0 0 0 
P2: 0 2 -1 
P3: 0 0 -1 
P4: 0 0 0 
", color = "purple"]
12[label = "Index: 12 
P0: -1 0 0 
P1: 0 0 1 
P2: 0 3 -1 
P3: 0 0 -1 
P4: 0 0 0 
", color = "purple"]
13[label = "Index: 13 
P0: -2 0 0 
", color = "fuchsia"]
14[label = "Index: 14 
P1: 0 0 0 
P2: 0 2 -1 
P3: 0 0 -1 
P4: 0 0 0 
", color = "orange"]
15[label = "Index: 15 
P1: 0 0 1 
P2: 0 2 -1 
P3: 0 0 -1 
P4: 0 0 0 
", color = "orange"]
16[label = "Index: 16 
P1: 0 0 2 
P2: 0 2 -1 
P3: 0 0 -1 
P4: 0 0 0 
"]
17[label = "Index: 17 
P1: 0 0 1 
P2: 0 2 0 
P3: 0 0 -1 
P4: 0 0 0 
"]
18[label = "Index: 18 
P1: 0 0 2 
P2: 0 2 1 
P3: 0 0 -1 
P4: 0 0 0 
"]
19[label = "Index: 19 
P1: 0 0 1 
P2: 0 2 0 
P3: 0 0 0 
P4: 0 0 0 
"]
20[label = "Index: 20 
P1: 0 0 1 
P2: 0 3 -1 
P3: 0 0 -1 
P4: 0 0 0 
", color = "red"]
21[label = "Index: 21 
P1: 0 0 2 
P2: 0 2 0 
P3: 0 0 0 
P4: 0 0 0 
"]
22[label = "Index: 22 
P1: 0 0 2 
P2: 0 3 -1 
P3: 0 0 -1 
P4: 0 0 0 
"]
23[label = "Index: 23 
P1: 0 0 2 
P2: 0 2 0 
P3: 0 0 -1 
P4: 0 0 0 
"]
24[label = "Index: 24 
P1: 0 0 1 
P2: 0 1 0 
P3: 0 0 -1 
P4: 0 0 0 
"]
25[label = "Index: 25 
P1: 0 0 2 
P2: 0 2 1 
P3: 0 0 0 
P4: 0 0 0 
"]
26[label = "Index: 26 
P1: 0 0 2 
P2: -1 2 1 
P3: 0 0 -1 
P4: 0 0 0 
"]
27[label = "Index: 27 
P1: 0 0 2 
P2: 0 1 1 
P3: 0 0 -1 
P4: 0 0 0 
"]
28[label = "Index: 28 
P1: 0 0 2 
P2: 0 2 1 
P3: 1 0 -1 
P4: 0 0 0 
"]
29[label = "Index: 29 
P1: 0 0 2 
P2: 0 2 1 
P3: 2 0 -1 
P4: 0 0 0 
"]
30[label = "Index: 30 
P1: 0 0 1 
P2: 0 1 0 
P3: 0 0 0 
P4: 0 0 0 
"]
31[label = "Index: 31 
P1: 0 0 1 
P2: 0 0 0 
P3: 0 0 0 
P4: 0 0 0 
"]
32[label = "Index: 32 
P2: 0 3 -1 
", color = "fuchsia"]
33[label = "Index: 33 
P1: 0 0 1 
P3: 0 0 -1 
P4: 0 0 0 
", color = "orange"]
34[label = "Index: 34 
P1: 0 0 0 
P3: 0 0 -1 
P4: 0 0 0 
"]
35[label = "Index: 35 
P1: 0 0 -1 
P3: 0 0 -1 
P4: 0 0 0 
"]
36[label = "Index: 36 
P1: 0 0 2 
P3: 0 0 -1 
P4: 0 0 0 
"]
37[label = "Index: 37 
P1: 0 0 1 
P3: 1 0 -1 
P4: 0 0 0 
"]
38[label = "Index: 38 
P1: 0 0 1 
P3: 2 0 -1 
P4: 0 0 0 
", color = "red"]
39[label = "Index: 39 
P1: 0 0 1 
P3: 0 0 0 
P4: 0 0 0 
"]
40[label = "Index: 40 
P1: 0 0 2 
P3: 0 0 0 
P4: 0 0 0 
"]
41[label = "Index: 41 
P1: 0 0 0 
P3: 1 0 -1 
P4: 0 0 0 
"]
42[label = "Index: 42 
P1: 0 0 0 
P3: 0 0 0 
P4: 0 0 0 
"]
43[label = "Index: 43 
P1: 0 0 2 
P3: 1 0 -1 
P4: 0 0 0 
"]
44[label = "Index: 44 
P1: 0 0 2 
P3: 2 0 -1 
P4: 0 0 0 
"]
45[label = "Index: 45 
P1: 0 0 1 
P3: 1 -1 -1 
P4: 0 0 0 
"]
46[label = "Index: 46 
P1: 0 0 1 
P3: 1 0 -2 
P4: 0 0 0 
"]
47[label = "Index: 47 
P1: 0 0 1 
P3: 1 0 -3 
P4: 0 0 0 
"]
48[label = "Index: 48 
P1: 0 0 0 
P3: 1 0 -2 
P4: 0 0 0 
"]
49[label = "Index: 49 
P1: 0 0 -1 
P3: 1 0 -3 
P4: 0 0 0 
"]
50[label = "Index: 50 
P3: 2 0 -1 
", color = "fuchsia"]
51[label = "Index: 51 
P1: 0 0 1 
P4: 0 0 0 
", color = "red"]
52[label = "Index: 52 
P1: 0 0 1 
", style="filled", fillcolor = "blue"]
53[label = "Index: 53 
P4: 0 0 0 
", color = "fuchsia"]
0 -> 1

1 -> 0
1 -> 2

2 -> 1
2 -> 3

3 -> 2
3 -> 4

4 -> 3
4 -> 5

5 -> 4
5 -> 6

6 -> 5
6 -> 7
6 -> 8

7 -> 6
7 -> 9
7 -> 8
7 -> 10

8 -> 6
8 -> 7
8 -> 14
8 -> 13

9 -> 7
9 -> 11
9 -> 12

10 -> 7
10 -> 12

11 -> 9

12 -> 9
12 -> 10

14 -> 15
14 -> 16
14 -> 17
14 -> 18
14 -> 19

15 -> 14
15 -> 16
15 -> 20
15 -> 17
15 -> 19
15 -> 21

16 -> 14
16 -> 15
16 -> 22
16 -> 23
16 -> 18
16 -> 21

17 -> 14
17 -> 15
17 -> 23
17 -> 24
17 -> 18
17 -> 19
17 -> 21
17 -> 25

18 -> 14
18 -> 16
18 -> 17
18 -> 26
18 -> 27
18 -> 23
18 -> 28
18 -> 29
18 -> 25

19 -> 14
19 -> 15
19 -> 17
19 -> 21
19 -> 30
19 -> 31
19 -> 25

20 -> 15
20 -> 22
20 -> 33
20 -> 32

21 -> 15
21 -> 16
21 -> 17
21 -> 19

22 -> 16
22 -> 20

23 -> 16
23 -> 17
23 -> 18

24 -> 17

25 -> 17
25 -> 18
25 -> 19

26 -> 18

27 -> 18

28 -> 18

29 -> 18

30 -> 19

31 -> 19

33 -> 34
33 -> 35
33 -> 36
33 -> 37
33 -> 38
33 -> 39
33 -> 40

34 -> 33
34 -> 35
34 -> 36
34 -> 41
34 -> 42
34 -> 39

35 -> 33
35 -> 34
35 -> 36
35 -> 42

36 -> 33
36 -> 34
36 -> 35
36 -> 43
36 -> 44
36 -> 40

37 -> 33
37 -> 41
37 -> 43
37 -> 38
37 -> 45
37 -> 46
37 -> 47
37 -> 48
37 -> 49

38 -> 33
38 -> 37
38 -> 44
38 -> 51
38 -> 50

39 -> 33
39 -> 34

40 -> 33
40 -> 36

41 -> 34
41 -> 37

42 -> 34
42 -> 35

43 -> 36
43 -> 37

44 -> 36
44 -> 38

45 -> 37

46 -> 37

47 -> 37

48 -> 37

49 -> 37

51 -> 53
51 -> 52

}
