digraph G {
color = "black"
0[label = "Index: 0 
P0: 0 0 0 
P1: 0 0 0 
P2: 0 0 0 
P3: 0 0 0 
P4: 0 0 0 
", style="filled", fillcolor = "green"]
1[label = "Index: 1 
P0: 0 -1 0 
P1: 0 0 0 
P2: 0 0 0 
P3: 0 0 0 
P4: 0 0 0 
"]
2[label = "Index: 2 
P0: 0 -2 0 
P1: 0 0 0 
P2: 0 0 0 
P3: 0 0 0 
P4: 0 0 0 
", color = "orange"]
3[label = "Index: 3 
P0: 0 -3 0 
P1: 0 0 0 
P2: 0 0 0 
P3: 0 0 0 
P4: 0 0 0 
"]
4[label = "Index: 4 
P0: 0 -2 0 
P1: -1 0 0 
P2: 0 0 0 
P3: 0 0 0 
P4: 0 0 0 
"]
5[label = "Index: 5 
P0: 0 -2 0 
P1: -2 0 0 
P2: 0 0 0 
P3: 0 0 0 
P4: 0 0 0 
", color = "orange"]
6[label = "Index: 6 
P0: 0 -2 0 
P1: -3 0 0 
P2: 0 0 0 
P3: 0 0 0 
P4: 0 0 0 
"]
7[label = "Index: 7 
P0: 0 -3 0 
P1: -1 0 0 
P2: 0 0 0 
P3: 0 0 0 
P4: 0 0 0 
"]
8[label = "Index: 8 
P0: 0 -3 0 
P1: -2 0 0 
P2: 0 0 0 
P3: 0 0 0 
P4: 0 0 0 
"]
9[label = "Index: 9 
P0: 0 -3 0 
P1: -3 0 0 
P2: 0 0 0 
P3: 0 0 0 
P4: 0 0 0 
"]
10[label = "Index: 10 
P0: 0 -2 0 
P1: -1 0 0 
P2: 0 1 0 
P3: 0 0 0 
P4: 0 0 0 
"]
11[label = "Index: 11 
P0: 0 -2 0 
P1: -2 0 0 
P2: 0 1 0 
P3: 0 0 0 
P4: 0 0 0 
", color = "orange"]
12[label = "Index: 12 
P0: 0 -2 0 
P1: -2 1 0 
P2: 0 1 0 
P3: 0 0 0 
P4: 0 0 0 
"]
13[label = "Index: 13 
P0: 0 -1 0 
P1: -2 1 0 
P2: 0 1 0 
P3: 0 0 0 
P4: 0 0 0 
"]
14[label = "Index: 14 
P0: 0 -2 0 
P1: -3 0 0 
P2: 0 1 0 
P3: 0 0 0 
P4: 0 0 0 
"]
15[label = "Index: 15 
P0: 0 -2 0 
P1: -3 1 0 
P2: 0 1 0 
P3: 0 0 0 
P4: 0 0 0 
"]
16[label = "Index: 16 
P0: 0 -1 0 
P1: -3 1 0 
P2: 0 1 0 
P3: 0 0 0 
P4: 0 0 0 
"]
17[label = "Index: 17 
P0: 0 -1 0 
P1: -2 1 0 
P2: 0 2 0 
P3: 0 0 0 
P4: 0 0 0 
", color = "orange"]
18[label = "Index: 18 
P0: 0 -1 0 
P1: -3 1 0 
P2: 0 2 0 
P3: 0 0 0 
P4: 0 0 0 
"]
19[label = "Index: 19 
P0: 0 -1 0 
P1: -3 1 0 
P2: 0 2 0 
P3: -1 0 0 
P4: 0 0 0 
", color = "orange"]
20[label = "Index: 20 
P0: -1 -1 0 
P1: -3 1 0 
P2: 0 2 0 
P3: -1 0 0 
P4: 0 0 0 
"]
21[label = "Index: 21 
P0: 0 -1 0 
P1: -3 1 0 
P2: 0 2 -1 
P3: -1 0 0 
P4: 0 0 0 
", style="filled", fillcolor = "red"]
22[label = "Index: 22 
P0: 0 -1 -1 
P1: -3 1 0 
P2: 0 2 -1 
P3: -1 0 0 
P4: 0 0 0 
", color = "purple"]
23[label = "Index: 23 
P0: -1 -1 0 
P1: -3 1 0 
P2: 0 2 -1 
P3: -1 0 0 
P4: 0 0 0 
", color = "purple"]
24[label = "Index: 24 
P0: 0 -1 0 
P1: -2 1 0 
P2: 1 2 -1 
P3: 0 0 0 
P4: 0 0 0 
"]
25[label = "Index: 25 
P0: -1 -1 0 
P1: -4 1 0 
P2: -1 2 -1 
P3: -2 0 0 
P4: 0 0 0 
"]
26[label = "Index: 26 
P4: 0 0 0 
", color = "fuchsia"]
27[label = "Index: 27 
P0: 0 -1 0 
P1: -3 1 0 
P2: 0 2 -1 
P3: -1 0 0 
", color = "red"]
28[label = "Index: 28 
P0: -1 -1 0 
P1: -3 1 0 
P2: 0 2 -1 
P3: -1 0 0 
"]
29[label = "Index: 29 
P0: 0 -1 -1 
P1: -3 1 0 
P2: 0 2 -1 
P3: -1 0 0 
"]
30[label = "Index: 30 
P0: 0 -1 -1 
P1: -3 1 -1 
P2: 0 2 -1 
P3: -1 0 0 
"]
31[label = "Index: 31 
P0: 0 -1 0 
P1: -3 1 0 
P2: 0 2 0 
P3: -1 0 0 
"]
32[label = "Index: 32 
P3: -1 0 0 
", color = "fuchsia"]
33[label = "Index: 33 
P0: 0 -1 0 
P1: -3 1 0 
P2: 0 2 -1 
", color = "orange"]
34[label = "Index: 34 
P0: -1 -1 0 
P1: -3 1 0 
P2: 0 2 -1 
", color = "red"]
35[label = "Index: 35 
P0: -2 -1 0 
P1: -3 1 0 
P2: 0 2 -1 
"]
36[label = "Index: 36 
P0: -3 -1 0 
P1: -3 1 0 
P2: 0 2 -1 
"]
37[label = "Index: 37 
P0: 0 -1 -1 
P1: -3 1 0 
P2: 0 2 -1 
"]
38[label = "Index: 38 
P0: 0 -1 0 
P1: -2 1 0 
P2: 0 2 -1 
"]
39[label = "Index: 39 
P0: 0 -1 0 
P1: -1 1 0 
P2: 0 2 -1 
"]
40[label = "Index: 40 
P0: 0 -1 0 
P1: -3 2 0 
P2: 0 2 -1 
"]
41[label = "Index: 41 
P0: 0 0 0 
P1: -3 2 0 
P2: 0 2 -1 
"]
42[label = "Index: 42 
P0: 0 1 0 
P1: -3 3 0 
P2: 0 2 -1 
"]
43[label = "Index: 43 
P0: 0 -1 -1 
P1: -3 1 -1 
P2: 0 2 -1 
"]
44[label = "Index: 44 
P1: -3 1 0 
P2: 0 2 -1 
", color = "orange"]
45[label = "Index: 45 
P0: -1 -1 0 
", color = "fuchsia"]
46[label = "Index: 46 
P1: -2 1 0 
P2: 0 2 -1 
"]
47[label = "Index: 47 
P1: -1 1 0 
P2: 0 2 -1 
"]
48[label = "Index: 48 
P1: -3 2 0 
P2: 0 2 -1 
", color = "orange"]
49[label = "Index: 49 
P1: -3 3 0 
P2: 0 2 -1 
"]
50[label = "Index: 50 
P1: -3 1 -1 
P2: 0 2 -1 
"]
51[label = "Index: 51 
P1: -2 2 0 
P2: 0 2 -1 
"]
52[label = "Index: 52 
P1: -2 3 0 
P2: 0 2 -1 
"]
53[label = "Index: 53 
P1: -2 1 -1 
P2: 0 2 -1 
"]
54[label = "Index: 54 
P1: -1 2 0 
P2: 0 2 -1 
"]
55[label = "Index: 55 
P1: -1 3 0 
P2: 0 2 -1 
"]
56[label = "Index: 56 
P1: -1 1 -1 
P2: 0 2 -1 
"]
57[label = "Index: 57 
P1: 0 2 0 
P2: 0 2 -1 
"]
58[label = "Index: 58 
P1: 1 2 0 
P2: 0 2 -1 
", color = "red"]
59[label = "Index: 59 
P1: 2 2 0 
P2: 0 2 -1 
"]
60[label = "Index: 60 
P1: -3 2 -1 
P2: 0 2 -1 
"]
61[label = "Index: 61 
P1: 0 3 0 
P2: 0 2 -1 
"]
62[label = "Index: 62 
P1: 1 3 0 
P2: 0 2 -1 
"]
63[label = "Index: 63 
P1: 2 3 0 
P2: 0 2 -1 
"]
64[label = "Index: 64 
P1: -2 2 -1 
P2: 0 2 -1 
"]
65[label = "Index: 65 
P1: -1 2 -1 
P2: 0 2 -1 
"]
66[label = "Index: 66 
P1: 0 2 -1 
P2: 0 2 -1 
"]
67[label = "Index: 67 
P2: 0 2 -1 
", style="filled", fillcolor = "blue"]
68[label = "Index: 68 
P1: 1 2 0 
", color = "fuchsia"]
0 -> 1
0 -> 2
0 -> 3

1 -> 0
1 -> 2
1 -> 3

2 -> 0
2 -> 1
2 -> 3
2 -> 4
2 -> 5
2 -> 6

3 -> 0
3 -> 1
3 -> 2
3 -> 7
3 -> 8
3 -> 9

4 -> 2
4 -> 7
4 -> 5
4 -> 6
4 -> 10

5 -> 2
5 -> 4
5 -> 8
5 -> 6
5 -> 11
5 -> 12
5 -> 13

6 -> 2
6 -> 4
6 -> 5
6 -> 9
6 -> 14
6 -> 15
6 -> 16

7 -> 3
7 -> 4
7 -> 8
7 -> 9
7 -> 10

8 -> 3
8 -> 5
8 -> 7
8 -> 9
8 -> 11
8 -> 12

9 -> 3
9 -> 6
9 -> 7
9 -> 8
9 -> 14
9 -> 15

10 -> 4
10 -> 7
10 -> 11
10 -> 14

11 -> 5
11 -> 8
11 -> 10
11 -> 14
11 -> 12
11 -> 13
11 -> 17

12 -> 5
12 -> 8
12 -> 11
12 -> 13
12 -> 15
12 -> 17

13 -> 5
13 -> 11
13 -> 12
13 -> 16
13 -> 17

14 -> 6
14 -> 9
14 -> 10
14 -> 11
14 -> 15
14 -> 16
14 -> 18

15 -> 6
15 -> 9
15 -> 12
15 -> 14
15 -> 16
15 -> 18

16 -> 6
16 -> 13
16 -> 14
16 -> 15
16 -> 18

17 -> 11
17 -> 12
17 -> 13
17 -> 18
17 -> 19
17 -> 20

18 -> 14
18 -> 15
18 -> 16
18 -> 17
18 -> 19
18 -> 20

19 -> 17
19 -> 18
19 -> 20
19 -> 21
19 -> 22

20 -> 17
20 -> 18
20 -> 19
20 -> 23

21 -> 19
21 -> 23
21 -> 22
21 -> 24
21 -> 26
21 -> 27

22 -> 19
22 -> 21

23 -> 20
23 -> 21
23 -> 25

24 -> 21

25 -> 23

27 -> 28
27 -> 29
27 -> 30
27 -> 31
27 -> 32
27 -> 33

28 -> 27

29 -> 27

30 -> 27

31 -> 27

33 -> 34
33 -> 35
33 -> 36
33 -> 37
33 -> 38
33 -> 39
33 -> 40
33 -> 41
33 -> 42
33 -> 43

34 -> 33
34 -> 44
34 -> 45

35 -> 33

36 -> 33

37 -> 33

38 -> 33

39 -> 33

40 -> 33

41 -> 33

42 -> 33

43 -> 33

44 -> 46
44 -> 47
44 -> 48
44 -> 49
44 -> 50

46 -> 44
46 -> 47
46 -> 51
46 -> 52
46 -> 53

47 -> 44
47 -> 46
47 -> 54
47 -> 55
47 -> 56

48 -> 44
48 -> 51
48 -> 54
48 -> 57
48 -> 58
48 -> 59
48 -> 49
48 -> 60

49 -> 44
49 -> 48
49 -> 52
49 -> 55
49 -> 61
49 -> 62
49 -> 63

50 -> 44
50 -> 53
50 -> 56
50 -> 60

51 -> 46
51 -> 48
51 -> 54
51 -> 57
51 -> 58
51 -> 59
51 -> 52
51 -> 64

52 -> 46
52 -> 49
52 -> 51
52 -> 55
52 -> 61
52 -> 62
52 -> 63

53 -> 46
53 -> 50
53 -> 56
53 -> 64

54 -> 47
54 -> 48
54 -> 51
54 -> 57
54 -> 58
54 -> 59
54 -> 55
54 -> 65

55 -> 47
55 -> 49
55 -> 52
55 -> 54
55 -> 61
55 -> 62
55 -> 63

56 -> 47
56 -> 50
56 -> 53
56 -> 65

57 -> 48
57 -> 51
57 -> 54
57 -> 58
57 -> 59
57 -> 61
57 -> 66

58 -> 48
58 -> 51
58 -> 54
58 -> 57
58 -> 67
58 -> 68

59 -> 48
59 -> 51
59 -> 54
59 -> 57

60 -> 48
60 -> 50

61 -> 49
61 -> 52
61 -> 55
61 -> 57

62 -> 49
62 -> 52
62 -> 55

63 -> 49
63 -> 52
63 -> 55

64 -> 51
64 -> 53

65 -> 54
65 -> 56

66 -> 57

}
