digraph G {
color = "black"
0[label = "Index: 0 
P0: 0 0 0 
P1: 0 0 0 
P2: 0 0 0 
", style="filled", fillcolor = "green"]
1[label = "Index: 1 
P0: 0 0 -1 
P1: 0 0 0 
P2: 0 0 0 
", color = "orange"]
2[label = "Index: 2 
P0: 0 0 -2 
P1: 0 0 0 
P2: 0 0 0 
"]
3[label = "Index: 3 
P0: 0 0 -1 
P1: -1 0 0 
P2: 0 0 0 
"]
4[label = "Index: 4 
P0: 0 0 -1 
P1: -2 0 0 
P2: 0 0 0 
", color = "orange"]
5[label = "Index: 5 
P0: 0 0 -2 
P1: -1 0 0 
P2: 0 0 0 
"]
6[label = "Index: 6 
P0: 0 0 -2 
P1: -2 0 0 
P2: 0 0 0 
"]
7[label = "Index: 7 
P0: -1 0 -2 
P1: -1 0 0 
P2: 0 0 0 
"]
8[label = "Index: 8 
P0: 0 0 -2 
P1: -2 0 -1 
P2: 0 0 0 
", color = "orange"]
9[label = "Index: 9 
P0: -1 0 -2 
P1: -2 0 0 
P2: 0 0 0 
"]
10[label = "Index: 10 
P0: -1 0 -2 
P1: -2 0 -1 
P2: 0 0 0 
", color = "orange"]
11[label = "Index: 11 
P0: -1 0 -3 
P1: -2 0 0 
P2: 0 0 0 
"]
12[label = "Index: 12 
P0: -1 0 -3 
P1: -2 0 -1 
P2: 0 0 0 
"]
13[label = "Index: 13 
P0: -1 0 -4 
P1: -2 0 -1 
P2: 0 0 0 
", style="filled", fillcolor = "red"]
14[label = "Index: 14 
P0: 0 0 -4 
P1: -2 0 -1 
P2: 0 0 0 
"]
15[label = "Index: 15 
P0: 1 0 -4 
P1: -2 0 -1 
P2: 0 0 0 
"]
16[label = "Index: 16 
P0: 2 0 -4 
P1: -2 0 -1 
P2: 0 0 0 
"]
17[label = "Index: 17 
P2: 0 0 0 
", color = "fuchsia"]
18[label = "Index: 18 
P0: -1 0 -4 
P1: -2 0 -1 
", color = "red"]
19[label = "Index: 19 
P1: -2 0 -1 
", style="filled", fillcolor = "blue"]
20[label = "Index: 20 
P0: -1 0 -4 
", color = "fuchsia"]
0 -> 1
0 -> 2

1 -> 0
1 -> 2
1 -> 3
1 -> 4

2 -> 0
2 -> 1
2 -> 5
2 -> 6
2 -> 7

3 -> 1
3 -> 5
3 -> 4

4 -> 1
4 -> 3
4 -> 6
4 -> 8

5 -> 2
5 -> 3
5 -> 7
5 -> 6
5 -> 9

6 -> 2
6 -> 4
6 -> 5
6 -> 9
6 -> 8

7 -> 2
7 -> 5
7 -> 9

8 -> 4
8 -> 6
8 -> 10

9 -> 5
9 -> 6
9 -> 7
9 -> 11
9 -> 10
9 -> 12

10 -> 8
10 -> 9
10 -> 12
10 -> 13

11 -> 9
11 -> 12
11 -> 13

12 -> 9
12 -> 10
12 -> 11
12 -> 13

13 -> 10
13 -> 11
13 -> 12
13 -> 14
13 -> 15
13 -> 16
13 -> 17
13 -> 18

14 -> 13

15 -> 13

16 -> 13

18 -> 19
18 -> 20

}
