digraph G {
color = "black"
0[label = "Index: 0 
P0: 0 0 0 
P1: 0 0 0 
P2: 0 0 0 
", style="filled", fillcolor = "green"]
1[label = "Index: 1 
P0: 0 0 -1 
P1: 0 0 0 
P2: 0 0 0 
", color = "orange"]
2[label = "Index: 2 
P0: 0 0 -2 
P1: 0 0 0 
P2: 0 0 0 
"]
3[label = "Index: 3 
P0: 0 0 -1 
P1: -1 0 0 
P2: 0 0 0 
", color = "orange"]
4[label = "Index: 4 
P0: 0 0 -2 
P1: -1 0 0 
P2: 0 0 0 
"]
5[label = "Index: 5 
P0: 0 1 -1 
P1: -1 1 0 
P2: 0 0 0 
", color = "orange"]
6[label = "Index: 6 
P0: 0 1 -2 
P1: -1 1 0 
P2: 0 0 0 
"]
7[label = "Index: 7 
P0: 0 1 -2 
P1: -1 1 -1 
P2: 0 0 0 
", style="filled", fillcolor = "red"]
8[label = "Index: 8 
P2: 0 0 0 
", color = "fuchsia"]
9[label = "Index: 9 
P0: 0 1 -2 
P1: -1 1 -1 
", color = "orange"]
10[label = "Index: 10 
P0: -1 1 -2 
P1: -1 1 -1 
", color = "orange"]
11[label = "Index: 11 
P0: 0 1 -3 
P1: -1 1 -1 
"]
12[label = "Index: 12 
P0: 0 1 -4 
P1: -1 1 -1 
"]
13[label = "Index: 13 
P0: -1 1 -3 
P1: -1 1 -1 
"]
14[label = "Index: 14 
P0: -1 1 -4 
P1: -1 1 -1 
", color = "orange"]
15[label = "Index: 15 
P0: -1 1 -1 
P1: -1 1 -1 
"]
16[label = "Index: 16 
P0: -1 2 -4 
P1: -1 1 -1 
", color = "orange"]
17[label = "Index: 17 
P0: -2 2 -4 
P1: -1 1 -1 
", color = "red"]
18[label = "Index: 18 
P1: -1 1 -1 
", style="filled", fillcolor = "blue"]
19[label = "Index: 19 
P0: -2 2 -4 
", color = "fuchsia"]
0 -> 1
0 -> 2

1 -> 0
1 -> 2
1 -> 3

2 -> 0
2 -> 1
2 -> 4

3 -> 1
3 -> 4
3 -> 5

4 -> 2
4 -> 3
4 -> 6

5 -> 3
5 -> 6
5 -> 7

6 -> 4
6 -> 5
6 -> 7

7 -> 5
7 -> 6
7 -> 8
7 -> 9

9 -> 10
9 -> 11
9 -> 12

10 -> 9
10 -> 13
10 -> 14
10 -> 15

11 -> 9
11 -> 13
11 -> 12

12 -> 9
12 -> 11
12 -> 14

13 -> 10
13 -> 11
13 -> 14
13 -> 15

14 -> 10
14 -> 12
14 -> 13
14 -> 16
14 -> 15

15 -> 10
15 -> 13
15 -> 14

16 -> 14
16 -> 17

17 -> 16
17 -> 18
17 -> 19

}
