graph G {
color = "black"
0 [label = "P1: 0 0 0 
P2: 0 0 0 
P3: 0 0 0 
",  style="filled", fillcolor = "#96FF96"];
1 [label = "P1: 1 0 0 
P2: 0 0 0 
P3: 0 0 0 
"];
2 [label = "P1: 2 0 0 
P2: 0 0 0 
P3: 0 0 0 
"];
3 [label = "P1: 2 0 0 
P2: 0 1 0 
P3: 0 0 0 
"];
4 [label = "P1: 3 0 0 
P2: 0 1 0 
P3: 0 0 0 
"];
5 [label = "P1: 3 0 0 
P2: 0 2 0 
P3: 0 0 0 
"];
6 [label = "P1: 3 0 -1 
P2: 0 2 0 
P3: 0 0 0 
",  style="filled", fillcolor = "#FF9696"];
7 [label = "P1: 3 0 0 
P2: -1 2 0 
P3: 0 0 0 
",  style="filled", fillcolor = "#FF9696"];
8 [label = "P1: 2 0 0 
P2: -1 2 0 
P3: 0 0 0 
"];
9 [label = "P1: 3 0 -1 
",  style="filled", fillcolor = "#FF96FF"];
10 [label = "P2: 0 2 0 
P3: 0 0 0 
"];
11 [label = "P2: -1 2 0 
P3: 0 0 0 
"];
12 [label = "P2: 0 1 0 
P3: 0 0 0 
"];
13 [label = "P2: 0 0 0 
P3: 0 0 0 
"];
14 [label = "P2: -1 3 0 
P3: 0 0 0 
"];
15 [label = "P2: -1 3 -1 
P3: 0 0 0 
"];
16 [label = "P2: -2 3 -1 
P3: 0 0 0 
"];
17 [label = "P2: 0 3 -1 
P3: 0 0 0 
"];
18 [label = "P2: 1 3 -1 
P3: 0 0 0 
"];
19 [label = "P2: -1 4 -1 
P3: 0 0 0 
"];
20 [label = "P2: -2 3 -1 
", style="filled", fillcolor = "#9696FF"];
21 [label = "P3: 0 0 0 
",  style="filled", fillcolor = "#FF96FF"];
edge [style=bold];
0 -- 1 [color=black];
0 -- 2 [color="#1E96FF", penwidth=4.0];

1 -- 2 [color=black];

2 -- 3 [color="#1E96FF", penwidth=4.0];

3 -- 4 [color="#1E96FF", penwidth=4.0];

4 -- 5 [color="#1E96FF", penwidth=4.0];

5 -- 6 [color="#1E96FF", penwidth=4.0];
5 -- 7 [color=black];
5 -- 8 [color=black];

6 -- 10 [color=black];
6 -- 9 [color=black];

7 -- 8 [color=black];


10 -- 11 [color="#1E96FF", penwidth=4.0];
10 -- 12 [color=black];
10 -- 13 [color=black];

11 -- 14 [color="#1E96FF", penwidth=4.0];

12 -- 13 [color=black];


14 -- 15 [color="#1E96FF", penwidth=4.0];

15 -- 16 [color="#1E96FF", penwidth=4.0];
15 -- 17 [color=black];
15 -- 18 [color=black];
15 -- 19 [color=black];

16 -- 21 [color=black];
16 -- 20 [color="#1E96FF", penwidth=4.0];




}
