digraph G {
color = "black"
0[label = "Index: 0 
P0: 0 0 0 
P1: 0 0 0 
P2: 0 0 0 
P3: 0 0 0 
", style="filled", fillcolor = "green"]
1[label = "Index: 1 
P0: 1 0 0 
P1: 0 0 0 
P2: 0 0 0 
P3: 0 0 0 
"]
2[label = "Index: 2 
P0: 2 0 0 
P1: 0 0 0 
P2: 0 0 0 
P3: 0 0 0 
", color = "orange"]
3[label = "Index: 3 
P0: 2 0 1 
P1: 0 0 0 
P2: 0 0 0 
P3: 0 0 0 
", color = "orange"]
4[label = "Index: 4 
P0: 2 0 1 
P1: 0 1 0 
P2: 0 0 0 
P3: 0 0 0 
", color = "orange"]
5[label = "Index: 5 
P0: 2 0 1 
P1: -1 1 0 
P2: 0 0 0 
P3: 0 0 0 
", color = "orange"]
6[label = "Index: 6 
P0: 2 0 1 
P1: -1 1 0 
P2: -1 0 0 
P3: 0 0 0 
"]
7[label = "Index: 7 
P0: 2 0 1 
P1: -2 1 0 
P2: -1 0 0 
P3: 0 0 0 
", color = "orange"]
8[label = "Index: 8 
P0: 2 0 0 
P1: -2 1 0 
P2: -1 0 0 
P3: 0 0 0 
", style="filled", fillcolor = "red"]
9[label = "Index: 9 
P0: 2 0 0 
", color = "fuchsia"]
10[label = "Index: 10 
P1: -2 1 0 
P2: -1 0 0 
P3: 0 0 0 
", color = "orange"]
11[label = "Index: 11 
P1: -1 1 0 
P2: -1 0 0 
P3: 0 0 0 
", color = "orange"]
12[label = "Index: 12 
P1: -1 1 0 
P2: 0 0 0 
P3: 0 0 0 
"]
13[label = "Index: 13 
P1: -1 1 0 
P2: -1 1 0 
P3: 0 0 0 
", color = "red"]
14[label = "Index: 14 
P1: 0 1 0 
P2: 0 0 0 
P3: 0 0 0 
"]
15[label = "Index: 15 
P3: 0 0 0 
", color = "fuchsia"]
16[label = "Index: 16 
P1: -1 1 0 
P2: -1 1 0 
", color = "orange"]
17[label = "Index: 17 
P1: -1 2 0 
P2: -1 1 0 
"]
18[label = "Index: 18 
P1: -1 3 0 
P2: -1 1 0 
"]
19[label = "Index: 19 
P1: -1 4 0 
P2: -1 1 0 
", color = "red"]
20[label = "Index: 20 
P1: -1 5 0 
P2: -1 1 0 
"]
21[label = "Index: 21 
P1: -2 2 0 
P2: -1 1 0 
"]
22[label = "Index: 22 
P1: -2 3 0 
P2: -1 1 0 
"]
23[label = "Index: 23 
P2: -1 1 0 
", style="filled", fillcolor = "blue"]
24[label = "Index: 24 
P1: -1 4 0 
", color = "fuchsia"]
0 -> 1
0 -> 2

1 -> 0
1 -> 2

2 -> 0
2 -> 1
2 -> 3

3 -> 2
3 -> 4

4 -> 3
4 -> 5
4 -> 6

5 -> 4
5 -> 6
5 -> 7

6 -> 4
6 -> 5
6 -> 7

7 -> 5
7 -> 6
7 -> 8

8 -> 7
8 -> 10
8 -> 9

10 -> 11
10 -> 12

11 -> 10
11 -> 12
11 -> 13
11 -> 14

12 -> 10
12 -> 11
12 -> 14

13 -> 11
13 -> 15
13 -> 16

14 -> 11
14 -> 12

16 -> 17
16 -> 18
16 -> 19
16 -> 20

17 -> 16
17 -> 21
17 -> 18
17 -> 19
17 -> 20

18 -> 16
18 -> 17
18 -> 22
18 -> 19
18 -> 20

19 -> 16
19 -> 17
19 -> 18
19 -> 23
19 -> 24

20 -> 16
20 -> 17
20 -> 18

21 -> 17

22 -> 18

}
