digraph G {
color = "black"
0[label = "Index: 0 
P0: 0 0 0 
P1: 0 0 0 
P2: 0 0 0 
P3: 0 0 0 
", color = "green"]
1[label = "Index: 1 
P0: 1 0 0 
P1: 0 0 0 
P2: 0 0 0 
P3: 0 0 0 
", color = "orange"]
2[label = "Index: 2 
P0: 1 0 0 
P1: 0 1 0 
P2: 0 0 0 
P3: 0 0 0 
", color = "orange"]
3[label = "Index: 3 
P0: 1 0 0 
P1: 0 1 0 
P2: 1 0 0 
P3: 0 0 0 
", color = "red"]
4[label = "Index: 4 
P0: 2 0 0 
P1: 0 1 0 
P2: 1 0 0 
P3: 0 0 0 
", color = "purple"]
5[label = "Index: 5 
P0: 1 0 0 
P2: 1 0 0 
P3: 0 0 0 
", color = "red"]
6[label = "Index: 6 
P0: 2 0 0 
P2: 1 0 0 
P3: 0 0 0 
"]
7[label = "Index: 7 
P0: 1 0 0 
P2: 0 0 0 
P3: 0 0 0 
"]
8[label = "Index: 8 
P3: 0 0 0 
", color = "blue"]
0 -> 1

1 -> 0
1 -> 2

2 -> 1
2 -> 3
2 -> 4

3 -> 2
3 -> 4
3 -> 5[style=bold label=" Remove P1 "];


4 -> 2
4 -> 3

5 -> 6
5 -> 7
5 -> 8[style=bold label=" Remove P0 P2 "];


6 -> 5

7 -> 5

}
