graph G {
color = "black"
0 [label = "P1: 0 0 0 
P2: 0 0 0 
P3: 0 0 0 
P4: 0 0 0 
P5: 0 0 0 
",  style="filled", fillcolor = "#96FF96"];
1 [label = "P1: -1 0 0 
P2: 0 0 0 
P3: 0 0 0 
P4: 0 0 0 
P5: 0 0 0 
"];
2 [label = "P1: -1 0 0 
P2: 0 0 1 
P3: 0 0 0 
P4: 0 0 0 
P5: 0 0 0 
"];
3 [label = "P1: -1 0 0 
P2: 0 0 1 
P3: 0 -1 0 
P4: 0 0 0 
P5: 0 0 0 
"];
4 [label = "P1: -1 0 0 
P2: 0 0 1 
P3: 0 -1 0 
P4: 0 0 -1 
P5: 0 0 0 
"];
5 [label = "P1: -1 0 -1 
P2: 0 0 1 
P3: 0 -1 0 
P4: 0 0 -1 
P5: 0 0 0 
"];
6 [label = "P1: -1 0 -1 
P2: 0 0 1 
P3: 0 -1 0 
P4: 0 0 -2 
P5: 0 0 0 
"];
7 [label = "P1: -1 0 -1 
P2: 0 -1 1 
P3: 0 -1 0 
P4: 0 0 -2 
P5: 0 0 0 
"];
8 [label = "P1: -1 -1 -1 
P2: 0 -1 1 
P3: 0 -2 0 
P4: 0 -1 -2 
P5: 0 0 0 
"];
9 [label = "P1: -1 0 -1 
P2: 0 -1 1 
P3: 0 -1 0 
P4: 0 0 -2 
P5: 0 1 0 
"];
10 [label = "P1: -1 0 -1 
P2: 0 -1 2 
P3: 0 -1 0 
P4: 0 0 -2 
P5: 0 1 0 
"];
11 [label = "P1: -1 0 -1 
P2: 1 -1 2 
P3: 1 -1 0 
P4: 0 0 -2 
P5: 0 1 0 
"];
12 [label = "P1: -1 0 -1 
P2: 1 -1 2 
P3: 1 -1 0 
P4: 0 0 -2 
P5: 0 0 0 
"];
13 [label = "P1: -1 0 -1 
P2: 1 -1 2 
P3: 1 -1 0 
P4: 0 0 -2 
P5: 0 0 -1 
"];
14 [label = "P1: -1 0 0 
P2: 0 -1 3 
P3: 0 -1 1 
P4: 0 0 -1 
P5: 0 0 0 
"];
15 [label = "P1: 0 0 -1 
P2: 1 -1 2 
P3: 1 -1 0 
P4: 1 0 -2 
P5: 0 0 -1 
"];
16 [label = "P1: 0 0 0 
P2: 2 -1 3 
P3: 2 -1 1 
P4: 1 0 -1 
P5: 0 0 0 
"];
17 [label = "P1: -1 0 0 
P2: 0 0 3 
P3: 0 -1 1 
P4: 0 0 -1 
P5: 0 0 0 
"];
18 [label = "P1: -1 0 0 
P2: 0 -1 3 
P3: 0 -1 1 
P4: 0 0 0 
P5: 0 0 0 
"];
19 [label = "P1: 0 0 -1 
P2: 1 0 2 
P3: 1 -1 0 
P4: 1 0 -2 
P5: 0 0 -1 
"];
20 [label = "P1: 0 0 0 
P2: 1 -1 2 
P3: 1 -1 1 
P4: 1 0 -1 
P5: 0 0 0 
"];
21 [label = "P1: 0 0 0 
P2: 1 -1 2 
P3: 1 -1 0 
P4: 1 0 -1 
P5: 0 0 0 
"];
22 [label = "P1: -1 0 0 
P2: 0 0 3 
P3: 0 -1 1 
P4: 0 0 0 
P5: 0 0 0 
"];
23 [label = "P1: 0 0 0 
P2: 1 0 2 
P3: 1 -1 1 
P4: 1 0 -1 
P5: 0 0 0 
"];
24 [label = "P1: 0 0 -1 
P2: 1 0 1 
P3: 1 -1 -1 
P4: 1 0 -2 
P5: 0 0 -1 
"];
25 [label = "P1: 0 0 0 
P2: 1 -1 2 
P3: 1 -2 0 
P4: 1 0 -1 
P5: 0 0 0 
"];
26 [label = "P1: 0 0 -1 
P2: 1 0 1 
P3: 1 -2 -1 
P4: 1 0 -2 
P5: 0 0 -1 
"];
27 [label = "P1: 0 0 -1 
P2: 1 0 1 
P3: 2 -2 -1 
P4: 1 0 -2 
P5: 0 0 -1 
"];
28 [label = "P1: 0 0 -1 
P2: 1 0 2 
P3: 2 -2 -1 
P4: 1 0 -2 
P5: 0 0 -1 
"];
29 [label = "P1: 0 0 -1 
P2: 0 0 2 
P3: 1 -2 -1 
P4: 1 0 -2 
P5: 0 0 -1 
"];
30 [label = "P1: -1 0 0 
P2: 0 0 3 
P3: 1 -2 0 
P4: 0 0 -1 
P5: 0 0 0 
"];
31 [label = "P1: 0 0 0 
P2: 0 1 3 
P3: 1 -2 0 
P4: 1 0 -1 
P5: 0 0 0 
"];
32 [label = "P1: 0 0 -1 
P2: 0 1 2 
P3: 1 -1 -1 
P4: 1 0 -2 
P5: 0 0 -1 
"];
33 [label = "P1: 0 0 0 
P2: 0 1 3 
P3: 2 -2 0 
P4: 1 0 -1 
P5: 0 0 0 
"];
34 [label = "P1: 0 0 0 
P2: 0 1 3 
P3: 1 -1 1 
P4: 1 0 -1 
P5: 0 0 0 
"];
35 [label = "P1: 0 0 -1 
P2: 0 1 3 
P3: 1 -1 0 
P4: 1 0 -2 
P5: 0 0 -1 
"];
36 [label = "P1: -1 0 -1 
P2: 0 1 3 
P3: 1 -1 0 
P4: 0 0 -2 
P5: 0 0 -1 
"];
37 [label = "P1: -1 0 0 
P2: -1 1 4 
P3: 0 -1 1 
P4: 0 0 -1 
P5: 0 0 0 
"];
38 [label = "P1: -1 0 -1 
P2: 0 1 3 
P3: 1 -1 0 
P4: 0 0 -2 
P5: 0 0 0 
"];
39 [label = "P1: -1 0 0 
P2: -1 2 4 
P3: 0 -1 1 
P4: 0 0 -1 
P5: 0 0 0 
"];
40 [label = "P1: -1 0 0 
P2: -1 1 4 
P3: 0 -1 1 
P4: 0 0 0 
P5: 0 0 0 
"];
41 [label = "P1: -1 0 -1 
P2: 0 2 3 
P3: 1 -1 0 
P4: 0 0 -2 
P5: 0 1 0 
"];
42 [label = "P1: -1 -1 -1 
P2: 0 0 3 
P3: 1 -2 0 
P4: 0 -1 -2 
P5: 0 0 0 
"];
43 [label = "P1: -1 0 0 
P2: -1 2 4 
P3: 1 -1 1 
P4: 0 0 -1 
P5: 0 0 0 
"];
44 [label = "P1: -1 0 0 
P2: -1 2 4 
P3: 0 -1 1 
P4: 0 0 0 
P5: 0 0 0 
"];
45 [label = "P1: 0 0 0 
P2: -1 2 4 
P3: 1 -1 1 
P4: 1 0 -1 
P5: 0 0 0 
"];
46 [label = "P1: -1 0 -1 
P2: 0 2 3 
P3: 0 -1 0 
P4: 0 0 -2 
P5: 0 1 0 
",  style="filled", fillcolor = "#FF9696"];
47 [label = "P1: -1 0 0 
P2: -1 2 4 
P3: 1 -1 1 
P4: 0 0 0 
P5: 0 0 0 
"];
48 [label = "P1: 0 0 0 
P2: -1 2 4 
P3: 1 -1 1 
P4: 0 0 0 
P5: 0 0 0 
"];
49 [label = "P2: 0 1 3 
",  style="filled", fillcolor = "#FF96FF"];
50 [label = "P1: -1 0 -1 
P3: 0 -1 0 
P4: 0 0 -2 
P5: 0 1 0 
"];
51 [label = "P1: -1 -1 -1 
P3: 1 -2 0 
P4: 0 -1 -2 
P5: 0 0 0 
"];
52 [label = "P1: -1 0 -1 
P3: 0 -1 0 
P4: 0 0 -2 
P5: 0 0 0 
"];
53 [label = "P1: -1 0 -1 
P3: 1 -1 0 
P4: 0 0 -2 
P5: 0 0 0 
"];
54 [label = "P1: -1 0 -1 
P3: 0 -1 0 
P4: 0 0 -1 
P5: 0 0 0 
"];
55 [label = "P1: -1 0 0 
P3: 0 -1 0 
P4: 0 0 -1 
P5: 0 0 0 
"];
56 [label = "P1: -1 0 0 
P3: 0 -1 1 
P4: 0 0 -1 
P5: 0 0 0 
"];
57 [label = "P1: -1 0 -1 
P3: 1 -1 0 
P4: 0 0 -1 
P5: 0 0 0 
"];
58 [label = "P1: -1 0 0 
P3: 1 -1 0 
P4: 0 0 -1 
P5: 0 0 0 
"];
59 [label = "P1: -1 0 0 
P3: 1 -1 1 
P4: 0 0 -1 
P5: 0 0 0 
"];
60 [label = "P1: -1 -1 -1 
P3: 0 -2 0 
P4: 0 0 -1 
P5: 0 0 0 
"];
61 [label = "P1: -1 0 0 
P3: 0 -1 0 
P4: 0 0 0 
P5: 0 0 0 
"];
62 [label = "P1: -1 0 0 
P3: 0 -1 1 
P4: 0 0 0 
P5: 0 0 0 
"];
63 [label = "P1: -1 0 0 
P3: 0 -2 0 
P4: 0 0 -1 
P5: 0 0 0 
"];
64 [label = "P1: 0 0 0 
P3: 1 -1 0 
P4: 1 0 -1 
P5: 0 0 0 
"];
65 [label = "P1: 0 0 0 
P3: 1 -1 1 
P4: 1 0 -1 
P5: 0 0 0 
"];
66 [label = "P1: -1 -1 -1 
P3: 1 -2 0 
P4: 0 0 -1 
P5: 0 0 0 
"];
67 [label = "P1: -1 0 0 
P3: 1 -1 1 
P4: 0 0 0 
P5: 0 0 0 
"];
68 [label = "P1: -1 0 0 
P3: 1 -2 0 
P4: 0 0 -1 
P5: 0 0 0 
"];
69 [label = "P1: 0 0 0 
P3: 2 -1 0 
P4: 1 0 -1 
P5: 0 0 0 
"];
70 [label = "P1: 0 0 0 
P3: 2 -1 1 
P4: 1 0 -1 
P5: 0 0 0 
"];
71 [label = "P1: -1 -1 -1 
",  style="filled", fillcolor = "#FF96FF"];
72 [label = "P3: 0 -2 0 
P4: 0 0 -1 
P5: 0 0 0 
"];
73 [label = "P3: 0 -2 0 
",  style="filled", fillcolor = "#FF96FF"];
74 [label = "P4: 0 0 -1 
P5: 0 0 0 
"];
75 [label = "P4: 0 0 -1 
", style="filled", fillcolor = "#9696FF"];
76 [label = "P5: 0 0 0 
",  style="filled", fillcolor = "#FF96FF"];
edge [style=bold];
0 -- 1 [color="#1E96FF", penwidth=4.0];

1 -- 2 [color="#1E96FF", penwidth=4.0];

2 -- 3 [color="#1E96FF", penwidth=4.0];

3 -- 4 [color="#1E96FF", penwidth=4.0];
3 -- 5 [color=black];

4 -- 5 [color=black];
4 -- 6 [color="#1E96FF", penwidth=4.0];

5 -- 6 [color=black];

6 -- 7 [color="#1E96FF", penwidth=4.0];
6 -- 8 [color=black];

7 -- 8 [color=black];
7 -- 9 [color="#1E96FF", penwidth=4.0];

8 -- 9 [color=black];

9 -- 10 [color="#1E96FF", penwidth=4.0];

10 -- 11 [color="#1E96FF", penwidth=4.0];

11 -- 12 [color="#1E96FF", penwidth=4.0];

12 -- 13 [color="#1E96FF", penwidth=4.0];

13 -- 14 [color=black];
13 -- 15 [color="#1E96FF", penwidth=4.0];
13 -- 16 [color=black];

14 -- 17 [color=black];
14 -- 18 [color=black];
14 -- 15 [color=black];

15 -- 19 [color="#1E96FF", penwidth=4.0];
15 -- 20 [color=black];
15 -- 16 [color=black];
15 -- 21 [color=black];


17 -- 22 [color=black];
17 -- 19 [color=black];

18 -- 22 [color=black];

19 -- 23 [color=black];
19 -- 24 [color="#1E96FF", penwidth=4.0];

20 -- 23 [color=black];
20 -- 21 [color=black];

21 -- 24 [color=black];
21 -- 25 [color=black];


23 -- 24 [color=black];

24 -- 26 [color="#1E96FF", penwidth=4.0];
24 -- 25 [color=black];

25 -- 26 [color=black];

26 -- 27 [color="#1E96FF", penwidth=4.0];

27 -- 28 [color="#1E96FF", penwidth=4.0];

28 -- 29 [color="#1E96FF", penwidth=4.0];
28 -- 30 [color=black];

29 -- 31 [color=black];
29 -- 32 [color="#1E96FF", penwidth=4.0];
29 -- 30 [color=black];


31 -- 33 [color=black];
31 -- 32 [color=black];

32 -- 34 [color=black];
32 -- 35 [color="#1E96FF", penwidth=4.0];


34 -- 35 [color=black];

35 -- 36 [color="#1E96FF", penwidth=4.0];
35 -- 37 [color=black];

36 -- 37 [color=black];
36 -- 38 [color="#1E96FF", penwidth=4.0];

37 -- 39 [color=black];
37 -- 40 [color=black];

38 -- 41 [color="#1E96FF", penwidth=4.0];
38 -- 42 [color=black];

39 -- 43 [color=black];
39 -- 44 [color=black];
39 -- 45 [color=black];

40 -- 44 [color=black];

41 -- 42 [color=black];
41 -- 46 [color="#1E96FF", penwidth=4.0];


43 -- 47 [color=black];
43 -- 45 [color=black];

44 -- 47 [color=black];
44 -- 48 [color=black];


46 -- 50 [color=black];
46 -- 49 [color=black];

47 -- 48 [color=black];


50 -- 51 [color=black];
50 -- 52 [color="#1E96FF", penwidth=4.0];

51 -- 53 [color=black];

52 -- 53 [color=black];
52 -- 54 [color="#1E96FF", penwidth=4.0];
52 -- 55 [color=black];
