graph G {
color = "black"
0 [label = "P1: 0 0 0 
P2: 0 0 0 
P3: 0 0 0 
P4: 0 0 0 
",  style="filled", fillcolor = "#96FF96"];
1 [label = "P1: 1 0 0 
P2: 0 0 0 
P3: 0 0 0 
P4: 0 0 0 
"];
2 [label = "P1: 2 0 0 
P2: 0 0 0 
P3: 0 0 0 
P4: 0 0 0 
"];
3 [label = "P1: 2 0 -1 
P2: 0 0 0 
P3: 0 0 0 
P4: 0 0 0 
"];
4 [label = "P1: 2 0 -1 
P2: 0 -1 0 
P3: 0 0 0 
P4: 0 0 0 
"];
5 [label = "P1: 2 0 -1 
P2: 0 -1 0 
P3: 0 0 1 
P4: 0 0 0 
"];
6 [label = "P1: 2 0 -1 
P2: 0 -1 0 
P3: 1 0 1 
P4: 0 0 0 
"];
7 [label = "P1: 2 0 -1 
P2: 0 0 0 
P3: 0 1 1 
P4: 0 0 0 
"];
8 [label = "P1: 2 0 -1 
P2: 0 0 0 
P3: 1 1 1 
P4: 0 0 0 
"];
9 [label = "P1: 2 0 0 
P2: 0 0 0 
P3: 0 1 2 
P4: 0 0 0 
"];
10 [label = "P1: 2 0 0 
P2: 0 0 0 
P3: 1 1 2 
P4: 0 0 0 
",  style="filled", fillcolor = "#FF9696"];
11 [label = "P1: 1 0 0 
P2: 0 0 0 
P3: 0 1 2 
P4: 0 0 0 
"];
12 [label = "P1: 2 0 0 
P2: 0 0 0 
P3: 0 2 2 
P4: 0 0 0 
",  style="filled", fillcolor = "#FF9696"];
13 [label = "P1: 2 0 0 
P2: 0 0 0 
P3: 0 3 2 
P4: 0 0 0 
",  style="filled", fillcolor = "#FF9696"];
14 [label = "P1: 1 0 0 
P2: 0 0 0 
P3: 0 2 2 
P4: 0 0 0 
",  style="filled", fillcolor = "#FF9696"];
15 [label = "P1: 1 0 0 
P2: 0 0 0 
P3: 0 3 2 
P4: 0 0 0 
",  style="filled", fillcolor = "#FF9696"];
16 [label = "P1: 0 0 0 
P2: 0 0 0 
P3: 0 2 2 
P4: 0 0 0 
"];
17 [label = "P1: 2 0 -1 
P2: 0 0 0 
P3: 0 2 2 
P4: 0 0 0 
"];
18 [label = "P1: 0 0 0 
P2: 0 0 0 
P3: 0 3 2 
P4: 0 0 0 
"];
19 [label = "P1: 2 0 -1 
P2: 0 0 0 
P3: 0 3 2 
P4: 0 0 0 
"];
20 [label = "P3: 1 1 2 
",  style="filled", fillcolor = "#FF96FF"];
21 [label = "P1: 2 0 0 
P2: 0 0 0 
P4: 0 0 0 
"];
22 [label = "P1: 1 0 0 
P2: 0 0 0 
P4: 0 0 0 
"];
23 [label = "P1: 0 0 0 
P2: 0 0 0 
P4: 0 0 0 
"];
24 [label = "P1: 2 0 -1 
P2: 0 0 0 
P4: 0 0 0 
"];
25 [label = "P1: 2 0 -1 
P2: 0 -1 0 
P4: 0 0 0 
"];
26 [label = "P1: 2 0 -1 
P2: 0 -2 0 
P4: 0 0 0 
"];
27 [label = "P1: 2 0 -1 
P2: 0 -2 1 
P4: 0 0 0 
"];
28 [label = "P1: 2 0 0 
P2: 0 -2 1 
P4: 0 0 0 
"];
29 [label = "P2: 0 -2 1 
",  style="filled", fillcolor = "#FF96FF"];
30 [label = "P1: 2 0 -1 
P4: 0 0 0 
"];
31 [label = "P1: 2 0 0 
P4: 0 0 0 
"];
32 [label = "P1: 2 0 1 
P4: 0 0 0 
"];
33 [label = "P1: 1 0 0 
P4: 0 0 0 
"];
34 [label = "P1: 0 0 0 
P4: 0 0 0 
"];
35 [label = "P1: 2 1 0 
P4: 0 0 0 
"];
36 [label = "P1: 1 1 0 
P4: 0 0 0 
"];
37 [label = "P1: 0 0 1 
P4: 0 0 0 
"];
38 [label = "P1: 0 0 1 
", style="filled", fillcolor = "#9696FF"];
39 [label = "P4: 0 0 0 
",  style="filled", fillcolor = "#FF96FF"];
edge [style=bold];
0 -- 1 [color=black];
0 -- 2 [color="#1E96FF", penwidth=4.0];

1 -- 2 [color=black];

2 -- 3 [color="#1E96FF", penwidth=4.0];

3 -- 4 [color="#1E96FF", penwidth=4.0];

4 -- 5 [color="#1E96FF", penwidth=4.0];

5 -- 6 [color="#1E96FF", penwidth=4.0];
5 -- 7 [color=black];

6 -- 8 [color="#1E96FF", penwidth=4.0];

7 -- 8 [color=black];
7 -- 9 [color=black];

8 -- 10 [color="#1E96FF", penwidth=4.0];

9 -- 11 [color=black];
9 -- 10 [color=black];
9 -- 12 [color=black];
9 -- 13 [color=black];

10 -- 11 [color=black];
10 -- 21 [color=black];
10 -- 20 [color=black];

11 -- 14 [color=black];
11 -- 15 [color=black];

12 -- 14 [color=black];
12 -- 16 [color=black];
12 -- 17 [color=black];

13 -- 15 [color=black];
13 -- 18 [color=black];
13 -- 19 [color=black];

14 -- 16 [color=black];

15 -- 18 [color=black];





21 -- 22 [color=black];
21 -- 23 [color=black];
21 -- 24 [color="#1E96FF", penwidth=4.0];

22 -- 23 [color=black];


24 -- 25 [color=black];
24 -- 26 [color="#1E96FF", penwidth=4.0];

25 -- 26 [color=black];

26 -- 27 [color="#1E96FF", penwidth=4.0];
26 -- 28 [color=black];

27 -- 28 [color=black];
27 -- 30 [color="#1E96FF", penwidth=4.0];
27 -- 29 [color=black];


30 -- 31 [color="#1E96FF", penwidth=4.0];
30 -- 32 [color=black];

31 -- 33 [color=black];
31 -- 34 [color="#1E96FF", penwidth=4.0];
31 -- 35 [color=black];
31 -- 32 [color=black];


33 -- 34 [color=black];
33 -- 36 [color=black];

34 -- 37 [color="#1E96FF", penwidth=4.0];

35 -- 36 [color=black];


37 -- 39 [color=black];
37 -- 38 [color="#1E96FF", penwidth=4.0];

}
