graph G {
color = "black"
0 [label = "P1: 0 0 0 
P2: 0 0 0 
P3: 0 0 0 
P4: 0 0 0 
",  style="filled", fillcolor = "#96FF96"];
1 [label = "P1: 1 0 0 
P2: 0 0 0 
P3: 0 0 0 
P4: 0 0 0 
"];
2 [label = "P1: 2 0 0 
P2: 0 0 0 
P3: 0 0 0 
P4: 0 0 0 
"];
3 [label = "P1: 2 0 -1 
P2: 0 0 0 
P3: 0 0 0 
P4: 0 0 0 
"];
4 [label = "P1: 2 0 -1 
P2: 0 -1 0 
P3: 0 0 0 
P4: 0 0 0 
"];
5 [label = "P1: 2 0 -1 
P2: 0 -1 0 
P3: 0 0 1 
P4: 0 0 0 
"];
6 [label = "P1: 2 0 -1 
P2: 0 -1 0 
P3: 1 0 1 
P4: 0 0 0 
"];
7 [label = "P1: 2 0 -1 
P2: 0 0 0 
P3: 0 1 1 
P4: 0 0 0 
"];
8 [label = "P1: 2 0 -1 
P2: 0 0 0 
P3: 1 1 1 
P4: 0 0 0 
"];
9 [label = "P1: 2 0 0 
P2: 0 0 0 
P3: 0 1 2 
P4: 0 0 0 
"];
10 [label = "P1: 2 0 0 
P2: 0 0 0 
P3: 1 1 2 
P4: 0 0 0 
"];
1010 [label = "P1: 2 0 0 
P2: 0 0 0 
P3: 1 -∞ 2 
P4: 0 0 0 
",  style="filled", fillcolor = "#FF9696"];
11 [label = "P1: 1 0 0 
P2: 0 0 0 
P3: 0 1 2 
P4: 0 0 0 
"];
12 [label = "P1: 2 0 0 
P2: 0 0 0 
P3: 0 2 2 
P4: 0 0 0 
"];
1212 [label = "P1: 2 0 0 
P2: 0 0 0 
P3: 0 2 -∞ 
P4: 0 0 0 
",  style="filled", fillcolor = "#FF9696"];
13 [label = "P1: 2 0 0 
P2: 0 0 0 
P3: 0 3 2 
P4: 0 0 0 
"];
1313 [label = "P1: 2 0 0 
P2: 0 0 0 
P3: 0 3 -∞ 
P4: 0 0 0 
",  style="filled", fillcolor = "#FF9696"];
14 [label = "P1: 1 0 0 
P2: 0 0 0 
P3: 0 2 2 
P4: 0 0 0 
"];
1414 [label = "P1: 1 0 0 
P2: 0 0 0 
P3: 0 2 -∞ 
P4: 0 0 0 
",  style="filled", fillcolor = "#FF9696"];
15 [label = "P1: 1 0 0 
P2: 0 0 0 
P3: 0 3 2 
P4: 0 0 0 
"];
1515 [label = "P1: 1 0 0 
P2: 0 0 0 
P3: 0 3 -∞ 
P4: 0 0 0 
",  style="filled", fillcolor = "#FF9696"];
16 [label = "P1: 0 0 0 
P2: 0 0 0 
P3: 0 2 2 
P4: 0 0 0 
"];
17 [label = "P1: 2 0 -1 
P2: 0 0 0 
P3: 0 2 2 
P4: 0 0 0 
"];
18 [label = "P1: 0 0 0 
P2: 0 0 0 
P3: 0 3 2 
P4: 0 0 0 
"];
19 [label = "P1: 2 0 -1 
P2: 0 0 0 
P3: 0 3 2 
P4: 0 0 0 
"];
edge [style=bold];
0 -- 1 [color=black];
0 -- 2 [color="#1E96FF", penwidth=4.0];

1 -- 2 [color=black];

2 -- 3 [color="#1E96FF", penwidth=4.0];

3 -- 4 [color="#1E96FF", penwidth=4.0];

4 -- 5 [color="#1E96FF", penwidth=4.0];

5 -- 6 [color="#1E96FF", penwidth=4.0];
5 -- 7 [color=black];

6 -- 8 [color="#1E96FF", penwidth=4.0];

7 -- 8 [color=black];
7 -- 9 [color=black];

8 -- 10 [color="#1E96FF", penwidth=4.0];

9 -- 11 [color=black];
9 -- 10 [color=black];
9 -- 12 [color=black];
9 -- 13 [color=black];

10 -- 11 [color=black];

10 -- 1010 [color="#1E96FF", penwidth=4.0];
11 -- 14 [color=black];
11 -- 15 [color=black];

12 -- 14 [color=black];
12 -- 16 [color=black];
12 -- 17 [color=black];

12 -- 1212 [color=black];
13 -- 15 [color=black];
13 -- 18 [color=black];
13 -- 19 [color=black];

13 -- 1313 [color=black];
14 -- 16 [color=black];

14 -- 1414 [color=black];
15 -- 18 [color=black];

15 -- 1515 [color=black];




}
