digraph G {
color = "black"
0[label = "Index: 0 
P0: 0 0 0 
P1: 0 0 0 
P2: 0 0 0 
P3: 0 0 0 
P4: 0 0 0 
", style="filled", fillcolor = "green"]
1[label = "Index: 1 
P0: 0 -1 0 
P1: 0 0 0 
P2: 0 0 0 
P3: 0 0 0 
P4: 0 0 0 
", color = "orange"]
2[label = "Index: 2 
P0: 0 -1 0 
P1: 1 0 0 
P2: 0 0 0 
P3: 0 0 0 
P4: 0 0 0 
"]
3[label = "Index: 3 
P0: 0 -1 0 
P1: 2 0 0 
P2: 0 0 0 
P3: 0 0 0 
P4: 0 0 0 
", color = "orange"]
4[label = "Index: 4 
P0: 0 -1 0 
P1: 2 0 0 
P2: 0 -1 0 
P3: 0 0 0 
P4: 0 0 0 
", color = "orange"]
5[label = "Index: 5 
P0: 0 -1 0 
P1: 2 0 0 
P2: 0 -1 1 
P3: 0 0 0 
P4: 0 0 0 
", color = "orange"]
6[label = "Index: 6 
P0: 0 -1 0 
P1: 2 0 0 
P2: 0 -1 2 
P3: 0 0 0 
P4: 0 0 0 
"]
7[label = "Index: 7 
P0: 0 -1 0 
P1: 2 0 0 
P2: 0 -1 1 
P3: 0 0 1 
P4: 0 0 0 
"]
8[label = "Index: 8 
P0: 0 -1 0 
P1: 2 0 0 
P2: 0 -1 2 
P3: 0 0 2 
P4: 0 0 0 
"]
9[label = "Index: 9 
P0: 0 -1 0 
P1: 2 0 0 
P2: 0 -1 2 
P3: 0 0 1 
P4: 0 0 0 
", color = "orange"]
10[label = "Index: 10 
P0: 0 -1 0 
P1: 2 0 0 
P2: 0 -1 2 
P3: 1 0 1 
P4: 0 0 0 
", color = "orange"]
11[label = "Index: 11 
P0: 0 -1 0 
P1: 2 0 0 
P2: 0 -1 2 
P3: 1 1 1 
P4: 0 0 0 
"]
12[label = "Index: 12 
P0: 0 -1 0 
P1: 2 1 0 
P2: 0 -1 2 
P3: 1 1 1 
P4: 0 0 0 
", style="filled", fillcolor = "red"]
13[label = "Index: 13 
P0: 0 0 0 
P1: 2 1 0 
P2: 0 -1 2 
P3: 1 1 1 
P4: 0 0 0 
"]
14[label = "Index: 14 
P0: 0 -1 0 
P1: 2 0 0 
P2: 0 -1 2 
P3: 2 1 1 
P4: 0 0 0 
", color = "purple"]
15[label = "Index: 15 
P0: 0 0 0 
P1: 1 1 0 
P2: 0 -1 2 
P3: 1 1 1 
P4: 0 0 0 
"]
16[label = "Index: 16 
P0: 0 0 0 
P1: 2 1 0 
P2: 0 -1 2 
P3: 2 1 1 
P4: 0 0 0 
", color = "purple"]
17[label = "Index: 17 
P0: 0 0 0 
P1: 2 1 0 
P2: 1 -1 2 
P3: 2 1 1 
P4: 0 0 0 
", color = "purple"]
18[label = "Index: 18 
P0: 0 -1 0 
P1: 2 1 0 
P2: 0 -1 2 
P3: 2 1 1 
P4: 0 0 0 
"]
19[label = "Index: 19 
P0: 0 -1 0 
P1: 2 0 0 
P2: 0 -1 1 
P3: 2 1 1 
P4: 0 0 0 
"]
20[label = "Index: 20 
P0: 0 -1 0 
P1: 2 0 0 
P2: 0 -1 0 
P3: 2 1 1 
P4: 0 0 0 
"]
21[label = "Index: 21 
P0: 0 -1 0 
P1: 2 0 0 
P2: 0 -1 -1 
P3: 2 1 1 
P4: 0 0 0 
"]
22[label = "Index: 22 
P0: 0 -1 0 
P1: 1 1 0 
P2: 0 -1 2 
P3: 1 1 1 
P4: 0 0 0 
", color = "purple"]
23[label = "Index: 23 
P0: 0 -1 0 
P1: 2 1 0 
P2: 1 -1 2 
P3: 2 1 1 
P4: 0 0 0 
"]
24[label = "Index: 24 
P1: 2 1 0 
", color = "fuchsia"]
25[label = "Index: 25 
P0: 0 -1 0 
P2: 0 -1 2 
P3: 1 1 1 
P4: 0 0 0 
", color = "orange"]
26[label = "Index: 26 
P0: 0 0 0 
P2: 0 -1 2 
P3: 1 1 1 
P4: 0 0 0 
"]
27[label = "Index: 27 
P0: 0 -1 0 
P2: 0 -1 2 
P3: 2 1 1 
P4: 0 0 0 
", color = "red"]
28[label = "Index: 28 
P0: 0 -1 0 
P2: 0 -1 2 
P3: 1 0 1 
P4: 0 0 0 
"]
29[label = "Index: 29 
P0: 0 -1 0 
P2: 1 -1 2 
P3: 2 1 1 
P4: 0 0 0 
"]
30[label = "Index: 30 
P0: 0 0 0 
P2: 0 -1 2 
P3: 2 1 1 
P4: 0 0 0 
"]
31[label = "Index: 31 
P0: 0 0 0 
P2: 1 -1 2 
P3: 2 1 1 
P4: 0 0 0 
"]
32[label = "Index: 32 
P0: 0 -1 0 
", color = "fuchsia"]
33[label = "Index: 33 
P2: 0 -1 2 
P3: 2 1 1 
P4: 0 0 0 
", color = "red"]
34[label = "Index: 34 
P2: 1 -1 2 
P3: 2 1 1 
P4: 0 0 0 
"]
35[label = "Index: 35 
P2: 0 -1 1 
P3: 2 1 1 
P4: 0 0 0 
"]
36[label = "Index: 36 
P2: 0 -1 0 
P3: 2 1 1 
P4: 0 0 0 
"]
37[label = "Index: 37 
P2: 0 -1 -1 
P3: 2 1 1 
P4: 0 0 0 
"]
38[label = "Index: 38 
P2: 0 -1 -2 
P3: 2 1 1 
P4: 0 0 0 
"]
39[label = "Index: 39 
P3: 2 1 1 
", color = "fuchsia"]
40[label = "Index: 40 
P2: 0 -1 2 
P4: 0 0 0 
", color = "red"]
41[label = "Index: 41 
P2: 0 -1 2 
", style="filled", fillcolor = "blue"]
42[label = "Index: 42 
P4: 0 0 0 
", color = "fuchsia"]
0 -> 1

1 -> 0
1 -> 2
1 -> 3

2 -> 1
2 -> 3

3 -> 1
3 -> 2
3 -> 4

4 -> 3
4 -> 5
4 -> 6
4 -> 7
4 -> 8

5 -> 4
5 -> 6
5 -> 7
5 -> 9

6 -> 4
6 -> 5
6 -> 9
6 -> 8

7 -> 4
7 -> 5
7 -> 9
7 -> 8

8 -> 4
8 -> 6
8 -> 7
8 -> 9

9 -> 5
9 -> 6
9 -> 7
9 -> 8
9 -> 10

10 -> 9
10 -> 11
10 -> 12
10 -> 13

11 -> 10
11 -> 12
11 -> 13
11 -> 14

12 -> 10
12 -> 11
12 -> 13
12 -> 25
12 -> 24

13 -> 10
13 -> 11
13 -> 12
13 -> 15
13 -> 16
13 -> 17

14 -> 11
14 -> 18
14 -> 16
14 -> 19
14 -> 20
14 -> 21

15 -> 13
15 -> 22
15 -> 16
15 -> 17

16 -> 13
16 -> 14
16 -> 15
16 -> 18
16 -> 17

17 -> 13
17 -> 15
17 -> 16
17 -> 23

18 -> 14
18 -> 16

19 -> 14

20 -> 14

21 -> 14

22 -> 15

23 -> 17

25 -> 26
25 -> 27
25 -> 28
25 -> 29

26 -> 25
26 -> 30
26 -> 28
26 -> 31

27 -> 25
27 -> 33
27 -> 32

28 -> 25
28 -> 26

29 -> 25

30 -> 26

31 -> 26

33 -> 34
33 -> 35
33 -> 36
33 -> 37
33 -> 38
33 -> 40
33 -> 39

34 -> 33

35 -> 33

36 -> 33

37 -> 33

38 -> 33

40 -> 42
40 -> 41

}
