digraph G {
color = "black"
0[label = "Index: 0 
P0: 0 0 0 
P1: 0 0 0 
P2: 0 0 0 
P3: 0 0 0 
", style="filled", fillcolor = "green"]
1[label = "Index: 1 
P0: 0 0 -1 
P1: 0 0 0 
P2: 0 0 0 
P3: 0 0 0 
"]
2[label = "Index: 2 
P0: 0 0 -2 
P1: 0 0 0 
P2: 0 0 0 
P3: 0 0 0 
", color = "orange"]
3[label = "Index: 3 
P0: 0 1 -2 
P1: 0 0 0 
P2: 0 0 0 
P3: 0 0 0 
"]
4[label = "Index: 4 
P0: 0 1 -2 
P1: 0 1 0 
P2: 0 0 0 
P3: 0 0 0 
"]
5[label = "Index: 5 
P0: 0 1 -2 
P1: 0 1 0 
P2: 0 1 0 
P3: 0 0 0 
", color = "orange"]
6[label = "Index: 6 
P0: 0 1 -2 
P1: 0 1 -1 
P2: 0 1 -1 
P3: 0 0 0 
", style="filled", fillcolor = "red"]
7[label = "Index: 7 
P0: 0 1 -2 
P1: 0 1 -2 
P2: 0 1 -2 
P3: 0 0 0 
"]
8[label = "Index: 8 
P3: 0 0 0 
", color = "fuchsia"]
9[label = "Index: 9 
P0: 0 1 -2 
P1: 0 1 -1 
P2: 0 1 -1 
", color = "orange"]
10[label = "Index: 10 
P0: 0 1 -3 
P1: 0 1 -1 
P2: 0 1 -1 
", color = "orange"]
11[label = "Index: 11 
P0: 0 1 -1 
P1: 0 1 -1 
P2: 0 1 -1 
"]
12[label = "Index: 12 
P0: 0 2 -3 
P1: 0 1 -1 
P2: 0 1 -1 
"]
13[label = "Index: 13 
P0: 0 3 -3 
P1: 0 1 -1 
P2: 0 1 -1 
"]
14[label = "Index: 14 
P0: 0 2 -3 
P1: 0 2 -1 
P2: 0 1 -1 
"]
15[label = "Index: 15 
P0: 0 3 -3 
P1: 0 3 -1 
P2: 0 1 -1 
", color = "red"]
16[label = "Index: 16 
P0: 0 3 -3 
P1: 0 2 -1 
P2: 0 1 -1 
"]
17[label = "Index: 17 
P0: 0 3 -3 
P2: 0 1 -1 
", color = "red"]
18[label = "Index: 18 
P1: 0 3 -1 
", color = "fuchsia"]
19[label = "Index: 19 
P2: 0 1 -1 
", style="filled", fillcolor = "blue"]
20[label = "Index: 20 
P0: 0 3 -3 
", color = "fuchsia"]
0 -> 1
0 -> 2

1 -> 0
1 -> 2

2 -> 0
2 -> 1
2 -> 3
2 -> 4
2 -> 5

3 -> 2
3 -> 4
3 -> 5

4 -> 2
4 -> 3
4 -> 5

5 -> 2
5 -> 3
5 -> 4
5 -> 6
5 -> 7

6 -> 5
6 -> 7
6 -> 8
6 -> 9

7 -> 5
7 -> 6

9 -> 10
9 -> 11

10 -> 9
10 -> 12
10 -> 13
10 -> 11
10 -> 14
10 -> 15

11 -> 9
11 -> 10

12 -> 10
12 -> 13
12 -> 14
12 -> 16

13 -> 10
13 -> 12
13 -> 16
13 -> 15

14 -> 10
14 -> 12
14 -> 16
14 -> 15

15 -> 10
15 -> 13
15 -> 14
15 -> 17
15 -> 18

16 -> 12
16 -> 13
16 -> 14

17 -> 19
17 -> 20

}
