digraph G {
color = "black"
0[label = "Index: 0 
P0: 0 0 0 
P1: 0 0 0 
P2: 0 0 0 
P3: 0 0 0 
P4: 0 0 0 
", style="filled", fillcolor = "green"]
1[label = "Index: 1 
P0: 0 -1 0 
P1: 0 0 0 
P2: 0 0 0 
P3: 0 0 0 
P4: 0 0 0 
", color = "orange"]
2[label = "Index: 2 
P0: 0 -1 0 
P1: 0 0 -1 
P2: 0 0 0 
P3: 0 0 0 
P4: 0 0 0 
"]
3[label = "Index: 3 
P0: 0 -1 0 
P1: 0 0 -2 
P2: 0 0 0 
P3: 0 0 0 
P4: 0 0 0 
"]
4[label = "Index: 4 
P0: 0 -1 0 
P1: 0 0 -3 
P2: 0 0 0 
P3: 0 0 0 
P4: 0 0 0 
"]
5[label = "Index: 5 
P0: 0 -1 0 
P1: 0 0 -1 
P2: 0 0 -1 
P3: 0 0 0 
P4: 0 0 0 
"]
6[label = "Index: 6 
P0: 0 -1 0 
P1: 0 0 -2 
P2: 0 0 -2 
P3: 0 0 0 
P4: 0 0 0 
"]
7[label = "Index: 7 
P0: 0 -1 0 
P1: 0 0 -3 
P2: 0 0 -3 
P3: 0 0 0 
P4: 0 0 0 
", color = "orange"]
8[label = "Index: 8 
P0: 0 -1 0 
P1: 1 0 0 
P2: 1 0 0 
P3: 1 0 0 
P4: 0 0 0 
"]
9[label = "Index: 9 
P0: 1 -1 0 
P1: 1 0 0 
P2: 1 0 0 
P3: 1 0 0 
P4: 0 0 0 
"]
10[label = "Index: 10 
P0: 0 -1 0 
P1: 0 0 -2 
P2: 0 0 -1 
P3: 0 0 0 
P4: 0 0 0 
"]
11[label = "Index: 11 
P0: 0 -1 0 
P1: 0 0 -3 
P2: 0 0 -2 
P3: 0 0 0 
P4: 0 0 0 
"]
12[label = "Index: 12 
P0: 0 -1 0 
P1: 1 0 -1 
P2: 1 0 0 
P3: 1 0 0 
P4: 0 0 0 
"]
13[label = "Index: 13 
P0: 1 -1 0 
P1: 1 0 -1 
P2: 1 0 0 
P3: 1 0 0 
P4: 0 0 0 
"]
14[label = "Index: 14 
P0: 0 -1 0 
P1: 0 0 -3 
P2: 0 0 -1 
P3: 0 0 0 
P4: 0 0 0 
"]
15[label = "Index: 15 
P0: 0 -1 0 
P1: 1 0 -2 
P2: 1 0 0 
P3: 1 0 0 
P4: 0 0 0 
"]
16[label = "Index: 16 
P0: 1 -1 0 
P1: 1 0 -2 
P2: 1 0 0 
P3: 1 0 0 
P4: 0 0 0 
"]
17[label = "Index: 17 
P0: 0 -1 0 
P1: 1 0 -3 
P2: 1 0 0 
P3: 1 0 0 
P4: 0 0 0 
"]
18[label = "Index: 18 
P0: 1 -1 0 
P1: 1 0 -3 
P2: 1 0 0 
P3: 1 0 0 
P4: 0 0 0 
"]
19[label = "Index: 19 
P0: 0 -1 0 
P1: 1 0 -1 
P2: 1 0 -1 
P3: 1 0 0 
P4: 0 0 0 
"]
20[label = "Index: 20 
P0: 1 -1 0 
P1: 1 0 -1 
P2: 1 0 -1 
P3: 1 0 0 
P4: 0 0 0 
"]
21[label = "Index: 21 
P0: 0 -1 0 
P1: 1 0 -2 
P2: 1 0 -2 
P3: 1 0 0 
P4: 0 0 0 
"]
22[label = "Index: 22 
P0: 1 -1 0 
P1: 1 0 -2 
P2: 1 0 -2 
P3: 1 0 0 
P4: 0 0 0 
"]
23[label = "Index: 23 
P0: 0 -1 0 
P1: 1 0 -3 
P2: 1 0 -3 
P3: 0 0 0 
P4: 0 0 0 
", color = "orange"]
24[label = "Index: 24 
P0: 0 -1 0 
P1: 1 0 -3 
P2: 1 0 -3 
P3: 1 0 0 
P4: 0 0 0 
"]
25[label = "Index: 25 
P0: 1 -1 0 
P1: 1 0 -3 
P2: 1 0 -3 
P3: 1 0 0 
P4: 0 0 0 
"]
26[label = "Index: 26 
P0: 0 -1 0 
P1: 1 0 -2 
P2: 1 0 -1 
P3: 1 0 0 
P4: 0 0 0 
"]
27[label = "Index: 27 
P0: 1 -1 0 
P1: 1 0 -2 
P2: 1 0 -1 
P3: 1 0 0 
P4: 0 0 0 
"]
28[label = "Index: 28 
P0: 0 -1 0 
P1: 1 0 -3 
P2: 1 0 -2 
P3: 1 0 0 
P4: 0 0 0 
"]
29[label = "Index: 29 
P0: 1 -1 0 
P1: 1 0 -3 
P2: 1 0 -2 
P3: 1 0 0 
P4: 0 0 0 
"]
30[label = "Index: 30 
P0: 0 -1 0 
P1: 1 0 -3 
P2: 1 0 -1 
P3: 1 0 0 
P4: 0 0 0 
"]
31[label = "Index: 31 
P0: 1 -1 0 
P1: 1 0 -3 
P2: 1 0 -1 
P3: 1 0 0 
P4: 0 0 0 
"]
32[label = "Index: 32 
P0: -1 -1 0 
P1: 1 0 -3 
P2: 1 0 -3 
P3: 0 0 0 
P4: -1 0 0 
", style="filled", fillcolor = "red"]
33[label = "Index: 33 
P0: 1 -1 0 
P1: 2 0 -3 
P2: 2 0 -3 
P3: 1 0 0 
P4: 0 0 0 
"]
34[label = "Index: 34 
P0: 0 -2 0 
P1: 2 0 -3 
P2: 2 0 -3 
P3: 1 0 0 
P4: 0 0 0 
"]
35[label = "Index: 35 
P1: 2 0 -3 
", color = "fuchsia"]
36[label = "Index: 36 
P0: -1 -1 0 
P2: 1 0 -3 
P3: 0 0 0 
P4: -1 0 0 
", color = "red"]
37[label = "Index: 37 
P0: 1 -1 0 
P2: 2 0 -3 
P3: 1 0 0 
P4: 0 0 0 
"]
38[label = "Index: 38 
P0: 0 -2 0 
P2: 2 0 -3 
P3: 1 0 0 
P4: 0 0 0 
"]
39[label = "Index: 39 
P0: 0 -3 0 
P2: 2 0 -3 
P3: 1 0 0 
P4: 0 0 0 
"]
40[label = "Index: 40 
P2: 2 0 -3 
", color = "fuchsia"]
41[label = "Index: 41 
P0: -1 -1 0 
P3: 0 0 0 
P4: -1 0 0 
", color = "orange"]
42[label = "Index: 42 
P0: 1 -1 0 
P3: 1 0 0 
P4: 0 0 0 
"]
43[label = "Index: 43 
P0: -1 -2 0 
P3: 0 0 0 
P4: -1 0 0 
", color = "red"]
44[label = "Index: 44 
P0: 0 -3 0 
P3: 1 0 0 
P4: 0 0 0 
"]
45[label = "Index: 45 
P0: 0 -4 0 
P3: 1 0 0 
P4: 0 0 0 
"]
46[label = "Index: 46 
P0: 0 -1 0 
P3: 0 0 0 
P4: 0 0 0 
"]
47[label = "Index: 47 
P0: 1 -2 0 
P3: 1 0 0 
P4: 0 0 0 
"]
48[label = "Index: 48 
P0: 1 -3 0 
P3: 1 0 0 
P4: 0 0 0 
"]
49[label = "Index: 49 
P0: 1 -4 0 
P3: 1 0 0 
P4: 0 0 0 
"]
50[label = "Index: 50 
P0: 0 -2 0 
", color = "fuchsia"]
51[label = "Index: 51 
P3: 0 0 0 
P4: -1 0 0 
", color = "red"]
52[label = "Index: 52 
P3: 0 0 0 
", style="filled", fillcolor = "blue"]
53[label = "Index: 53 
P4: 0 0 0 
", color = "fuchsia"]
0 -> 1

1 -> 0
1 -> 2
1 -> 3
1 -> 4
1 -> 5
1 -> 6
1 -> 7
1 -> 8
1 -> 9

2 -> 1
2 -> 3
2 -> 4
2 -> 5
2 -> 10
2 -> 11
2 -> 12
2 -> 13

3 -> 1
3 -> 2
3 -> 4
3 -> 10
3 -> 6
3 -> 14
3 -> 15
3 -> 16

4 -> 1
4 -> 2
4 -> 3
4 -> 14
4 -> 11
4 -> 7
4 -> 17
4 -> 18

5 -> 1
5 -> 2
5 -> 10
5 -> 14
5 -> 6
5 -> 7
5 -> 19
5 -> 20

6 -> 1
6 -> 3
6 -> 5
6 -> 11
6 -> 10
6 -> 7
6 -> 21
6 -> 22

7 -> 1
7 -> 4
7 -> 5
7 -> 6
7 -> 11
7 -> 14
7 -> 23
7 -> 24
7 -> 25

8 -> 1
8 -> 9
8 -> 12
8 -> 15
8 -> 17
8 -> 19
8 -> 21
8 -> 24

9 -> 1
9 -> 8
9 -> 13
9 -> 16
9 -> 18
9 -> 20
9 -> 22
9 -> 25

10 -> 2
10 -> 3
10 -> 5
10 -> 6
10 -> 14
10 -> 11
10 -> 26
10 -> 27

11 -> 2
11 -> 4
11 -> 6
11 -> 7
11 -> 10
11 -> 14
11 -> 28
11 -> 29

12 -> 2
12 -> 8
12 -> 13
12 -> 15
12 -> 17
12 -> 19
12 -> 26
12 -> 28

13 -> 2
13 -> 9
13 -> 12
13 -> 16
13 -> 18
13 -> 20
13 -> 27
13 -> 29

14 -> 3
14 -> 4
14 -> 5
14 -> 7
14 -> 10
14 -> 11
14 -> 30
14 -> 31

15 -> 3
15 -> 8
15 -> 12
15 -> 16
15 -> 17
15 -> 26
15 -> 21
15 -> 30

16 -> 3
16 -> 9
16 -> 13
16 -> 15
16 -> 18
16 -> 27
16 -> 22
16 -> 31

17 -> 4
17 -> 8
17 -> 12
17 -> 15
17 -> 18
17 -> 30
17 -> 28
17 -> 24

18 -> 4
18 -> 9
18 -> 13
18 -> 16
18 -> 17
18 -> 31
18 -> 29
18 -> 25

19 -> 5
19 -> 8
19 -> 12
19 -> 20
19 -> 26
19 -> 30
19 -> 21
19 -> 24

20 -> 5
20 -> 9
20 -> 13
20 -> 19
20 -> 27
20 -> 31
20 -> 22
20 -> 25

21 -> 6
21 -> 8
21 -> 15
21 -> 19
21 -> 22
21 -> 28
21 -> 26
21 -> 24

22 -> 6
22 -> 9
22 -> 16
22 -> 20
22 -> 21
22 -> 29
22 -> 27
22 -> 25

23 -> 7
23 -> 24
23 -> 25
23 -> 32
23 -> 33

24 -> 7
24 -> 8
24 -> 17
24 -> 19
24 -> 21
24 -> 23
24 -> 25
24 -> 28
24 -> 30
24 -> 32
24 -> 33

25 -> 7
25 -> 9
25 -> 18
25 -> 20
25 -> 22
25 -> 23
25 -> 24
25 -> 29
25 -> 31
25 -> 33

26 -> 10
26 -> 12
26 -> 15
26 -> 19
26 -> 21
26 -> 27
26 -> 30
26 -> 28

27 -> 10
27 -> 13
27 -> 16
27 -> 20
27 -> 22
27 -> 26
27 -> 31
27 -> 29

28 -> 11
28 -> 12
28 -> 17
28 -> 21
28 -> 24
28 -> 26
28 -> 29
28 -> 30

29 -> 11
29 -> 13
29 -> 18
29 -> 22
29 -> 25
29 -> 27
29 -> 28
29 -> 31

30 -> 14
30 -> 15
30 -> 17
30 -> 19
30 -> 24
30 -> 26
30 -> 28
30 -> 31

31 -> 14
31 -> 16
31 -> 18
31 -> 20
31 -> 25
31 -> 27
31 -> 29
31 -> 30

32 -> 23
32 -> 24
32 -> 33
32 -> 34
32 -> 36
32 -> 35

33 -> 23
33 -> 24
33 -> 25
33 -> 32

34 -> 32

36 -> 37
36 -> 38
36 -> 39
36 -> 41
36 -> 40

37 -> 36

38 -> 36

39 -> 36

41 -> 42
41 -> 43
41 -> 44
41 -> 45
41 -> 46

42 -> 41
42 -> 47
42 -> 48
42 -> 49
42 -> 46

43 -> 41
43 -> 51
43 -> 50

44 -> 41

45 -> 41

46 -> 41
46 -> 42

47 -> 42

48 -> 42

49 -> 42

51 -> 53
51 -> 52

}
