digraph G {
color = "black"
0[label = "Index: 0 
P0: 0 0 0 
P1: 0 0 0 
P2: 0 0 0 
P3: 0 0 0 
", style="filled", fillcolor = "green"]
1[label = "Index: 1 
P0: 0 -1 0 
P1: 0 0 0 
P2: 0 0 0 
P3: 0 0 0 
"]
2[label = "Index: 2 
P0: 0 -2 0 
P1: 0 0 0 
P2: 0 0 0 
P3: 0 0 0 
", color = "orange"]
3[label = "Index: 3 
P0: 0 -1 0 
P1: 0 0 -1 
P2: 0 0 0 
P3: 0 0 0 
"]
4[label = "Index: 4 
P0: 0 -1 0 
P1: 0 0 -2 
P2: 0 0 0 
P3: 0 0 0 
"]
5[label = "Index: 5 
P0: 0 -1 0 
P1: 0 0 -1 
P2: 0 0 -1 
P3: 0 0 0 
"]
6[label = "Index: 6 
P0: 0 -1 0 
P1: 0 0 -2 
P2: 0 0 -2 
P3: 0 0 0 
"]
7[label = "Index: 7 
P0: 0 -2 0 
P1: 0 0 -1 
P2: 0 0 0 
P3: 0 0 0 
"]
8[label = "Index: 8 
P0: 0 -2 0 
P1: 0 0 -2 
P2: 0 0 0 
P3: 0 0 0 
"]
9[label = "Index: 9 
P0: 0 -2 0 
P1: 0 0 -1 
P2: 0 0 -1 
P3: 0 0 0 
", color = "orange"]
10[label = "Index: 10 
P0: 0 -2 0 
P1: 0 0 -2 
P2: 0 0 -2 
P3: 0 0 0 
"]
11[label = "Index: 11 
P0: 0 -1 0 
P1: 0 0 -2 
P2: 0 0 -1 
P3: 0 0 0 
"]
12[label = "Index: 12 
P0: 0 -1 0 
P1: 0 1 -1 
P2: 0 1 -1 
P3: 0 0 0 
"]
13[label = "Index: 13 
P0: 0 0 0 
P1: 0 1 -1 
P2: 0 1 -1 
P3: 0 0 0 
"]
14[label = "Index: 14 
P0: 0 -1 0 
P1: 0 1 -2 
P2: 0 1 -2 
P3: 0 0 0 
"]
15[label = "Index: 15 
P0: 0 0 0 
P1: 0 1 -2 
P2: 0 1 -2 
P3: 0 0 0 
"]
16[label = "Index: 16 
P0: 0 -2 0 
P1: 0 0 -2 
P2: 0 0 -1 
P3: 0 0 0 
"]
17[label = "Index: 17 
P0: 0 0 0 
P1: 0 2 -1 
P2: 0 2 -1 
P3: 0 0 0 
", color = "orange"]
18[label = "Index: 18 
P0: 0 0 0 
P1: 0 2 -2 
P2: 0 2 -2 
P3: 0 0 0 
"]
19[label = "Index: 19 
P0: 0 -1 0 
P1: 0 0 -2 
P2: 0 1 -1 
P3: 0 0 0 
"]
20[label = "Index: 20 
P0: 0 -1 0 
P1: 0 0 -2 
P2: 0 2 -1 
P3: 0 0 0 
"]
21[label = "Index: 21 
P0: 0 -1 0 
P1: 0 1 -2 
P2: 0 1 -1 
P3: 0 0 0 
"]
22[label = "Index: 22 
P0: 0 0 0 
P1: 0 1 -2 
P2: 0 1 -1 
P3: 0 0 0 
"]
23[label = "Index: 23 
P0: 0 -2 0 
P1: 0 0 -2 
P2: 0 1 -1 
P3: 0 0 0 
"]
24[label = "Index: 24 
P0: 0 -2 0 
P1: 0 0 -2 
P2: 0 2 -1 
P3: 0 0 0 
"]
25[label = "Index: 25 
P0: 0 0 0 
P1: 0 2 -2 
P2: 0 2 -1 
P3: 0 0 0 
"]
26[label = "Index: 26 
P0: 0 0 0 
P1: -1 2 -1 
P2: -1 2 -1 
P3: 0 0 0 
", style="filled", fillcolor = "red"]
27[label = "Index: 27 
P0: 0 0 0 
P1: -2 2 -1 
P2: -2 2 -1 
P3: 0 0 0 
", color = "purple"]
28[label = "Index: 28 
P0: 0 0 0 
P1: -1 2 -2 
P2: -1 2 -2 
P3: 0 0 0 
", color = "purple"]
29[label = "Index: 29 
P0: 0 0 0 
P1: -2 2 -2 
P2: -2 2 -2 
P3: 0 0 0 
", color = "purple"]
30[label = "Index: 30 
P0: 0 -1 0 
P1: 0 1 -2 
P2: 0 2 -1 
P3: 0 0 0 
"]
31[label = "Index: 31 
P0: 0 0 0 
P1: 0 1 -2 
P2: 0 2 -1 
P3: 0 0 0 
"]
32[label = "Index: 32 
P0: 0 -1 0 
P1: 0 0 -2 
P2: -1 2 -1 
P3: 0 0 0 
", color = "purple"]
33[label = "Index: 33 
P0: 0 -2 0 
P1: 0 0 -2 
P2: -1 2 -1 
P3: 0 0 0 
", color = "purple"]
34[label = "Index: 34 
P0: 0 0 0 
P1: -1 2 -2 
P2: -1 2 -1 
P3: 0 0 0 
", color = "purple"]
35[label = "Index: 35 
P0: 0 0 0 
P1: -2 2 -2 
P2: -2 2 -1 
P3: 0 0 0 
", color = "purple"]
36[label = "Index: 36 
P0: 0 -1 0 
P1: 0 1 -2 
P2: -1 2 -1 
P3: 0 0 0 
", color = "purple"]
37[label = "Index: 37 
P0: 0 -1 0 
P1: 0 1 -2 
P2: -2 2 -1 
P3: 0 0 0 
"]
38[label = "Index: 38 
P0: 0 0 0 
P1: 0 1 -2 
P2: -1 2 -1 
P3: 0 0 0 
", color = "purple"]
39[label = "Index: 39 
P0: 0 0 0 
P1: 0 1 -2 
P2: -2 2 -1 
P3: 0 0 0 
"]
40[label = "Index: 40 
P0: 0 -1 0 
P1: 0 1 -2 
P2: -2 2 0 
P3: 0 0 0 
"]
41[label = "Index: 41 
P0: 0 -1 0 
P1: 0 1 -1 
P2: -2 2 0 
P3: 0 0 0 
"]
42[label = "Index: 42 
P0: 0 0 0 
P1: 0 2 -2 
P2: -2 3 -1 
P3: 0 0 0 
"]
43[label = "Index: 43 
P0: 0 0 0 
P1: 0 1 -2 
P2: -2 2 0 
P3: 0 0 0 
"]
44[label = "Index: 44 
P0: 0 0 0 
P1: 0 1 -1 
P2: -2 2 0 
P3: 0 0 0 
"]
45[label = "Index: 45 
P0: 0 0 0 
P1: 0 2 -2 
P2: -2 3 0 
P3: 0 0 0 
"]
46[label = "Index: 46 
P0: 0 0 0 
P1: 0 2 -1 
P2: -2 3 0 
P3: 0 0 0 
"]
47[label = "Index: 47 
P0: 0 0 0 
P1: -1 2 -2 
P2: -2 3 -1 
P3: 0 0 0 
", color = "purple"]
48[label = "Index: 48 
P0: 0 0 0 
P1: -2 2 -2 
P2: -2 3 -1 
P3: 0 0 0 
", color = "purple"]
49[label = "Index: 49 
P0: 0 0 0 
P1: 0 2 -2 
P2: -1 3 -1 
P3: 0 0 0 
", color = "purple"]
50[label = "Index: 50 
P0: 0 0 0 
P1: 0 2 -2 
P2: -2 3 1 
P3: 0 0 0 
"]
51[label = "Index: 51 
P0: 0 0 0 
P1: -1 2 -2 
P2: -3 3 -1 
P3: 0 0 0 
", color = "purple"]
52[label = "Index: 52 
P0: 0 0 0 
P1: -2 2 -2 
P2: -4 3 -1 
P3: 0 0 0 
", color = "purple"]
53[label = "Index: 53 
P0: 0 0 0 
P1: 0 2 0 
P2: -2 3 1 
P3: 0 0 0 
"]
54[label = "Index: 54 
P0: 0 0 0 
P1: -1 2 -2 
P2: -2 3 0 
P3: 0 0 0 
", color = "purple"]
55[label = "Index: 55 
P0: 0 0 0 
P1: -2 2 -2 
P2: -2 3 0 
P3: 0 0 0 
", color = "purple"]
56[label = "Index: 56 
P0: 0 0 0 
P1: -1 2 -2 
P2: -3 3 0 
P3: 0 0 0 
", color = "purple"]
57[label = "Index: 57 
P0: 0 0 0 
P1: -2 2 -2 
P2: -4 3 0 
P3: 0 0 0 
", color = "purple"]
58[label = "Index: 58 
P0: 0 0 0 
P1: 0 2 -1 
P2: -2 3 1 
P3: 0 0 0 
"]
59[label = "Index: 59 
P0: 0 0 0 
P1: -1 2 -1 
P2: -2 3 0 
P3: 0 0 0 
", color = "purple"]
60[label = "Index: 60 
P0: 0 0 0 
P1: -2 2 -1 
P2: -2 3 0 
P3: 0 0 0 
", color = "purple"]
61[label = "Index: 61 
P0: 0 0 0 
P1: -1 2 -1 
P2: -3 3 0 
P3: 0 0 0 
", color = "purple"]
62[label = "Index: 62 
P0: 0 0 0 
P1: -2 2 -1 
P2: -4 3 0 
P3: 0 0 0 
", color = "purple"]
63[label = "Index: 63 
P0: 0 0 0 
P1: -1 2 -2 
P2: -1 3 -1 
P3: 0 0 0 
"]
64[label = "Index: 64 
P0: 0 0 0 
P1: -2 2 -2 
P2: -1 3 -1 
P3: 0 0 0 
"]
65[label = "Index: 65 
P0: 0 0 0 
P1: 0 1 -2 
P2: -1 3 -1 
P3: 0 0 0 
"]
66[label = "Index: 66 
P0: 0 -1 0 
P1: 0 1 -2 
P2: -1 3 -1 
P3: 0 0 0 
"]
67[label = "Index: 67 
P0: 0 -2 0 
P1: 0 0 -2 
P2: -1 3 -1 
P3: 0 0 0 
"]
68[label = "Index: 68 
P0: 0 0 0 
P1: -1 2 -2 
P2: -2 3 1 
P3: 0 0 0 
", color = "purple"]
69[label = "Index: 69 
P0: 0 0 0 
P1: -2 2 -2 
P2: -2 3 1 
P3: 0 0 0 
", color = "purple"]
70[label = "Index: 70 
P0: 0 0 0 
P1: -1 2 -2 
P2: -3 3 1 
P3: 0 0 0 
", color = "purple"]
71[label = "Index: 71 
P0: 0 0 0 
P1: -2 2 -2 
P2: -4 3 1 
P3: 0 0 0 
", color = "purple"]
72[label = "Index: 72 
P0: 0 0 0 
P1: -1 2 -1 
P2: -2 3 1 
P3: 0 0 0 
", color = "purple"]
73[label = "Index: 73 
P0: 0 0 0 
P1: -2 2 -1 
P2: -2 3 1 
P3: 0 0 0 
", color = "purple"]
74[label = "Index: 74 
P0: 0 0 0 
P1: -1 2 -1 
P2: -3 3 1 
P3: 0 0 0 
", color = "purple"]
75[label = "Index: 75 
P0: 0 0 0 
P1: -2 2 -1 
P2: -4 3 1 
P3: 0 0 0 
", color = "purple"]
76[label = "Index: 76 
P0: 0 0 0 
", color = "fuchsia"]
77[label = "Index: 77 
P1: -1 2 -1 
P2: -1 2 -1 
P3: 0 0 0 
", color = "red"]
78[label = "Index: 78 
P1: -1 2 -1 
", color = "fuchsia"]
79[label = "Index: 79 
P2: -1 2 -1 
P3: 0 0 0 
", color = "red"]
80[label = "Index: 80 
P2: -1 2 -1 
", style="filled", fillcolor = "blue"]
81[label = "Index: 81 
P3: 0 0 0 
", color = "fuchsia"]
0 -> 1
0 -> 2

1 -> 0
1 -> 2
1 -> 3
1 -> 4
1 -> 5
1 -> 6

2 -> 0
2 -> 1
2 -> 7
2 -> 8
2 -> 9
2 -> 10

3 -> 1
3 -> 7
3 -> 4
3 -> 5
3 -> 11

4 -> 1
4 -> 3
4 -> 8
4 -> 11
4 -> 6

5 -> 1
5 -> 3
5 -> 9
5 -> 11
5 -> 12
5 -> 6
5 -> 13

6 -> 1
6 -> 4
6 -> 5
6 -> 10
6 -> 11
6 -> 14
6 -> 15

7 -> 2
7 -> 3
7 -> 8
7 -> 9
7 -> 16

8 -> 2
8 -> 4
8 -> 7
8 -> 16
8 -> 10

9 -> 2
9 -> 5
9 -> 7
9 -> 16
9 -> 10
9 -> 12
9 -> 17

10 -> 2
10 -> 6
10 -> 8
10 -> 9
10 -> 16
10 -> 14
10 -> 18

11 -> 3
11 -> 4
11 -> 5
11 -> 6
11 -> 16
11 -> 19
11 -> 20
11 -> 21
11 -> 22

12 -> 5
12 -> 9
12 -> 13
12 -> 21
12 -> 14
12 -> 17

13 -> 5
13 -> 12
13 -> 22
13 -> 17
13 -> 15

14 -> 6
14 -> 10
14 -> 12
14 -> 15
14 -> 21
14 -> 18

15 -> 6
15 -> 13
15 -> 14
15 -> 22
15 -> 18

16 -> 7
16 -> 8
16 -> 9
16 -> 10
16 -> 11
16 -> 23
16 -> 24
16 -> 19
16 -> 21
16 -> 25

17 -> 9
17 -> 12
17 -> 13
17 -> 25
17 -> 26
17 -> 27
17 -> 18

18 -> 10
18 -> 14
18 -> 15
18 -> 17
18 -> 25
18 -> 28
18 -> 29

19 -> 11
19 -> 16
19 -> 23
19 -> 21
19 -> 22
19 -> 20
19 -> 30
19 -> 31

20 -> 11
20 -> 19
20 -> 24
20 -> 30
20 -> 31
20 -> 32

21 -> 11
21 -> 12
21 -> 14
21 -> 16
21 -> 19
21 -> 22
21 -> 23
21 -> 30
21 -> 31
21 -> 25

22 -> 11
22 -> 13
22 -> 15
22 -> 19
22 -> 21
22 -> 31
22 -> 25

23 -> 16
23 -> 19
23 -> 21
23 -> 24
23 -> 30

24 -> 16
24 -> 20
24 -> 23
24 -> 30
24 -> 25
24 -> 33

25 -> 16
25 -> 17
25 -> 18
25 -> 21
25 -> 22
