digraph G {
color = "black"
0[label = "Index: 0 
P0: 0 0 0 
P1: 0 0 0 
P2: 0 0 0 
P3: 0 0 0 
", color = "green"]
1[label = "Index: 1 
P0: 1 0 0 
P1: 0 0 0 
P2: 0 0 0 
P3: 0 0 0 
", color = "orange"]
2[label = "Index: 2 
P0: 1 0 0 
P1: 0 0 -1 
P2: 0 0 0 
P3: 0 0 0 
"]
3[label = "Index: 3 
P0: 1 0 -1 
P1: 0 0 -1 
P2: 0 0 0 
P3: 0 0 0 
"]
4[label = "Index: 4 
P0: 1 0 -1 
P1: 0 0 -1 
P2: 0 0 -1 
P3: 0 0 0 
", color = "orange"]
5[label = "Index: 5 
P0: 1 0 -1 
P1: 0 0 -2 
P2: 0 0 -1 
P3: 0 0 0 
"]
6[label = "Index: 6 
P0: 1 0 -2 
P1: 0 0 -2 
P2: 0 0 -1 
P3: 0 0 0 
"]
7[label = "Index: 7 
P0: 1 1 -1 
P1: 0 1 -1 
P2: 0 1 -1 
P3: 0 0 0 
", color = "red"]
8[label = "Index: 8 
P0: 1 1 -1 
P1: 0 1 -2 
P2: 0 1 -1 
P3: 0 0 0 
", color = "purple"]
9[label = "Index: 9 
P0: 1 1 -2 
P1: 0 1 -2 
P2: 0 1 -1 
P3: 0 0 0 
", color = "purple"]
10[label = "Index: 10 
P0: 1 1 -1 
P1: 1 1 -1 
P2: 1 1 -1 
P3: 0 0 0 
"]
11[label = "Index: 11 
P3: 0 0 0 
", color = "blue"]
0 -> 1

1 -> 0
1 -> 2
1 -> 3
1 -> 4

2 -> 1
2 -> 3
2 -> 4
2 -> 5

3 -> 1
3 -> 2
3 -> 4
3 -> 5
3 -> 6

4 -> 1
4 -> 2
4 -> 3
4 -> 5
4 -> 6
4 -> 7

5 -> 2
5 -> 3
5 -> 4
5 -> 6
5 -> 8

6 -> 3
6 -> 4
6 -> 5
6 -> 9

7 -> 4
7 -> 8
7 -> 9
7 -> 10
7 -> 11[style=bold label=" Remove P0 P1 P2 "];


8 -> 5
8 -> 7
8 -> 9

9 -> 6
9 -> 7
9 -> 8

10 -> 7

}
