graph G {
color = "black"
0 [label = "P1: 0 0 0 
P2: 0 0 0 
P3: 0 0 0 
P4: 0 0 0 
P5: 0 0 0 
P6: 0 0 0 
",  style="filled", fillcolor = "#96FF96"];
1 [label = "P1: 1 0 0 
P2: 0 0 0 
P3: 0 0 0 
P4: 0 0 0 
P5: 0 0 0 
P6: 0 0 0 
"];
2 [label = "P1: 1 0 0 
P2: 0 1 0 
P3: 0 0 0 
P4: 0 0 0 
P5: 0 0 0 
P6: 0 0 0 
"];
3 [label = "P1: 1 0 0 
P2: 0 1 0 
P3: 1 0 0 
P4: 0 0 0 
P5: 0 0 0 
P6: 0 0 0 
"];
4 [label = "P1: 1 0 0 
P2: 0 1 0 
P3: 1 0 0 
P4: 0 1 0 
P5: 0 0 0 
P6: 0 0 0 
"];
5 [label = "P1: 1 0 0 
P2: 0 1 0 
P3: 1 0 0 
P4: 0 1 0 
P5: 0 0 1 
P6: 0 0 0 
"];
6 [label = "P1: 2 0 0 
P2: 0 1 0 
P3: 1 0 0 
P4: 0 1 0 
P5: 0 0 1 
P6: 0 0 0 
"];
7 [label = "P1: 2 0 0 
P2: 0 1 0 
P3: 1 0 0 
P4: 0 1 0 
P5: 0 0 2 
P6: 0 0 0 
"];
8 [label = "P1: 2 0 0 
P2: 0 1 0 
P3: 2 0 0 
P4: 0 1 0 
P5: 0 0 2 
P6: 1 0 0 
"];
9 [label = "P1: 1 0 0 
P2: -1 1 0 
P3: 0 0 0 
P4: -1 1 0 
P5: -1 0 2 
P6: 0 0 0 
"];
10 [label = "P1: 2 0 0 
P2: 0 1 0 
P3: 2 0 0 
P4: 0 1 0 
P5: 0 0 2 
P6: 2 0 0 
"];
11 [label = "P1: 2 0 0 
P2: 0 1 0 
P3: 2 0 0 
P4: 0 1 0 
P5: 0 -1 2 
P6: 2 0 0 
"];
12 [label = "P1: 2 0 0 
P2: 0 1 0 
P3: 2 0 0 
P4: 0 1 0 
P5: 0 -1 1 
P6: 2 0 0 
"];
13 [label = "P1: 0 0 0 
P2: -1 1 0 
P3: 0 0 0 
P4: -1 1 0 
P5: -2 -1 1 
P6: 0 0 0 
"];
14 [label = "P1: 1 0 0 
P2: -1 1 0 
P3: 0 0 0 
P4: -1 1 0 
P5: -2 -1 1 
P6: 0 0 0 
"];
15 [label = "P1: 1 0 0 
P2: -1 1 0 
P3: 1 0 0 
P4: -1 1 0 
P5: -2 -1 1 
P6: 0 0 0 
"];
16 [label = "P1: 0 0 0 
P2: -2 1 0 
P3: 0 0 0 
P4: -2 1 0 
P5: -3 -1 1 
P6: 0 0 0 
"];
17 [label = "P1: 2 0 0 
P2: 0 1 0 
P3: 2 0 0 
P4: 0 1 0 
P5: -2 -1 1 
P6: 2 0 0 
"];
1717 [label = "P1: 2 0 0 
P2: 0 1 0 
P3: 2 0 0 
P4: 0 1 0 
P5: -2 +∞ 1 
P6: 2 0 0 
",  style="filled", fillcolor = "#FF9696"];
18 [label = "P1: 0 0 0 
P2: -1 1 0 
P3: 0 0 0 
P4: -1 0 0 
P5: -2 -1 1 
P6: 0 0 0 
"];
19 [label = "P1: 1 0 0 
P2: 0 1 0 
P3: 1 0 0 
P4: 0 1 0 
P5: -2 -1 1 
P6: 0 0 0 
"];
1919 [label = "P1: 1 0 0 
P2: 0 1 0 
P3: 1 0 0 
P4: 0 1 0 
P5: -2 -1 -∞ 
P6: 0 0 0 
",  style="filled", fillcolor = "#FF9696"];
20 [label = "P1: 0 0 0 
P2: -1 1 0 
P3: 0 0 0 
P4: -1 1 0 
P5: -3 -1 1 
P6: 0 0 0 
"];
2020 [label = "P1: 0 0 0 
P2: -1 1 0 
P3: 0 0 0 
P4: -1 1 0 
P5: -3 -1 -∞ 
P6: 0 0 0 
",  style="filled", fillcolor = "#FF9696"];
21 [label = "P1: 1 0 0 
P2: -1 1 0 
P3: 0 0 0 
P4: -1 0 0 
P5: -2 -1 1 
P6: 0 0 0 
"];
22 [label = "P1: 2 0 0 
P2: 0 1 0 
P3: 1 0 0 
P4: 0 1 0 
P5: -2 -1 1 
P6: 0 0 0 
"];
2222 [label = "P1: 2 0 0 
P2: 0 1 0 
P3: 1 0 0 
P4: 0 1 0 
P5: -2 -1 -∞ 
P6: 0 0 0 
",  style="filled", fillcolor = "#FF9696"];
23 [label = "P1: 1 0 0 
P2: -1 1 0 
P3: 0 0 0 
P4: -1 1 0 
P5: -3 -1 1 
P6: 0 0 0 
"];
2323 [label = "P1: 1 0 0 
P2: -1 1 0 
P3: 0 0 0 
P4: -1 1 0 
P5: -3 -1 -∞ 
P6: 0 0 0 
",  style="filled", fillcolor = "#FF9696"];
24 [label = "P1: 1 0 0 
P2: -1 1 0 
P3: 1 0 0 
P4: -1 0 0 
P5: -2 -1 1 
P6: 0 0 0 
"];
25 [label = "P1: 1 0 0 
P2: -1 1 0 
P3: 1 0 0 
P4: -1 1 0 
P5: -3 -1 1 
P6: 0 0 0 
"];
2525 [label = "P1: 1 0 0 
P2: -1 1 0 
P3: 1 0 0 
P4: -1 1 0 
P5: -3 -1 -∞ 
P6: 0 0 0 
",  style="filled", fillcolor = "#FF9696"];
26 [label = "P1: 1 0 0 
P2: 0 1 0 
P3: 0 0 0 
P4: 0 0 0 
P5: -2 -1 1 
P6: 0 0 0 
"];
2626 [label = "P1: 1 0 0 
P2: 0 1 0 
P3: 0 0 0 
P4: 0 0 0 
P5: -2 -1 -∞ 
P6: 0 0 0 
",  style="filled", fillcolor = "#FF9696"];
27 [label = "P1: 1 0 0 
P2: 0 1 0 
P3: 1 0 0 
P4: 0 0 0 
P5: -2 -1 1 
P6: 0 0 0 
"];
2727 [label = "P1: 1 0 0 
P2: 0 1 0 
P3: 1 0 0 
P4: 0 0 0 
P5: -2 -1 -∞ 
P6: 0 0 0 
",  style="filled", fillcolor = "#FF9696"];
28 [label = "P1: 0 0 0 
P2: -1 1 0 
P3: 0 0 0 
P4: -1 0 0 
P5: -3 -1 1 
P6: 0 0 0 
"];
2828 [label = "P1: 0 0 0 
P2: -1 1 0 
P3: 0 0 0 
P4: -1 0 0 
P5: -3 -1 -∞ 
P6: 0 0 0 
",  style="filled", fillcolor = "#FF9696"];
29 [label = "P1: 2 0 0 
P2: 0 1 0 
P3: 0 0 0 
P4: 0 0 0 
P5: -2 -1 1 
P6: 0 0 0 
"];
2929 [label = "P1: 2 0 0 
P2: 0 1 0 
P3: 0 0 0 
P4: 0 0 0 
P5: -2 -1 -∞ 
P6: 0 0 0 
",  style="filled", fillcolor = "#FF9696"];
30 [label = "P1: 2 0 0 
P2: 0 1 0 
P3: 1 0 0 
P4: 0 0 0 
P5: -2 -1 1 
P6: 0 0 0 
"];
3030 [label = "P1: 2 0 0 
P2: 0 1 0 
P3: 1 0 0 
P4: 0 0 0 
P5: -2 -1 -∞ 
P6: 0 0 0 
",  style="filled", fillcolor = "#FF9696"];
31 [label = "P1: 1 0 0 
P2: -1 1 0 
P3: 0 0 0 
P4: -1 0 0 
P5: -3 -1 1 
P6: 0 0 0 
"];
3131 [label = "P1: 1 0 0 
P2: -1 1 0 
P3: 0 0 0 
P4: -1 0 0 
P5: -3 -1 -∞ 
P6: 0 0 0 
",  style="filled", fillcolor = "#FF9696"];
32 [label = "P1: 1 0 0 
P2: -1 1 0 
P3: 1 0 0 
P4: -1 0 0 
P5: -3 -1 1 
P6: 0 0 0 
"];
3232 [label = "P1: 1 0 0 
P2: -1 1 0 
P3: 1 0 0 
P4: -1 0 0 
P5: -3 -1 -∞ 
P6: 0 0 0 
",  style="filled", fillcolor = "#FF9696"];
33 [label = "P1: 1 0 0 
P2: 0 0 0 
P3: 0 0 0 
P4: 0 0 0 
P5: -2 -1 1 
P6: 0 0 0 
"];
34 [label = "P1: 2 0 0 
P2: 0 0 0 
P3: 0 0 0 
P4: 0 0 0 
P5: -2 -1 1 
P6: 0 0 0 
"];
edge [style=bold];
0 -- 1 [color="#1E96FF", penwidth=4.0];

1 -- 2 [color="#1E96FF", penwidth=4.0];

2 -- 3 [color="#1E96FF", penwidth=4.0];

3 -- 4 [color="#1E96FF", penwidth=4.0];

4 -- 5 [color="#1E96FF", penwidth=4.0];

5 -- 6 [color="#1E96FF", penwidth=4.0];

6 -- 7 [color="#1E96FF", penwidth=4.0];

7 -- 8 [color="#1E96FF", penwidth=4.0];
7 -- 9 [color=black];

8 -- 9 [color=black];
8 -- 10 [color="#1E96FF", penwidth=4.0];

9 -- 10 [color=black];

10 -- 11 [color="#1E96FF", penwidth=4.0];

11 -- 12 [color="#1E96FF", penwidth=4.0];

12 -- 13 [color=black];
12 -- 14 [color=black];
12 -- 15 [color=black];
12 -- 16 [color=black];
12 -- 17 [color="#1E96FF", penwidth=4.0];

13 -- 14 [color=black];
13 -- 15 [color=black];
13 -- 18 [color=black];
13 -- 19 [color=black];
13 -- 20 [color=black];
13 -- 16 [color=black];

14 -- 15 [color=black];
14 -- 21 [color=black];
14 -- 19 [color=black];
14 -- 22 [color=black];
14 -- 23 [color=black];
14 -- 16 [color=black];

15 -- 24 [color=black];
15 -- 19 [color=black];
15 -- 22 [color=black];
15 -- 25 [color=black];
15 -- 16 [color=black];

16 -- 20 [color=black];
16 -- 23 [color=black];
16 -- 25 [color=black];
16 -- 17 [color=black];


17 -- 1717 [color="#1E96FF", penwidth=4.0];
18 -- 21 [color=black];
18 -- 24 [color=black];
18 -- 26 [color=black];
18 -- 27 [color=black];
18 -- 28 [color=black];

19 -- 22 [color=black];
19 -- 27 [color=black];

19 -- 1919 [color=black];
20 -- 23 [color=black];
20 -- 25 [color=black];
20 -- 28 [color=black];

20 -- 2020 [color=black];
21 -- 24 [color=black];
21 -- 26 [color=black];
21 -- 29 [color=black];
21 -- 27 [color=black];
21 -- 30 [color=black];
21 -- 31 [color=black];

22 -- 30 [color=black];

22 -- 2222 [color=black];
23 -- 25 [color=black];
23 -- 31 [color=black];

23 -- 2323 [color=black];
24 -- 27 [color=black];
24 -- 30 [color=black];
24 -- 32 [color=black];

25 -- 32 [color=black];

25 -- 2525 [color=black];
26 -- 29 [color=black];
26 -- 33 [color=black];
26 -- 27 [color=black];
26 -- 30 [color=black];

26 -- 2626 [color=black];
27 -- 30 [color=black];

27 -- 2727 [color=black];
28 -- 31 [color=black];
28 -- 32 [color=black];

28 -- 2828 [color=black];
29 -- 34 [color=black];
29 -- 30 [color=black];

29 -- 2929 [color=black];

30 -- 3030 [color=black];
31 -- 32 [color=black];

31 -- 3131 [color=black];

32 -- 3232 [color=black];


}
