digraph G {
color = "black"
0[label = "Index: 0 
P0: 0 0 0 
P1: 0 0 0 
P2: 0 0 0 
P3: 0 0 0 
P4: 0 0 0 
P5: 0 0 0 
", style="filled", fillcolor = "green"]
1[label = "Index: 1 
P0: 1 0 0 
P1: 0 0 0 
P2: 0 0 0 
P3: 0 0 0 
P4: 0 0 0 
P5: 0 0 0 
", color = "orange"]
2[label = "Index: 2 
P0: 1 0 0 
P1: 0 0 -1 
P2: 0 0 0 
P3: 0 0 0 
P4: 0 0 0 
P5: 0 0 0 
", color = "orange"]
3[label = "Index: 3 
P0: 1 0 0 
P1: 0 0 -1 
P2: 0 0 -1 
P3: 0 0 0 
P4: 0 0 0 
P5: 0 0 0 
"]
4[label = "Index: 4 
P0: 1 0 0 
P1: 0 0 -1 
P2: -1 0 0 
P3: 0 0 0 
P4: 0 0 0 
P5: 0 0 0 
", color = "orange"]
5[label = "Index: 5 
P0: 1 0 0 
P1: 0 1 -1 
P2: -1 1 0 
P3: 0 0 0 
P4: 0 0 0 
P5: 0 0 0 
", style="filled", fillcolor = "red"]
6[label = "Index: 6 
P0: 1 0 0 
P1: 0 0 -1 
P2: -1 0 0 
P3: 0 -1 0 
P4: 0 0 0 
P5: 0 0 0 
"]
7[label = "Index: 7 
P1: 0 1 -1 
", color = "fuchsia"]
8[label = "Index: 8 
P0: 1 0 0 
P2: -1 1 0 
P3: 0 0 0 
P4: 0 0 0 
P5: 0 0 0 
", color = "red"]
9[label = "Index: 9 
P0: 0 0 0 
P2: -1 1 0 
P3: 0 0 0 
P4: 0 0 0 
P5: 0 0 0 
"]
10[label = "Index: 10 
P2: -1 1 0 
", color = "fuchsia"]
11[label = "Index: 11 
P0: 1 0 0 
P3: 0 0 0 
P4: 0 0 0 
P5: 0 0 0 
", color = "orange"]
12[label = "Index: 12 
P0: 0 0 0 
P3: 0 0 0 
P4: 0 0 0 
P5: 0 0 0 
"]
13[label = "Index: 13 
P0: 1 0 0 
P3: -1 0 0 
P4: 0 0 0 
P5: 0 0 0 
"]
14[label = "Index: 14 
P0: 1 0 0 
P3: 0 -1 0 
P4: 0 0 0 
P5: 0 0 0 
"]
15[label = "Index: 15 
P0: 0 0 0 
P3: -1 0 0 
P4: 0 0 0 
P5: 0 0 0 
"]
16[label = "Index: 16 
P0: 1 0 0 
P3: 0 0 0 
P4: 1 0 0 
P5: 0 0 0 
", color = "red"]
17[label = "Index: 17 
P0: 0 0 0 
P3: 0 -1 0 
P4: 0 0 0 
P5: 0 0 0 
"]
18[label = "Index: 18 
P0: 1 0 0 
P3: -1 -1 0 
P4: 0 0 0 
P5: 0 0 0 
"]
19[label = "Index: 19 
P0: 1 0 0 
P3: -1 0 -1 
P4: 0 0 0 
P5: 0 0 0 
"]
20[label = "Index: 20 
P0: 0 0 0 
P3: -1 -1 0 
P4: 0 0 0 
P5: 0 0 0 
"]
21[label = "Index: 21 
P0: 1 0 0 
P3: 0 -1 0 
P4: 1 0 0 
P5: 0 0 0 
"]
22[label = "Index: 22 
P5: 0 0 0 
", color = "fuchsia"]
23[label = "Index: 23 
P0: 1 0 0 
P3: 0 0 0 
P4: 1 0 0 
", color = "red"]
24[label = "Index: 24 
P3: 0 0 0 
P4: 1 0 0 
", color = "orange"]
25[label = "Index: 25 
P0: 1 0 0 
", color = "fuchsia"]
26[label = "Index: 26 
P3: 1 0 0 
P4: 1 0 0 
"]
27[label = "Index: 27 
P3: 0 -1 0 
P4: 1 0 0 
"]
28[label = "Index: 28 
P3: 0 0 -1 
P4: 1 0 0 
", color = "red"]
29[label = "Index: 29 
P3: 1 -1 0 
P4: 1 0 0 
"]
30[label = "Index: 30 
P3: 0 -1 -1 
P4: 1 0 0 
"]
31[label = "Index: 31 
P4: 1 0 0 
", style="filled", fillcolor = "blue"]
32[label = "Index: 32 
P3: 0 0 -1 
", color = "fuchsia"]
0 -> 1

1 -> 0
1 -> 2
1 -> 3

2 -> 1
2 -> 4
2 -> 3

3 -> 1
3 -> 2

4 -> 2
4 -> 5
4 -> 6

5 -> 4
5 -> 6
5 -> 8
5 -> 7

6 -> 4
6 -> 5

8 -> 9
8 -> 11
8 -> 10

9 -> 8

11 -> 12
11 -> 13
11 -> 14
11 -> 15
11 -> 16

12 -> 11
12 -> 15
12 -> 17
12 -> 16

13 -> 11
13 -> 15
13 -> 18
13 -> 19
13 -> 16

14 -> 11
14 -> 17
14 -> 18
14 -> 20
14 -> 21

15 -> 11
15 -> 12
15 -> 13
15 -> 20
15 -> 16

16 -> 11
16 -> 12
16 -> 13
16 -> 15
16 -> 21
16 -> 22
16 -> 23

17 -> 12
17 -> 14

18 -> 13
18 -> 14

19 -> 13

20 -> 14
20 -> 15

21 -> 14
21 -> 16

23 -> 24
23 -> 25

24 -> 26
24 -> 27
24 -> 28

26 -> 24
26 -> 29

27 -> 24
27 -> 29
27 -> 30

28 -> 24
28 -> 31
28 -> 32

29 -> 26
29 -> 27

30 -> 27

}
