graph G {
color = "black"
0 [label = "P1: 0 0 0 
P2: 0 0 0 
P3: 0 0 0 
",  style="filled", fillcolor = "#96FF96"];
1 [label = "P1: 0 0 0 
P2: 0 0 0 
P3: 0 1 0 
"];
2 [label = "P1: -1 0 0 
P2: 0 0 0 
P3: 0 1 0 
"];
3 [label = "P1: -1 0 0 
P2: 0 -1 0 
P3: 0 1 0 
"];
4 [label = "P1: -1 -2 0 
P2: 0 -2 0 
P3: 0 0 0 
"];
5 [label = "P1: -1 0 1 
P2: 0 -1 0 
P3: 0 1 0 
"];
6 [label = "P1: -1 -1 0 
P2: 0 -2 -1 
P3: 0 0 0 
"];
7 [label = "P1: -1 0 1 
P2: 0 -1 -1 
P3: 0 1 0 
"];
8 [label = "P1: -1 -1 1 
P2: 0 -1 -1 
P3: 0 1 0 
"];
9 [label = "P1: 0 -2 1 
P2: 0 -2 -1 
P3: 0 0 0 
"];
10 [label = "P1: -1 -1 1 
P2: -1 -1 -1 
P3: 0 1 0 
"];
1010 [label = "P1: -1 +∞ 1 
P2: -1 +∞ -1 
P3: 0 1 0 
",  style="filled", fillcolor = "#FF9696"];
edge [style=bold];
0 -- 1 [color="#1E96FF", penwidth=4.0];

1 -- 2 [color="#1E96FF", penwidth=4.0];

2 -- 3 [color="#1E96FF", penwidth=4.0];
2 -- 4 [color=black];

3 -- 4 [color=black];
3 -- 5 [color="#1E96FF", penwidth=4.0];
3 -- 6 [color=black];


5 -- 7 [color="#1E96FF", penwidth=4.0];
5 -- 6 [color=black];

6 -- 7 [color=black];

7 -- 8 [color="#1E96FF", penwidth=4.0];

8 -- 9 [color=black];
8 -- 10 [color="#1E96FF", penwidth=4.0];

9 -- 10 [color=black];


10 -- 1010 [color="#1E96FF", penwidth=4.0];
}
