digraph G {
color = "black"
0[label = "Index: 0 
P0: 0 0 0 
P1: 0 0 0 
P2: 0 0 0 
P3: 0 0 0 
", style="filled", fillcolor = "green"]
1[label = "Index: 1 
P0: 0 1 0 
P1: 0 0 0 
P2: 0 0 0 
P3: 0 0 0 
", color = "orange"]
2[label = "Index: 2 
P0: 0 1 0 
P1: -1 0 0 
P2: 0 0 0 
P3: 0 0 0 
"]
3[label = "Index: 3 
P0: 0 1 0 
P1: -2 0 0 
P2: 0 0 0 
P3: 0 0 0 
", color = "orange"]
4[label = "Index: 4 
P0: 0 1 0 
P1: -3 0 0 
P2: 0 0 0 
P3: 0 0 0 
"]
5[label = "Index: 5 
P0: 0 1 0 
P1: -4 0 0 
P2: 0 0 0 
P3: 0 0 0 
"]
6[label = "Index: 6 
P0: 0 1 0 
P1: -2 0 0 
P2: 0 -1 0 
P3: 0 0 0 
", style="filled", fillcolor = "red"]
7[label = "Index: 7 
P0: 0 1 0 
P1: -3 0 0 
P2: 0 -1 0 
P3: 0 0 0 
", color = "purple"]
8[label = "Index: 8 
P0: 0 1 0 
P1: -4 0 0 
P2: 0 -1 0 
P3: 0 0 0 
", color = "purple"]
9[label = "Index: 9 
P0: 0 0 0 
P1: -4 -1 0 
P2: 0 -1 0 
P3: 0 0 0 
", color = "purple"]
10[label = "Index: 10 
P0: 0 1 0 
", color = "fuchsia"]
11[label = "Index: 11 
P1: -2 0 0 
P2: 0 -1 0 
P3: 0 0 0 
", color = "orange"]
12[label = "Index: 12 
P1: -3 0 0 
P2: 0 -1 0 
P3: 0 0 0 
"]
13[label = "Index: 13 
P1: -4 0 0 
P2: 0 -1 0 
P3: 0 0 0 
", color = "orange"]
14[label = "Index: 14 
P1: -2 0 0 
P2: 0 0 0 
P3: 0 0 0 
"]
15[label = "Index: 15 
P1: -3 0 0 
P2: 0 0 0 
P3: 0 0 0 
"]
16[label = "Index: 16 
P1: -4 -1 0 
P2: 0 -1 0 
P3: 0 0 0 
", color = "red"]
17[label = "Index: 17 
P1: -4 0 0 
P2: 0 0 0 
P3: 0 0 0 
"]
18[label = "Index: 18 
P1: -1 0 0 
P2: 0 0 0 
P3: 0 0 0 
"]
19[label = "Index: 19 
P1: 0 0 0 
P2: 0 0 0 
P3: 0 0 0 
"]
20[label = "Index: 20 
P1: -4 -1 0 
", color = "fuchsia"]
21[label = "Index: 21 
P2: 0 -1 0 
P3: 0 0 0 
", color = "orange"]
22[label = "Index: 22 
P2: 0 0 0 
P3: 0 0 0 
"]
23[label = "Index: 23 
P2: 0 -1 -1 
P3: 0 0 0 
", color = "red"]
24[label = "Index: 24 
P2: 0 -1 -2 
P3: 0 0 0 
"]
25[label = "Index: 25 
P2: 0 -1 -3 
P3: 0 0 0 
"]
26[label = "Index: 26 
P2: 0 -1 -1 
", style="filled", fillcolor = "blue"]
27[label = "Index: 27 
P3: 0 0 0 
", color = "fuchsia"]
0 -> 1

1 -> 0
1 -> 2
1 -> 3
1 -> 4
1 -> 5

2 -> 1
2 -> 3
2 -> 4
2 -> 5

3 -> 1
3 -> 2
3 -> 4
3 -> 5
3 -> 6

4 -> 1
4 -> 2
4 -> 3
4 -> 5
4 -> 7

5 -> 1
5 -> 2
5 -> 3
5 -> 4
5 -> 8
5 -> 9

6 -> 3
6 -> 11
6 -> 10

7 -> 4

8 -> 5

9 -> 5

11 -> 12
11 -> 13
11 -> 14

12 -> 11
12 -> 13
12 -> 15

13 -> 11
13 -> 12
13 -> 16
13 -> 17

14 -> 11
14 -> 15
14 -> 17
14 -> 18
14 -> 19

15 -> 12
15 -> 14
15 -> 17
15 -> 18
15 -> 19

16 -> 13
16 -> 21
16 -> 20

17 -> 13
17 -> 14
17 -> 15

18 -> 14
18 -> 15

19 -> 14
19 -> 15

21 -> 22
21 -> 23
21 -> 24
21 -> 25

22 -> 21

23 -> 21
23 -> 27
23 -> 26

24 -> 21

25 -> 21

}
