digraph G {
color = "black"
0[label = "Index: 0 
P0: 0 0 0 
P1: 0 0 0 
P2: 0 0 0 
P3: 0 0 0 
", style="filled", fillcolor = "green"]
1[label = "Index: 1 
P0: 0 0 1 
P1: 0 0 0 
P2: 0 0 0 
P3: 0 0 0 
", color = "orange"]
2[label = "Index: 2 
P0: 0 0 1 
P1: -1 0 0 
P2: 0 0 0 
P3: 0 0 0 
", color = "orange"]
3[label = "Index: 3 
P0: 0 0 1 
P1: -1 0 0 
P2: 0 0 -1 
P3: 0 0 0 
", color = "orange"]
4[label = "Index: 4 
P0: 0 0 1 
P1: -2 0 0 
P2: 0 0 -1 
P3: 0 0 0 
", color = "orange"]
5[label = "Index: 5 
P0: 0 1 1 
P1: -2 1 0 
P2: 0 1 -1 
P3: 0 0 0 
", color = "orange"]
6[label = "Index: 6 
P0: 0 1 1 
P1: -2 1 0 
P2: 0 1 -2 
P3: 0 0 0 
", color = "orange"]
7[label = "Index: 7 
P0: 0 1 1 
P1: -2 1 -1 
P2: 0 1 -2 
P3: 0 0 0 
"]
8[label = "Index: 8 
P0: 0 1 1 
P1: -2 1 -1 
P2: 0 1 -3 
P3: 0 0 0 
"]
9[label = "Index: 9 
P0: 0 2 1 
P1: -2 2 0 
P2: 0 2 -2 
P3: 0 0 0 
", color = "orange"]
10[label = "Index: 10 
P0: 0 2 1 
P1: -2 2 -1 
P2: 0 2 -2 
P3: 0 0 0 
"]
11[label = "Index: 11 
P0: 0 2 1 
P1: -2 2 -1 
P2: 0 2 -3 
P3: 0 0 0 
"]
12[label = "Index: 12 
P0: 0 2 2 
P1: -2 2 0 
P2: 0 2 -2 
P3: 0 0 0 
"]
13[label = "Index: 13 
P0: 0 2 3 
P1: -2 2 0 
P2: 0 2 -2 
P3: 0 0 0 
", color = "orange"]
14[label = "Index: 14 
P0: 0 2 1 
P1: -2 2 -2 
P2: 0 2 -4 
P3: 0 0 0 
"]
15[label = "Index: 15 
P0: 0 2 2 
P1: -2 2 -1 
P2: 0 2 -2 
P3: 0 0 0 
"]
16[label = "Index: 16 
P0: 0 2 1 
P1: -2 2 -2 
P2: 0 2 -3 
P3: 0 0 0 
"]
17[label = "Index: 17 
P0: 0 2 2 
P1: -2 2 -1 
P2: 0 2 -3 
P3: 0 0 0 
"]
18[label = "Index: 18 
P0: 0 1 3 
P1: -2 1 0 
P2: 0 1 -2 
P3: 0 0 0 
", color = "orange"]
19[label = "Index: 19 
P0: 0 2 1 
P1: -2 2 -2 
P2: 1 2 -3 
P3: 0 0 0 
"]
20[label = "Index: 20 
P0: 0 1 3 
P1: -2 1 0 
P2: 0 1 -1 
P3: 0 0 0 
"]
21[label = "Index: 21 
P0: 0 1 3 
P1: -2 1 1 
P2: 0 1 -1 
P3: 0 0 0 
"]
22[label = "Index: 22 
P0: 0 1 4 
P1: -2 1 1 
P2: 0 1 -1 
P3: 0 0 0 
", color = "orange"]
23[label = "Index: 23 
P0: 0 0 4 
P1: -2 0 1 
P2: 0 0 -1 
P3: 0 0 0 
", color = "orange"]
24[label = "Index: 24 
P0: 0 0 4 
P1: -2 0 1 
P2: 0 0 0 
P3: 0 0 0 
"]
25[label = "Index: 25 
P0: 0 0 4 
P1: -2 0 2 
P2: 0 0 0 
P3: 0 0 0 
"]
26[label = "Index: 26 
P0: 0 0 5 
P1: -2 0 2 
P2: 0 0 0 
P3: 0 0 0 
", color = "orange"]
27[label = "Index: 27 
P0: -1 0 5 
P1: -2 0 2 
P2: 0 0 0 
P3: 0 0 0 
", style="filled", fillcolor = "red"]
28[label = "Index: 28 
P0: -2 0 5 
P1: -2 0 2 
P2: 0 0 0 
P3: 0 0 0 
", color = "purple"]
29[label = "Index: 29 
P0: -1 0 5 
", color = "fuchsia"]
30[label = "Index: 30 
P1: -2 0 2 
P2: 0 0 0 
P3: 0 0 0 
", color = "orange"]
31[label = "Index: 31 
P1: -2 0 1 
P2: 0 0 0 
P3: 0 0 0 
", color = "red"]
32[label = "Index: 32 
P1: -2 0 1 
P2: 0 0 -1 
P3: 0 0 0 
"]
33[label = "Index: 33 
P1: -2 0 1 
", color = "fuchsia"]
34[label = "Index: 34 
P2: 0 0 0 
P3: 0 0 0 
", color = "orange"]
35[label = "Index: 35 
P2: 0 0 -1 
P3: 0 0 0 
", color = "orange"]
36[label = "Index: 36 
P2: 0 1 -1 
P3: 0 0 0 
", color = "red"]
37[label = "Index: 37 
P2: 0 1 -1 
", style="filled", fillcolor = "blue"]
38[label = "Index: 38 
P3: 0 0 0 
", color = "fuchsia"]
0 -> 1

1 -> 0
1 -> 2

2 -> 1
2 -> 3

3 -> 2
3 -> 4

4 -> 3
4 -> 5

5 -> 4
5 -> 6
5 -> 7

6 -> 5
6 -> 7
6 -> 8
6 -> 9

7 -> 5
7 -> 6
7 -> 8
7 -> 10

8 -> 6
8 -> 7
8 -> 11

9 -> 6
9 -> 12
9 -> 13
9 -> 10
9 -> 11
9 -> 14

10 -> 7
10 -> 9
10 -> 15
10 -> 12
10 -> 11
10 -> 16

11 -> 8
11 -> 9
11 -> 10
11 -> 17
11 -> 16
11 -> 15
11 -> 14
11 -> 12

12 -> 9
12 -> 10
12 -> 11
12 -> 13
12 -> 15
12 -> 17

13 -> 9
13 -> 12
13 -> 15
13 -> 18
13 -> 17
13 -> 14

14 -> 9
14 -> 11
14 -> 13
14 -> 16
14 -> 17

15 -> 10
15 -> 11
15 -> 12
15 -> 13
15 -> 17
15 -> 16

16 -> 10
16 -> 11
16 -> 14
16 -> 15
16 -> 17
16 -> 19

17 -> 11
17 -> 12
17 -> 13
17 -> 14
17 -> 15
17 -> 16

18 -> 13
18 -> 20
18 -> 21
18 -> 22

19 -> 16

20 -> 18
20 -> 21
20 -> 22

21 -> 18
21 -> 20
21 -> 22

22 -> 18
22 -> 20
22 -> 21
22 -> 23

23 -> 22
23 -> 24
23 -> 25
23 -> 26

24 -> 23
24 -> 25
24 -> 26

25 -> 23
25 -> 24
25 -> 26

26 -> 23
26 -> 24
26 -> 25
26 -> 27
26 -> 28

27 -> 26
27 -> 30
27 -> 29

28 -> 26

30 -> 31
30 -> 32

31 -> 30
31 -> 34
31 -> 33

32 -> 30

34 -> 35

35 -> 34
35 -> 36

36 -> 35
36 -> 38
36 -> 37

}
