graph G {
color = "black"
0 [label = "P1: 0 0 0 
P2: 0 0 0 
P3: 0 0 0 
",  style="filled", fillcolor = "#96FF96"];
1 [label = "P1: 0 0 1 
P2: 0 0 0 
P3: 0 0 0 
"];
2 [label = "P1: 0 0 1 
P2: 1 0 0 
P3: 0 0 0 
"];
3 [label = "P1: 0 0 1 
P2: 2 0 0 
P3: 0 0 0 
"];
4 [label = "P1: 0 0 1 
P2: 3 0 0 
P3: 0 0 0 
"];
5 [label = "P1: 0 1 1 
P2: 2 0 0 
P3: 0 0 0 
",  style="filled", fillcolor = "#FF9696"];
6 [label = "P1: 0 1 1 
P2: 2 1 0 
P3: 0 0 0 
",  style="filled", fillcolor = "#FF9696"];
7 [label = "P1: 0 0 1 
P2: 3 0 -1 
P3: 0 0 0 
",  style="filled", fillcolor = "#FF9696"];
8 [label = "P1: 0 0 1 
P2: 3 0 -2 
P3: 0 0 0 
",  style="filled", fillcolor = "#FF9696"];
9 [label = "P1: 0 1 1 
P2: 3 1 0 
P3: 0 0 0 
",  style="filled", fillcolor = "#FF9696"];
10 [label = "P1: 0 0 0 
P2: 3 0 -1 
P3: 0 0 0 
"];
11 [label = "P1: 1 1 1 
P2: 2 1 0 
P3: 0 0 0 
"];
12 [label = "P1: 2 1 1 
P2: 2 1 0 
P3: 0 0 0 
"];
13 [label = "P1: 0 1 1 
P2: 3 0 -1 
P3: 0 0 0 
"];
14 [label = "P1: 0 1 1 
P2: 3 0 -2 
P3: 0 0 0 
"];
15 [label = "P1: 0 0 0 
P2: 3 0 -2 
P3: 0 0 0 
",  style="filled", fillcolor = "#FF9696"];
16 [label = "P1: 1 1 1 
P2: 3 1 0 
P3: 0 0 0 
"];
17 [label = "P1: 2 1 1 
P2: 3 1 0 
P3: 0 0 0 
"];
18 [label = "P1: 3 1 1 
P2: 3 1 0 
P3: 0 0 0 
"];
19 [label = "P1: 0 1 1 
P2: 3 1 -1 
P3: 0 0 0 
"];
20 [label = "P3: 0 0 0 
",  style="filled", fillcolor = "#FF96FF"];
21 [label = "P1: 0 1 1 
P2: 2 0 0 
"];
22 [label = "P2: 2 0 0 
", style="filled", fillcolor = "#9696FF"];
23 [label = "P1: 0 1 1 
",  style="filled", fillcolor = "#FF96FF"];
edge [style=bold];
0 -- 1 [color="#1E96FF", penwidth=4.0];

1 -- 2 [color=black];
1 -- 3 [color="#1E96FF", penwidth=4.0];
1 -- 4 [color=black];

2 -- 3 [color=black];
2 -- 4 [color=black];

3 -- 5 [color="#1E96FF", penwidth=4.0];
3 -- 4 [color=black];
3 -- 6 [color=black];

4 -- 7 [color=black];
4 -- 8 [color=black];
4 -- 9 [color=black];
4 -- 10 [color=black];

5 -- 6 [color=black];
5 -- 20 [color=black];
5 -- 21 [color="#1E96FF", penwidth=4.0];

6 -- 11 [color=black];
6 -- 12 [color=black];
6 -- 9 [color=black];

7 -- 13 [color=black];
7 -- 10 [color=black];

8 -- 14 [color=black];
8 -- 15 [color=black];

9 -- 16 [color=black];
9 -- 17 [color=black];
9 -- 18 [color=black];
9 -- 19 [color=black];

10 -- 15 [color=black];










21 -- 22 [color="#1E96FF", penwidth=4.0];
21 -- 23 [color=black];

}
