graph G {
color = "black"
0 [label = "P1: 0 0 0 
P2: 0 0 0 
P3: 0 0 0 
P4: 0 0 0 
",  style="filled", fillcolor = "#96FF96"];
1 [label = "P1: -1 0 0 
P2: 0 0 0 
P3: 0 0 0 
P4: 0 0 0 
"];
2 [label = "P1: -2 0 0 
P2: 0 0 0 
P3: 0 0 0 
P4: 0 0 0 
"];
3 [label = "P1: -3 0 0 
P2: 0 0 0 
P3: 0 0 0 
P4: 0 0 0 
"];
4 [label = "P1: -4 0 0 
P2: 0 0 0 
P3: 0 0 0 
P4: 0 0 0 
"];
5 [label = "P1: -4 0 1 
P2: 0 0 0 
P3: 0 0 0 
P4: 0 0 0 
"];
6 [label = "P1: -4 0 1 
P2: 0 -1 0 
P3: 0 0 0 
P4: 0 0 0 
"];
7 [label = "P1: -4 0 1 
P2: 0 -1 0 
P3: 0 0 1 
P4: 0 0 0 
"];
8 [label = "P1: -4 0 2 
P2: 0 -1 0 
P3: 0 0 1 
P4: 0 0 0 
"];
9 [label = "P1: -4 0 1 
P2: 0 -2 0 
P3: 0 0 1 
P4: 0 0 0 
"];
10 [label = "P1: -4 0 2 
P2: 0 -2 0 
P3: 0 0 1 
P4: 0 0 0 
"];
11 [label = "P1: -4 0 1 
P2: 0 -2 -1 
P3: 0 0 0 
P4: 0 0 0 
"];
12 [label = "P1: -4 0 0 
P2: 0 -2 -1 
P3: 0 0 0 
P4: 0 0 0 
"];
13 [label = "P1: -4 0 1 
P2: 0 -3 -1 
P3: 0 0 0 
P4: 0 0 0 
"];
1313 [label = "P1: +∞ 0 1 
P2: 0 -3 -1 
P3: 0 0 0 
P4: 0 0 0 
",  style="filled", fillcolor = "#FF9696"];
14 [label = "P1: -4 0 1 
P2: 0 -4 -1 
P3: 0 0 0 
P4: 0 0 0 
"];
1414 [label = "P1: +∞ 0 1 
P2: 0 -4 -1 
P3: 0 0 0 
P4: 0 0 0 
",  style="filled", fillcolor = "#FF9696"];
15 [label = "P1: -4 0 0 
P2: 0 -3 -1 
P3: 0 0 0 
P4: 0 0 0 
"];
1515 [label = "P1: -4 0 -∞ 
P2: 0 -3 -1 
P3: 0 0 -∞ 
P4: 0 0 0 
",  style="filled", fillcolor = "#FF9696"];
16 [label = "P1: -3 0 0 
P2: 0 -3 -1 
P3: 0 0 0 
P4: 0 0 0 
"];
17 [label = "P1: -4 0 0 
P2: 0 -3 -1 
P3: 0 0 1 
P4: 0 0 0 
"];
18 [label = "P1: -4 0 0 
P2: 0 -3 -1 
P3: 0 0 2 
P4: 0 0 0 
"];
edge [style=bold];
0 -- 1 [color=black];
0 -- 2 [color=black];
0 -- 3 [color=black];
0 -- 4 [color="#1E96FF", penwidth=4.0];

1 -- 2 [color=black];
1 -- 3 [color=black];
1 -- 4 [color=black];

2 -- 3 [color=black];
2 -- 4 [color=black];

3 -- 4 [color=black];

4 -- 5 [color="#1E96FF", penwidth=4.0];

5 -- 6 [color="#1E96FF", penwidth=4.0];

6 -- 7 [color="#1E96FF", penwidth=4.0];
6 -- 8 [color=black];

7 -- 8 [color=black];
7 -- 9 [color="#1E96FF", penwidth=4.0];

8 -- 10 [color=black];

9 -- 10 [color=black];
9 -- 11 [color="#1E96FF", penwidth=4.0];
9 -- 12 [color=black];

10 -- 11 [color=black];

11 -- 12 [color=black];
11 -- 13 [color="#1E96FF", penwidth=4.0];
11 -- 14 [color=black];

12 -- 15 [color=black];

13 -- 15 [color=black];

13 -- 1313 [color="#1E96FF", penwidth=4.0];

14 -- 1414 [color=black];
15 -- 16 [color=black];
15 -- 17 [color=black];
15 -- 18 [color=black];

15 -- 1515 [color=black];



}
