digraph G {
color = "black"
0[label = "Index: 0 
P0: 0 0 0 
P1: 0 0 0 
P2: 0 0 0 
P3: 0 0 0 
", style="filled", fillcolor = "green"]
1[label = "Index: 1 
P0: 0 0 -1 
P1: 0 0 0 
P2: 0 0 0 
P3: 0 0 0 
", color = "orange"]
2[label = "Index: 2 
P0: 0 0 -1 
P1: 1 0 0 
P2: 0 0 0 
P3: 0 0 0 
", color = "orange"]
3[label = "Index: 3 
P0: 0 0 -1 
P1: 1 0 0 
P2: 0 0 1 
P3: 0 0 0 
"]
4[label = "Index: 4 
P0: 0 0 -1 
P1: 1 0 0 
P2: 0 0 2 
P3: 0 0 0 
", color = "orange"]
5[label = "Index: 5 
P0: 0 -1 -1 
P1: 1 0 0 
P2: 0 0 2 
P3: 0 0 0 
", color = "orange"]
6[label = "Index: 6 
P0: 0 -1 -1 
P1: 2 0 0 
P2: 0 0 2 
P3: 0 0 0 
", color = "orange"]
7[label = "Index: 7 
P0: 0 -1 -1 
P1: 2 0 1 
P2: 0 0 2 
P3: 0 0 0 
", color = "orange"]
8[label = "Index: 8 
P0: 0 0 -1 
P1: 2 0 1 
P2: 0 0 2 
P3: 0 0 0 
", color = "orange"]
9[label = "Index: 9 
P0: 0 -1 -1 
P1: 3 0 1 
P2: 0 0 2 
P3: 0 0 0 
"]
10[label = "Index: 10 
P0: 0 0 -1 
P1: 3 0 1 
P2: 0 0 2 
P3: 0 0 0 
", color = "orange"]
11[label = "Index: 11 
P0: 0 0 -1 
P1: 2 0 1 
P2: 1 0 2 
P3: 0 0 0 
"]
12[label = "Index: 12 
P0: 0 0 -1 
P1: 3 0 1 
P2: 1 0 2 
P3: 0 0 0 
"]
13[label = "Index: 13 
P0: 0 0 0 
P1: 3 0 1 
P2: 0 0 2 
P3: 0 0 0 
"]
14[label = "Index: 14 
P0: 0 0 -1 
P1: 4 0 1 
P2: 1 0 2 
P3: 0 0 0 
", color = "orange"]
15[label = "Index: 15 
P0: 0 0 -1 
P1: 2 0 2 
P2: 1 0 2 
P3: 0 0 0 
"]
16[label = "Index: 16 
P0: 0 1 -1 
P1: 3 0 1 
P2: 1 0 2 
P3: 0 0 0 
"]
17[label = "Index: 17 
P0: 0 1 -1 
P1: 4 0 1 
P2: 1 0 2 
P3: 0 0 0 
", color = "orange"]
18[label = "Index: 18 
P0: 0 1 -1 
P1: 2 0 2 
P2: 1 0 2 
P3: 0 0 0 
"]
19[label = "Index: 19 
P0: 0 1 -2 
P1: 3 0 1 
P2: 1 0 2 
P3: 0 0 0 
"]
20[label = "Index: 20 
P0: 0 1 -2 
P1: 4 0 1 
P2: 1 0 2 
P3: 0 0 0 
", style="filled", fillcolor = "red"]
21[label = "Index: 21 
P0: 0 1 -2 
P1: 4 0 0 
P2: 1 0 1 
P3: 0 0 0 
"]
22[label = "Index: 22 
P0: 0 1 -2 
P1: 2 0 2 
P2: 1 0 2 
P3: 0 0 0 
"]
23[label = "Index: 23 
P0: 0 1 -2 
P1: 2 0 1 
P2: 1 0 2 
P3: 0 0 0 
"]
24[label = "Index: 24 
P0: 0 1 -2 
P1: 2 0 1 
P2: 1 0 1 
P3: 0 0 0 
"]
25[label = "Index: 25 
P0: 0 1 -2 
P1: 3 0 1 
P2: 0 0 2 
P3: 0 0 0 
", color = "purple"]
26[label = "Index: 26 
P0: 0 1 -2 
P1: 3 0 1 
P2: 2 0 2 
P3: 0 0 0 
", color = "purple"]
27[label = "Index: 27 
P0: 0 1 -2 
P1: 2 0 1 
P2: 0 0 2 
P3: 0 0 0 
"]
28[label = "Index: 28 
P0: 0 1 -2 
P1: 4 0 1 
P2: 2 0 2 
P3: 0 0 0 
", color = "purple"]
29[label = "Index: 29 
P0: 0 1 -2 
P1: 2 0 2 
P2: 2 0 2 
P3: 0 0 0 
", color = "purple"]
30[label = "Index: 30 
P0: 0 1 -2 
P1: 3 0 2 
P2: 2 0 2 
P3: 0 0 0 
", color = "purple"]
31[label = "Index: 31 
P0: 0 1 -2 
P1: 3 0 2 
P2: 2 0 3 
P3: 0 0 0 
"]
32[label = "Index: 32 
P0: 0 1 -2 
P1: 3 0 2 
P2: 2 0 4 
P3: 0 0 0 
"]
33[label = "Index: 33 
P0: 0 1 -1 
P1: 3 0 2 
P2: 2 0 3 
P3: 0 0 0 
"]
34[label = "Index: 34 
P0: 0 1 -2 
P3: 0 0 0 
", color = "blue"]
35[label = "Index: 35 
P0: 0 1 -1 
P3: 0 0 0 
", color = "orange"]
36[label = "Index: 36 
P0: 0 0 -1 
P3: 0 0 0 
"]
37[label = "Index: 37 
P0: 0 -1 -1 
P3: 0 0 0 
", color = "orange"]
38[label = "Index: 38 
P0: 0 0 0 
P3: 0 0 0 
"]
39[label = "Index: 39 
P0: 0 -1 0 
P3: 0 0 0 
"]
40[label = "Index: 40 
P0: 0 -1 1 
P3: 0 0 0 
", color = "red"]
41[label = "Index: 41 
P0: 0 -1 1 
", color = "fuchsia"]
42[label = "Index: 42 
P3: 0 0 0 
", color = "fuchsia"]
43[label = "Index: 43 
P1: 4 0 1 
P2: 1 0 2 
", color = "orange"]
44[label = "Index: 44 
P1: 3 0 1 
P2: 1 0 2 
", color = "orange"]
45[label = "Index: 45 
P1: 2 0 1 
P2: 1 0 2 
"]
46[label = "Index: 46 
P1: 3 0 0 
P2: 1 0 2 
"]
47[label = "Index: 47 
P1: 3 0 -1 
P2: 1 0 2 
", color = "orange"]
48[label = "Index: 48 
P1: 2 0 0 
P2: 1 0 2 
"]
49[label = "Index: 49 
P1: 2 0 2 
P2: 1 0 2 
"]
50[label = "Index: 50 
P1: 4 0 -1 
P2: 1 0 2 
", color = "orange"]
51[label = "Index: 51 
P1: 1 0 2 
P2: 1 0 2 
"]
52[label = "Index: 52 
P1: 4 1 -1 
P2: 1 0 2 
", color = "red"]
53[label = "Index: 53 
P2: 1 0 2 
", style="filled", fillcolor = "blue"]
54[label = "Index: 54 
P1: 4 1 -1 
", color = "fuchsia"]
0 -> 1

1 -> 0
1 -> 2

2 -> 1
2 -> 3
2 -> 4

3 -> 2
3 -> 4

4 -> 2
4 -> 3
4 -> 5

5 -> 4
5 -> 6

6 -> 5
6 -> 7

7 -> 6
7 -> 8
7 -> 9

8 -> 7
8 -> 10
8 -> 11
8 -> 12

9 -> 7
9 -> 10

10 -> 8
10 -> 9
10 -> 13
10 -> 12
10 -> 14

11 -> 8
11 -> 12
11 -> 14
11 -> 15

12 -> 8
12 -> 10
12 -> 11
12 -> 16
12 -> 14

13 -> 10

14 -> 10
14 -> 11
14 -> 12
14 -> 17

15 -> 11
15 -> 18

16 -> 12
16 -> 19
16 -> 17

17 -> 14
17 -> 16
17 -> 20
17 -> 21

18 -> 15
18 -> 22
18 -> 23
18 -> 24

19 -> 16
19 -> 23
19 -> 20
19 -> 25
19 -> 26
19 -> 27
19 -> 28

20 -> 17
20 -> 19
20 -> 23
20 -> 28
20 -> 21
20 -> 34
20 -> 43

21 -> 17
21 -> 20

22 -> 18
22 -> 23
22 -> 29
22 -> 30
22 -> 24

23 -> 18
23 -> 19
23 -> 20
23 -> 22
23 -> 27
23 -> 24
23 -> 26

24 -> 18
24 -> 22
24 -> 23

25 -> 19
25 -> 27
25 -> 26

26 -> 19
26 -> 23
26 -> 25
26 -> 30

27 -> 19
27 -> 23
27 -> 25
27 -> 28

28 -> 19
28 -> 20
28 -> 27

29 -> 22
29 -> 30

30 -> 22
30 -> 29
30 -> 26
30 -> 31
30 -> 32
30 -> 33

31 -> 30

32 -> 30

33 -> 30

34 -> 35

35 -> 34
35 -> 36
35 -> 37

36 -> 35
36 -> 37
36 -> 38

37 -> 35
37 -> 36
37 -> 39
37 -> 40

38 -> 36
38 -> 39

39 -> 37
39 -> 38
39 -> 40

40 -> 37
40 -> 39
40 -> 42
40 -> 41

43 -> 44
43 -> 45

44 -> 43
44 -> 45
44 -> 46
44 -> 47

45 -> 43
45 -> 44
45 -> 48
45 -> 49

46 -> 44
46 -> 48
46 -> 47

47 -> 44
47 -> 46
47 -> 50

48 -> 45
48 -> 46
48 -> 49

49 -> 45
49 -> 48
49 -> 51

50 -> 47
50 -> 52

51 -> 49

52 -> 50
52 -> 53
52 -> 54

}
