digraph G {
color = "black"
0[label = "Index: 0 
P0: 0 0 0 
P1: 0 0 0 
P2: 0 0 0 
P3: 0 0 0 
P4: 0 0 0 
", style="filled", fillcolor = "green"]
1[label = "Index: 1 
P0: -1 0 0 
P1: 0 0 0 
P2: 0 0 0 
P3: 0 0 0 
P4: 0 0 0 
", color = "orange"]
2[label = "Index: 2 
P0: -1 0 0 
P1: 0 0 1 
P2: 0 0 0 
P3: 0 0 0 
P4: 0 0 0 
", color = "orange"]
3[label = "Index: 3 
P0: -1 0 0 
P1: 0 0 1 
P2: 0 -1 0 
P3: 0 0 0 
P4: 0 0 0 
", color = "orange"]
4[label = "Index: 4 
P0: -1 0 0 
P1: 0 0 1 
P2: 0 -1 0 
P3: 0 0 -1 
P4: 0 0 0 
", color = "orange"]
5[label = "Index: 5 
P0: -1 0 -1 
P1: 0 0 1 
P2: 0 -1 0 
P3: 0 0 -1 
P4: 0 0 0 
"]
6[label = "Index: 6 
P0: -1 0 -1 
P1: 0 0 1 
P2: 0 -1 0 
P3: 0 0 -2 
P4: 0 0 0 
"]
7[label = "Index: 7 
P0: 0 0 0 
P1: 1 0 1 
P2: 1 -1 0 
P3: 1 0 -1 
P4: 0 0 0 
", color = "orange"]
8[label = "Index: 8 
P0: -1 -1 -1 
P1: 0 -1 1 
P2: 0 -2 0 
P3: 0 -1 -2 
P4: 0 0 0 
"]
9[label = "Index: 9 
P0: 0 0 0 
P1: 1 0 2 
P2: 1 -1 0 
P3: 1 0 -1 
P4: 0 0 0 
", color = "orange"]
10[label = "Index: 10 
P0: 0 0 0 
P1: 1 0 2 
P2: 1 -1 1 
P3: 1 0 -1 
P4: 0 0 0 
"]
11[label = "Index: 11 
P0: 0 0 0 
P1: 1 0 2 
P2: 1 -2 0 
P3: 1 0 -1 
P4: 0 0 0 
", color = "orange"]
12[label = "Index: 12 
P0: 0 0 0 
P1: 1 0 3 
P2: 1 -1 1 
P3: 1 0 -1 
P4: 0 0 0 
"]
13[label = "Index: 13 
P0: 0 0 0 
P1: 1 0 2 
P2: 2 -2 0 
P3: 1 0 -1 
P4: 0 0 0 
", color = "orange"]
14[label = "Index: 14 
P0: -1 0 0 
P1: 0 0 3 
P2: 0 -1 1 
P3: 0 0 -1 
P4: 0 0 0 
"]
15[label = "Index: 15 
P0: 0 0 0 
P1: 1 0 3 
P2: 2 -2 0 
P3: 1 0 -1 
P4: 0 0 0 
", color = "orange"]
16[label = "Index: 16 
P0: -1 0 0 
P1: 0 0 3 
P2: 0 -1 1 
P3: 0 0 0 
P4: 0 0 0 
"]
17[label = "Index: 17 
P0: 0 0 0 
P1: 0 0 3 
P2: 1 -2 0 
P3: 1 0 -1 
P4: 0 0 0 
", color = "orange"]
18[label = "Index: 18 
P0: -1 0 0 
P1: 0 0 3 
P2: 1 -2 0 
P3: 0 0 -1 
P4: 0 0 0 
"]
19[label = "Index: 19 
P0: 0 0 0 
P1: 0 1 3 
P2: 1 -2 0 
P3: 1 0 -1 
P4: 0 0 0 
"]
20[label = "Index: 20 
P0: 0 0 0 
P1: 0 1 3 
P2: 1 -1 0 
P3: 1 0 -1 
P4: 0 0 0 
", color = "orange"]
21[label = "Index: 21 
P0: 0 0 0 
P1: 0 1 3 
P2: 1 -1 1 
P3: 1 0 -1 
P4: 0 0 0 
"]
22[label = "Index: 22 
P0: 0 0 0 
P1: 0 1 4 
P2: 1 -1 1 
P3: 1 0 -1 
P4: 0 0 0 
", color = "orange"]
23[label = "Index: 23 
P0: -1 0 0 
P1: 0 1 4 
P2: 1 -1 1 
P3: 0 0 -1 
P4: 0 0 0 
", color = "orange"]
24[label = "Index: 24 
P0: -1 0 -1 
P1: 0 1 3 
P2: 1 -1 0 
P3: 0 0 -2 
P4: 0 0 0 
", color = "orange"]
25[label = "Index: 25 
P0: -1 -1 -1 
P1: 0 1 3 
P2: 1 -2 0 
P3: 0 -1 -2 
P4: 0 0 0 
", color = "orange"]
26[label = "Index: 26 
P0: -1 -1 -1 
P1: 0 0 3 
P2: 1 -2 0 
P3: 0 -1 -2 
P4: 0 0 0 
"]
27[label = "Index: 27 
P0: -1 -1 -1 
P1: 0 1 3 
P2: 0 -2 0 
P3: 0 -1 -2 
P4: 0 0 0 
", style="filled", fillcolor = "red"]
28[label = "Index: 28 
P1: 0 1 3 
", color = "fuchsia"]
29[label = "Index: 29 
P0: -1 -1 -1 
P2: 0 -2 0 
P3: 0 -1 -2 
P4: 0 0 0 
", color = "orange"]
30[label = "Index: 30 
P0: -1 -1 -1 
P2: 1 -2 0 
P3: 0 -1 -2 
P4: 0 0 0 
"]
31[label = "Index: 31 
P0: -1 0 -1 
P2: 0 -1 0 
P3: 0 0 -2 
P4: 0 0 0 
", color = "orange"]
32[label = "Index: 32 
P0: -1 0 -1 
P2: 1 -1 0 
P3: 0 0 -2 
P4: 0 0 0 
"]
33[label = "Index: 33 
P0: -1 0 -1 
P2: 0 -1 0 
P3: 0 0 -1 
P4: 0 0 0 
", color = "orange"]
34[label = "Index: 34 
P0: -1 0 0 
P2: 0 -1 0 
P3: 0 0 -1 
P4: 0 0 0 
"]
35[label = "Index: 35 
P0: -1 0 0 
P2: 0 -1 1 
P3: 0 0 -1 
P4: 0 0 0 
"]
36[label = "Index: 36 
P0: -1 0 -1 
P2: 1 -1 0 
P3: 0 0 -1 
P4: 0 0 0 
"]
37[label = "Index: 37 
P0: -1 0 0 
P2: 1 -1 0 
P3: 0 0 -1 
P4: 0 0 0 
"]
38[label = "Index: 38 
P0: -1 0 0 
P2: 1 -1 1 
P3: 0 0 -1 
P4: 0 0 0 
"]
39[label = "Index: 39 
P0: -1 -1 -1 
P2: 0 -2 0 
P3: 0 0 -1 
P4: 0 0 0 
", color = "red"]
40[label = "Index: 40 
P0: -1 -2 -1 
P2: 0 -3 0 
P3: 0 0 -1 
P4: 0 0 0 
"]
41[label = "Index: 41 
P0: -1 -3 -1 
P2: 0 -4 0 
P3: 0 0 -1 
P4: 0 0 0 
"]
42[label = "Index: 42 
P0: -1 0 0 
P2: 0 -1 0 
P3: 0 0 0 
P4: 0 0 0 
"]
43[label = "Index: 43 
P0: -1 0 0 
P2: 0 -1 1 
P3: 0 0 0 
P4: 0 0 0 
"]
44[label = "Index: 44 
P0: -1 0 0 
P2: 0 -2 0 
P3: 0 0 -1 
P4: 0 0 0 
"]
45[label = "Index: 45 
P0: 0 0 0 
P2: 1 -1 0 
P3: 1 0 -1 
P4: 0 0 0 
"]
46[label = "Index: 46 
P0: 0 0 0 
P2: 1 -1 1 
P3: 1 0 -1 
P4: 0 0 0 
"]
47[label = "Index: 47 
P0: -1 -1 -1 
P2: 1 -2 0 
P3: 0 0 -1 
P4: 0 0 0 
"]
48[label = "Index: 48 
P0: -1 -2 -1 
P2: 1 -3 0 
P3: 0 0 -1 
P4: 0 0 0 
"]
49[label = "Index: 49 
P0: -1 -3 -1 
P2: 1 -4 0 
P3: 0 0 -1 
P4: 0 0 0 
"]
50[label = "Index: 50 
P0: -1 0 0 
P2: 1 -1 1 
P3: 0 0 0 
P4: 0 0 0 
"]
51[label = "Index: 51 
P0: -1 0 0 
P2: 1 -2 0 
P3: 0 0 -1 
P4: 0 0 0 
"]
52[label = "Index: 52 
P0: 0 0 0 
P2: 2 -1 0 
P3: 1 0 -1 
P4: 0 0 0 
"]
53[label = "Index: 53 
P0: 0 0 0 
P2: 2 -1 1 
P3: 1 0 -1 
P4: 0 0 0 
"]
54[label = "Index: 54 
P0: -1 -1 -1 
", color = "fuchsia"]
55[label = "Index: 55 
P2: 0 -2 0 
P3: 0 0 -1 
P4: 0 0 0 
", color = "red"]
56[label = "Index: 56 
P2: 0 -2 0 
", color = "fuchsia"]
57[label = "Index: 57 
P3: 0 0 -1 
P4: 0 0 0 
", color = "red"]
58[label = "Index: 58 
P3: 0 0 -1 
", style="filled", fillcolor = "blue"]
59[label = "Index: 59 
P4: 0 0 0 
", color = "fuchsia"]
0 -> 1

1 -> 0
1 -> 2

2 -> 1
2 -> 3

3 -> 2
3 -> 4
3 -> 5

4 -> 3
4 -> 5
4 -> 6
4 -> 7

5 -> 3
5 -> 4
5 -> 6

6 -> 4
6 -> 5
6 -> 8

7 -> 4
7 -> 9
7 -> 10

8 -> 6

9 -> 7
9 -> 11
9 -> 10
9 -> 12

10 -> 7
10 -> 9
10 -> 12

11 -> 9
11 -> 13

12 -> 9
12 -> 10
12 -> 14

13 -> 11
13 -> 15

14 -> 12
14 -> 16

15 -> 13
15 -> 17
15 -> 18

16 -> 14

17 -> 15
17 -> 19
17 -> 20
17 -> 18

18 -> 15
18 -> 17

19 -> 17
19 -> 20

20 -> 17
20 -> 19
20 -> 21
20 -> 22

21 -> 20
21 -> 22

22 -> 20
22 -> 21
22 -> 23

23 -> 22
23 -> 24

24 -> 23
24 -> 25
24 -> 26

25 -> 24
25 -> 26
25 -> 27

26 -> 24
26 -> 25

27 -> 25
27 -> 29
27 -> 28

29 -> 30
29 -> 31

30 -> 29
30 -> 32

31 -> 29
31 -> 32
31 -> 33
31 -> 34
31 -> 35

32 -> 30
32 -> 31
32 -> 36
32 -> 37
32 -> 38

33 -> 31
33 -> 34
33 -> 36
33 -> 39
33 -> 40
33 -> 41
33 -> 35
33 -> 42
33 -> 43

34 -> 31
34 -> 33
34 -> 37
34 -> 44
34 -> 35
34 -> 42
34 -> 43
34 -> 45

35 -> 31
35 -> 33
35 -> 34
35 -> 38
35 -> 43
35 -> 46

36 -> 32
36 -> 33
36 -> 37
36 -> 47
36 -> 48
36 -> 49
36 -> 38
36 -> 50

37 -> 32
37 -> 34
37 -> 36
37 -> 51
37 -> 38
37 -> 45
37 -> 50
37 -> 52

38 -> 32
38 -> 35
38 -> 36
38 -> 37
38 -> 50
38 -> 46
38 -> 53

39 -> 33
39 -> 55
39 -> 54

40 -> 33

41 -> 33

42 -> 33
42 -> 34

43 -> 33
43 -> 34
43 -> 35

44 -> 34

45 -> 34
45 -> 37

46 -> 35
46 -> 38

47 -> 36

48 -> 36

49 -> 36

50 -> 36
50 -> 37
50 -> 38

51 -> 37

52 -> 37

53 -> 38

55 -> 57
55 -> 56

57 -> 59
57 -> 58

}
