graph G {
color = "black"
0 [label = "P1: 0 0 0 
P2: 0 0 0 
P3: 0 0 0 
P4: 0 0 0 
",  style="filled", fillcolor = "#96FF96"];
1 [label = "P1: 0 0 1 
P2: 0 0 0 
P3: 0 0 0 
P4: 0 0 0 
"];
2 [label = "P1: 0 0 1 
P2: -1 0 0 
P3: 0 0 0 
P4: 0 0 0 
"];
3 [label = "P1: 0 0 1 
P2: -1 0 0 
P3: 0 0 -1 
P4: 0 0 0 
"];
4 [label = "P1: 0 0 1 
P2: -2 0 0 
P3: 0 0 -1 
P4: 0 0 0 
"];
5 [label = "P1: 0 0 1 
P2: -2 0 0 
P3: 0 0 -1 
P4: 0 -1 0 
"];
6 [label = "P1: 0 0 1 
P2: -2 0 0 
P3: 0 0 -2 
P4: 0 -1 0 
"];
7 [label = "P1: 0 0 1 
P2: -2 0 0 
P3: 0 0 -2 
P4: 0 -2 0 
"];
8 [label = "P1: 0 2 2 
P2: -2 2 0 
P3: 0 2 -2 
P4: 0 0 0 
"];
9 [label = "P1: 0 0 3 
P2: -2 0 0 
P3: 0 0 -2 
P4: 0 -2 0 
"];
10 [label = "P1: 0 1 3 
P2: -2 2 0 
P3: 0 2 -2 
P4: 0 0 0 
"];
11 [label = "P1: 0 0 3 
P2: -2 0 0 
P3: 0 0 -2 
P4: 0 -1 0 
"];
12 [label = "P1: -1 1 3 
P2: -3 2 0 
P3: 0 2 -2 
P4: 0 0 0 
"];
13 [label = "P1: 0 1 3 
P2: -2 1 0 
P3: 0 1 -1 
P4: 0 0 0 
"];
14 [label = "P1: 0 1 3 
P2: -2 1 1 
P3: 0 1 -1 
P4: 0 0 0 
"];
15 [label = "P1: 0 0 3 
P2: -2 0 0 
P3: 0 0 -2 
P4: 0 -1 -1 
"];
16 [label = "P1: 0 -1 3 
P2: -2 0 0 
P3: 0 0 -2 
P4: 0 -1 -1 
"];
17 [label = "P1: -1 -1 3 
P2: -3 0 0 
P3: 0 0 -2 
P4: 0 -1 -1 
"];
18 [label = "P1: -1 -1 3 
P2: -3 0 0 
P3: 0 0 -2 
P4: 0 0 -1 
"];
19 [label = "P1: -1 -1 4 
P2: -3 0 1 
P3: 0 0 0 
P4: 0 0 0 
"];
20 [label = "P1: -1 -1 3 
P2: -3 0 0 
P3: 0 0 -2 
P4: 0 0 -2 
"];
21 [label = "P1: -2 -1 3 
P2: -4 0 0 
P3: 0 0 -2 
P4: 0 0 -2 
"];
22 [label = "P1: 0 -1 5 
P2: -2 0 2 
P3: 0 0 0 
P4: 0 0 0 
"];
23 [label = "P1: -2 0 5 
P2: -4 0 2 
P3: 0 0 0 
P4: 0 0 0 
"];
24 [label = "P1: -2 0 3 
P2: -4 1 0 
P3: 0 0 -2 
P4: 0 0 -2 
",  style="filled", fillcolor = "#FF9696"];
25 [label = "P1: 0 0 5 
P2: -2 0 2 
P3: 0 0 0 
P4: 0 0 0 
"];
26 [label = "P1: -2 0 5 
P2: -3 0 2 
P3: 0 0 0 
P4: 0 0 0 
",  style="filled", fillcolor = "#FF9696"];
27 [label = "P1: -2 0 5 
P2: -2 0 2 
P3: 0 0 0 
P4: 0 0 0 
",  style="filled", fillcolor = "#FF9696"];
28 [label = "P1: -2 1 5 
P2: -4 1 2 
P3: 0 0 0 
P4: 0 0 0 
",  style="filled", fillcolor = "#FF9696"];
29 [label = "P1: 0 0 4 
P2: -2 0 2 
P3: 0 0 0 
P4: 0 0 0 
"];
30 [label = "P1: -3 1 5 
P2: -4 1 2 
P3: 0 0 0 
P4: 0 0 0 
"];
31 [label = "P1: -4 1 5 
P2: -4 1 2 
P3: 0 0 0 
P4: 0 0 0 
"];
32 [label = "P1: -2 1 4 
P2: -4 1 2 
P3: 0 0 0 
P4: 0 0 0 
"];
33 [label = "P1: -2 1 5 
P2: -3 1 2 
P3: 0 0 0 
P4: 0 0 0 
"];
34 [label = "P1: -2 1 5 
P2: -4 1 3 
P3: 0 0 0 
P4: 0 0 0 
"];
35 [label = "P1: -2 1 5 
P2: -4 1 4 
P3: 0 0 0 
P4: 0 0 0 
"];
36 [label = "P3: 0 0 -2 
P4: 0 0 -2 
"];
37 [label = "P3: 0 0 -3 
P4: 0 0 -2 
"];
38 [label = "P3: 0 1 -3 
P4: 0 0 -2 
"];
39 [label = "P3: 0 1 -3 
", style="filled", fillcolor = "#9696FF"];
40 [label = "P4: 0 0 0 
",  style="filled", fillcolor = "#FF96FF"];
41 [label = "P1: -2 0 3 
P2: -4 1 0 
"];
42 [label = "P1: -2 1 3 
P2: -4 1 0 
"];
43 [label = "P1: -3 1 3 
P2: -4 1 0 
"];
44 [label = "P1: -4 1 5 
P2: -4 1 2 
"];
45 [label = "P1: -2 1 4 
P2: -4 1 2 
"];
46 [label = "P1: -2 1 3 
P2: -4 1 2 
"];
47 [label = "P2: -4 1 0 
",  style="filled", fillcolor = "#FF96FF"];
48 [label = "P1: -3 1 5 
",  style="filled", fillcolor = "#FF96FF"];
edge [style=bold];
0 -- 1 [color="#1E96FF", penwidth=4.0];

1 -- 2 [color="#1E96FF", penwidth=4.0];

2 -- 3 [color="#1E96FF", penwidth=4.0];

3 -- 4 [color="#1E96FF", penwidth=4.0];

4 -- 5 [color="#1E96FF", penwidth=4.0];

5 -- 6 [color="#1E96FF", penwidth=4.0];

6 -- 7 [color="#1E96FF", penwidth=4.0];

7 -- 8 [color=black];
7 -- 9 [color="#1E96FF", penwidth=4.0];

8 -- 9 [color=black];

9 -- 10 [color=black];
9 -- 11 [color="#1E96FF", penwidth=4.0];

10 -- 12 [color=black];
10 -- 11 [color=black];

11 -- 13 [color=black];
11 -- 14 [color=black];
11 -- 15 [color="#1E96FF", penwidth=4.0];


13 -- 14 [color=black];
13 -- 15 [color=black];

14 -- 15 [color=black];

15 -- 16 [color="#1E96FF", penwidth=4.0];

16 -- 17 [color="#1E96FF", penwidth=4.0];

17 -- 18 [color="#1E96FF", penwidth=4.0];

18 -- 19 [color=black];
18 -- 20 [color="#1E96FF", penwidth=4.0];

19 -- 20 [color=black];

20 -- 21 [color="#1E96FF", penwidth=4.0];
20 -- 22 [color=black];

21 -- 23 [color=black];
21 -- 22 [color=black];
21 -- 24 [color="#1E96FF", penwidth=4.0];

22 -- 25 [color=black];

23 -- 26 [color=black];
23 -- 27 [color=black];
23 -- 24 [color=black];
23 -- 28 [color=black];

24 -- 28 [color=black];
24 -- 36 [color=black];
24 -- 41 [color=black];

25 -- 29 [color=black];



28 -- 30 [color=black];
28 -- 31 [color=black];
28 -- 32 [color=black];
28 -- 33 [color=black];
28 -- 34 [color=black];
28 -- 35 [color=black];








36 -- 37 [color="#1E96FF", penwidth=4.0];

37 -- 38 [color="#1E96FF", penwidth=4.0];

38 -- 40 [color=black];
38 -- 39 [color="#1E96FF", penwidth=4.0];

41 -- 42 [color=black];

42 -- 43 [color="#1E96FF", penwidth=4.0];
42 -- 44 [color=black];
42 -- 45 [color=black];
42 -- 46 [color=black];

43 -- 47 [color=black];
43 -- 48 [color=black];




}
