graph G {
color = "black"
0 [label = "P1: 0 0 0 
P2: 0 0 0 
P3: 0 0 0 
P4: 0 0 0 
",  style="filled", fillcolor = "#96FF96"];
1 [label = "P1: -1 0 0 
P2: 0 0 0 
P3: 0 0 0 
P4: 0 0 0 
"];
2 [label = "P1: -2 0 0 
P2: 0 0 0 
P3: 0 0 0 
P4: 0 0 0 
"];
3 [label = "P1: -1 0 0 
P2: 0 0 -1 
P3: 0 0 0 
P4: 0 0 0 
"];
4 [label = "P1: -1 0 0 
P2: 0 0 -2 
P3: 0 0 0 
P4: 0 0 0 
"];
5 [label = "P1: -2 0 0 
P2: 0 0 -1 
P3: 0 0 0 
P4: 0 0 0 
"];
6 [label = "P1: -2 0 0 
P2: 0 0 -2 
P3: 0 0 0 
P4: 0 0 0 
"];
7 [label = "P1: -2 0 0 
P2: 0 0 -1 
P3: 0 0 -1 
P4: 0 0 0 
"];
8 [label = "P1: -2 0 0 
P2: 0 0 -2 
P3: 0 0 -1 
P4: 0 0 0 
"];
9 [label = "P1: -2 -1 0 
P2: 0 0 -1 
P3: 0 0 -1 
P4: 0 0 0 
",  style="filled", fillcolor = "#FF9696"];
10 [label = "P1: -2 -1 0 
P2: 0 0 -2 
P3: 0 0 -1 
P4: 0 0 0 
",  style="filled", fillcolor = "#FF9696"];
11 [label = "P1: -2 -1 0 
",  style="filled", fillcolor = "#FF96FF"];
12 [label = "P2: 0 0 -1 
P3: 0 0 -1 
P4: 0 0 0 
"];
13 [label = "P2: 0 0 -1 
",  style="filled", fillcolor = "#FF96FF"];
14 [label = "P3: 0 0 -1 
P4: 0 0 0 
"];
15 [label = "P3: 0 0 -1 
", style="filled", fillcolor = "#9696FF"];
16 [label = "P4: 0 0 0 
",  style="filled", fillcolor = "#FF96FF"];
edge [style=bold];
0 -- 1 [color=black];
0 -- 2 [color="#1E96FF", penwidth=4.0];

1 -- 2 [color=black];
1 -- 3 [color=black];
1 -- 4 [color=black];

2 -- 5 [color=black];
2 -- 6 [color=black];
2 -- 7 [color="#1E96FF", penwidth=4.0];

3 -- 5 [color=black];
3 -- 4 [color=black];

4 -- 6 [color=black];

5 -- 6 [color=black];
5 -- 7 [color=black];
5 -- 8 [color=black];

6 -- 8 [color=black];

7 -- 9 [color="#1E96FF", penwidth=4.0];
7 -- 8 [color=black];

8 -- 10 [color=black];

9 -- 12 [color="#1E96FF", penwidth=4.0];
9 -- 11 [color=black];


12 -- 14 [color="#1E96FF", penwidth=4.0];
12 -- 13 [color=black];

14 -- 16 [color=black];
14 -- 15 [color="#1E96FF", penwidth=4.0];

}
