graph G {
color = "black"
0 [label = "P1: 0 0 0 
P2: 0 0 0 
P3: 0 0 0 
P4: 0 0 0 
",  style="filled", fillcolor = "#96FF96"];
1 [label = "P1: 0 0 1 
P2: 0 0 0 
P3: 0 0 0 
P4: 0 0 0 
"];
2 [label = "P1: 0 0 1 
P2: -1 0 0 
P3: 0 0 0 
P4: 0 0 0 
"];
3 [label = "P1: 0 0 1 
P2: -1 0 0 
P3: 0 0 -1 
P4: 0 0 0 
"];
4 [label = "P1: 0 0 1 
P2: -2 0 0 
P3: 0 0 -1 
P4: 0 0 0 
"];
5 [label = "P1: 0 0 1 
P2: -2 0 0 
P3: 0 0 -1 
P4: 0 -1 0 
"];
6 [label = "P1: 0 0 1 
P2: -2 0 0 
P3: 0 0 -2 
P4: 0 -1 0 
"];
7 [label = "P1: 0 0 1 
P2: -2 0 0 
P3: 0 0 -2 
P4: 0 -2 0 
"];
8 [label = "P1: 0 2 2 
P2: -2 2 0 
P3: 0 2 -2 
P4: 0 0 0 
"];
9 [label = "P1: 0 0 3 
P2: -2 0 0 
P3: 0 0 -2 
P4: 0 -2 0 
"];
10 [label = "P1: 0 2 1 
P2: -2 2 0 
P3: 1 2 -2 
P4: 0 0 0 
"];
11 [label = "P1: 0 2 2 
P2: -2 2 0 
P3: 1 2 -2 
P4: 0 0 0 
"];
12 [label = "P1: 0 2 3 
P2: -2 2 0 
P3: 1 2 -2 
P4: 0 0 0 
"];
13 [label = "P1: 0 0 3 
P2: -2 0 0 
P3: 0 0 -2 
P4: 0 -1 0 
"];
14 [label = "P1: 0 1 3 
P2: -2 1 0 
P3: 0 1 -1 
P4: 0 0 0 
"];
15 [label = "P1: 0 1 3 
P2: -2 1 1 
P3: 0 1 -1 
P4: 0 0 0 
"];
16 [label = "P1: 0 0 3 
P2: -2 0 0 
P3: 0 0 -2 
P4: 0 -1 -1 
"];
17 [label = "P1: 0 0 3 
P2: -2 0 0 
P3: 0 0 -2 
P4: 0 0 -1 
"];
18 [label = "P1: 0 0 4 
P2: -2 0 1 
P3: 0 0 0 
P4: 0 0 0 
"];
19 [label = "P1: 0 0 4 
P2: -2 0 2 
P3: 0 0 0 
P4: 0 0 0 
"];
20 [label = "P1: 0 0 3 
P2: -2 0 0 
P3: 0 0 -2 
P4: 0 0 -2 
"];
21 [label = "P1: -1 0 3 
P2: -2 0 0 
P3: 0 0 -2 
P4: 0 0 -2 
"];
2121 [label = "P1: -1 0 -∞ 
P2: -2 0 0 
P3: 0 0 -2 
P4: 0 0 -2 
",  style="filled", fillcolor = "#FF9696"];
22 [label = "P1: -2 0 5 
P2: -2 0 2 
P3: 0 0 0 
P4: 0 0 0 
"];
2222 [label = "P1: -2 0 -∞ 
P2: -2 0 2 
P3: 0 0 0 
P4: 0 0 0 
",  style="filled", fillcolor = "#FF9696"];
23 [label = "P1: -1 0 5 
P2: -3 0 2 
P3: 0 0 0 
P4: 0 0 0 
"];
24 [label = "P1: -2 0 5 
P2: -4 0 2 
P3: 0 0 0 
P4: 0 0 0 
"];
2424 [label = "P1: -2 +∞ 5 
P2: -4 +∞ 2 
P3: 0 0 0 
P4: 0 0 0 
",  style="filled", fillcolor = "#FF9696"];
25 [label = "P1: -2 0 5 
P2: -3 0 2 
P3: 0 0 0 
P4: 0 0 0 
"];
2525 [label = "P1: -2 0 -∞ 
P2: -3 0 2 
P3: 0 0 0 
P4: 0 0 0 
",  style="filled", fillcolor = "#FF9696"];
26 [label = "P1: -2 0 4 
P2: -4 0 2 
P3: 0 0 0 
P4: 0 0 0 
"];
edge [style=bold];
0 -- 1 [color="#1E96FF", penwidth=4.0];

1 -- 2 [color="#1E96FF", penwidth=4.0];

2 -- 3 [color="#1E96FF", penwidth=4.0];

3 -- 4 [color="#1E96FF", penwidth=4.0];

4 -- 5 [color="#1E96FF", penwidth=4.0];

5 -- 6 [color="#1E96FF", penwidth=4.0];

6 -- 7 [color="#1E96FF", penwidth=4.0];

7 -- 8 [color=black];
7 -- 9 [color="#1E96FF", penwidth=4.0];
7 -- 10 [color=black];

8 -- 9 [color=black];
8 -- 11 [color=black];

9 -- 12 [color=black];
9 -- 13 [color="#1E96FF", penwidth=4.0];

10 -- 11 [color=black];
10 -- 12 [color=black];

11 -- 12 [color=black];


13 -- 14 [color=black];
13 -- 15 [color=black];
13 -- 16 [color="#1E96FF", penwidth=4.0];

14 -- 15 [color=black];
14 -- 16 [color=black];

15 -- 16 [color=black];

16 -- 17 [color="#1E96FF", penwidth=4.0];

17 -- 18 [color=black];
17 -- 19 [color=black];
17 -- 20 [color="#1E96FF", penwidth=4.0];

18 -- 19 [color=black];
18 -- 20 [color=black];

19 -- 20 [color=black];

20 -- 21 [color="#1E96FF", penwidth=4.0];
20 -- 22 [color=black];
20 -- 23 [color=black];
20 -- 24 [color=black];

21 -- 23 [color=black];

21 -- 2121 [color="#1E96FF", penwidth=4.0];
22 -- 24 [color=black];

22 -- 2222 [color=black];
23 -- 25 [color=black];
23 -- 24 [color=black];

24 -- 26 [color=black];
24 -- 25 [color=black];

24 -- 2424 [color=black];

25 -- 2525 [color=black];

}
