digraph G {
color = "black"
0[label = "Index: 0 
P0: 0 0 0 
P1: 0 0 0 
P2: 0 0 0 
", style="filled", fillcolor = "green"]
1[label = "Index: 1 
P0: 0 0 -1 
P1: 0 0 0 
P2: 0 0 0 
", color = "orange"]
2[label = "Index: 2 
P0: 0 0 -2 
P1: 0 0 0 
P2: 0 0 0 
"]
3[label = "Index: 3 
P0: 0 0 -1 
P1: 1 0 0 
P2: 0 0 0 
", style="filled", fillcolor = "red"]
4[label = "Index: 4 
P0: 0 0 -2 
P1: 1 0 0 
P2: 0 0 0 
", color = "purple"]
5[label = "Index: 5 
P0: 0 0 -1 
", color = "fuchsia"]
6[label = "Index: 6 
P1: 1 0 0 
P2: 0 0 0 
", color = "orange"]
7[label = "Index: 7 
P1: 0 0 0 
P2: 0 0 0 
"]
8[label = "Index: 8 
P1: 2 0 0 
P2: 0 0 0 
"]
9[label = "Index: 9 
P1: 3 0 0 
P2: 0 0 0 
"]
10[label = "Index: 10 
P1: 4 0 0 
P2: 0 0 0 
", color = "red"]
11[label = "Index: 11 
P1: 4 0 0 
", style="filled", fillcolor = "blue"]
12[label = "Index: 12 
P2: 0 0 0 
", color = "fuchsia"]
0 -> 1
0 -> 2

1 -> 0
1 -> 2
1 -> 3

2 -> 0
2 -> 1
2 -> 4

3 -> 1
3 -> 6
3 -> 5

4 -> 2

6 -> 7
6 -> 8
6 -> 9
6 -> 10

7 -> 6
7 -> 8
7 -> 9
7 -> 10

8 -> 6
8 -> 7
8 -> 9
8 -> 10

9 -> 6
9 -> 7
9 -> 8
9 -> 10

10 -> 6
10 -> 7
10 -> 8
10 -> 9
10 -> 12
10 -> 11

}
