graph G {
color = "black"
0 [label = "P1: 0 0 0 
P2: 0 0 0 
P3: 0 0 0 
P4: 0 0 0 
P5: 0 0 0 
P6: 0 0 0 
",  style="filled", fillcolor = "#96FF96"];
1 [label = "P1: 1 0 0 
P2: 0 0 0 
P3: 0 0 0 
P4: 0 0 0 
P5: 0 0 0 
P6: 0 0 0 
"];
2 [label = "P1: 1 0 0 
P2: 0 0 1 
P3: 0 0 0 
P4: 0 0 0 
P5: 0 0 0 
P6: 0 0 0 
"];
3 [label = "P1: 1 0 0 
P2: 0 0 2 
P3: 0 0 0 
P4: 0 0 0 
P5: 0 0 0 
P6: 0 0 0 
"];
4 [label = "P1: 1 0 0 
P2: 0 0 2 
P3: 0 -1 0 
P4: 0 0 0 
P5: 0 0 0 
P6: 0 0 0 
"];
5 [label = "P1: 1 0 0 
P2: 0 0 2 
P3: 0 -1 0 
P4: 0 0 -1 
P5: 0 0 0 
P6: 0 0 0 
"];
6 [label = "P1: 1 0 0 
P2: 0 0 2 
P3: 0 -1 0 
P4: 0 0 -1 
P5: 0 -1 0 
P6: 0 0 0 
"];
7 [label = "P1: 1 0 0 
P2: 0 0 2 
P3: 0 -1 0 
P4: 0 0 -1 
P5: 0 -2 0 
P6: 0 0 0 
"];
8 [label = "P1: 2 0 0 
P2: 0 0 2 
P3: 0 -1 0 
P4: 0 0 -1 
P5: 0 -1 0 
P6: 0 0 0 
"];
9 [label = "P1: 2 0 0 
P2: 1 0 2 
P3: 0 -1 0 
P4: 0 0 -1 
P5: 0 -1 0 
P6: 0 0 0 
"];
10 [label = "P1: 2 0 0 
P2: 0 0 2 
P3: 0 -1 0 
P4: 0 0 -1 
P5: 0 -2 0 
P6: 0 0 0 
"];
11 [label = "P1: 2 0 0 
P2: 1 0 2 
P3: 0 -1 0 
P4: 0 0 -1 
P5: 0 -2 0 
P6: 0 0 0 
"];
12 [label = "P1: 2 0 1 
P2: 0 0 2 
P3: 0 -1 0 
P4: 0 0 -1 
P5: 0 -1 0 
P6: 0 0 0 
",  style="filled", fillcolor = "#FF9696"];
13 [label = "P1: 2 0 1 
P2: 0 0 3 
P3: 0 -1 0 
P4: 0 0 -1 
P5: 0 -1 0 
P6: 0 0 0 
",  style="filled", fillcolor = "#FF9696"];
14 [label = "P1: 2 0 1 
P2: 1 0 2 
P3: 0 -1 0 
P4: 0 0 -1 
P5: 0 -1 0 
P6: 0 0 0 
",  style="filled", fillcolor = "#FF9696"];
15 [label = "P1: 2 0 1 
P2: 0 0 2 
P3: 0 -1 0 
P4: 0 0 -1 
P5: 0 -2 0 
P6: 0 0 0 
",  style="filled", fillcolor = "#FF9696"];
16 [label = "P1: 2 0 1 
P2: 0 0 3 
P3: 0 -1 0 
P4: 0 0 -1 
P5: 0 -2 0 
P6: 0 0 0 
",  style="filled", fillcolor = "#FF9696"];
17 [label = "P1: 2 0 1 
P2: 1 0 2 
P3: 0 -1 0 
P4: 0 0 -1 
P5: 0 -2 0 
P6: 0 0 0 
",  style="filled", fillcolor = "#FF9696"];
18 [label = "P1: 2 0 1 
",  style="filled", fillcolor = "#FF96FF"];
19 [label = "P2: 0 0 2 
P3: 0 -1 0 
P4: 0 0 -1 
P5: 0 -1 0 
P6: 0 0 0 
"];
20 [label = "P2: 0 0 2 
",  style="filled", fillcolor = "#FF96FF"];
21 [label = "P3: 0 -1 0 
P4: 0 0 -1 
P5: 0 -1 0 
P6: 0 0 0 
"];
22 [label = "P3: 0 -2 0 
P4: 0 0 -1 
P5: 0 -1 0 
P6: 0 0 0 
"];
23 [label = "P3: 0 -2 0 
P4: 0 -1 -1 
P5: 0 -1 0 
P6: 0 0 0 
"];
24 [label = "P3: 0 -1 0 
P4: 0 0 -1 
P5: 0 -2 0 
P6: 0 0 0 
"];
25 [label = "P3: 0 -1 0 
P4: 0 0 -1 
P5: 0 0 0 
P6: 0 0 0 
"];
26 [label = "P3: 0 -2 0 
P4: 0 0 -1 
P5: 0 -2 0 
P6: 0 0 0 
"];
27 [label = "P3: 0 -2 0 
P4: 0 -1 -1 
P5: 0 -2 0 
P6: 0 0 0 
"];
28 [label = "P3: 0 -2 -1 
P4: 0 0 -1 
P5: 0 -1 0 
P6: 0 0 0 
"];
29 [label = "P3: 0 -2 -1 
P4: 0 0 -2 
P5: 0 -1 0 
P6: 0 0 0 
"];
30 [label = "P3: 0 -2 0 
P4: 0 0 -1 
P5: 0 -3 0 
P6: 0 0 0 
"];
31 [label = "P3: 0 -2 0 
P4: 0 0 -1 
P5: 0 0 0 
P6: 0 0 0 
"];
32 [label = "P3: 0 -2 -1 
P4: 0 0 -2 
P5: 0 -1 -1 
P6: 0 0 0 
"];
33 [label = "P3: 0 -2 -1 
P4: 0 -1 -1 
P5: 0 -1 0 
P6: 0 0 0 
"];
34 [label = "P3: 0 -2 0 
P4: 0 -1 0 
P5: 0 -1 0 
P6: 0 0 0 
"];
35 [label = "P3: 0 -2 -1 
P4: 0 -1 -2 
P5: 0 -1 0 
P6: 0 0 0 
"];
36 [label = "P3: 0 -2 0 
P4: 0 -1 -1 
P5: 0 -3 0 
P6: 0 0 0 
"];
37 [label = "P3: 0 -2 0 
P4: 0 -1 -1 
P5: 0 0 0 
P6: 0 0 0 
"];
38 [label = "P3: 0 -2 -1 
P4: 0 -1 -1 
P5: 0 -1 -1 
P6: 0 0 0 
"];
39 [label = "P3: 0 -2 -1 
P4: 0 -1 -2 
P5: 0 -1 -1 
P6: 0 0 0 
"];
40 [label = "P3: 0 -1 0 
P4: 0 0 0 
P5: 0 0 0 
P6: 0 0 0 
"];
41 [label = "P3: 0 -2 -1 
P4: 0 0 -1 
P5: 0 -2 0 
P6: 0 0 0 
"];
42 [label = "P3: 0 -2 -1 
P4: 0 0 -2 
P5: 0 -2 -1 
P6: 0 0 0 
"];
43 [label = "P3: 0 -2 -1 
P4: 0 -1 -1 
P5: 0 -2 0 
P6: 0 0 0 
"];
44 [label = "P3: 0 -2 -1 
P4: 0 -1 -2 
P5: 0 -2 0 
P6: 0 0 0 
"];
45 [label = "P3: 0 -2 -1 
P4: 0 -1 -2 
P5: 0 -2 -1 
P6: 0 0 0 
"];
46 [label = "P3: 0 -2 -1 
P4: 0 -2 -1 
P5: 0 -1 0 
P6: 0 0 0 
"];
47 [label = "P3: 0 -2 -1 
P4: 0 0 -1 
P5: 0 -3 0 
P6: 0 0 0 
"];
48 [label = "P3: 0 -2 -1 
P4: 0 0 -1 
P5: 0 0 0 
P6: 0 0 0 
"];
49 [label = "P3: 0 -2 -1 
P4: 0 -2 -1 
P5: 0 -3 0 
P6: 0 0 0 
"];
50 [label = "P3: -1 -2 -1 
P4: 0 0 -2 
P5: 0 -1 0 
P6: 0 0 0 
"];
51 [label = "P3: -2 -2 -1 
P4: 0 0 -2 
P5: 0 -1 0 
P6: 0 0 0 
"];
52 [label = "P3: 0 -2 -1 
P4: 0 0 -2 
P5: 0 0 0 
P6: 0 0 0 
"];
53 [label = "P3: 0 -2 0 
P4: 0 0 0 
P5: 0 -3 0 
P6: 0 0 0 
"];
54 [label = "P3: 0 -2 -1 
P4: 0 0 -1 
P5: 0 -3 -1 
P6: 0 0 0 
"];
55 [label = "P3: 0 -2 0 
P4: 0 0 0 
P5: 0 -3 1 
P6: 0 0 0 
"];
56 [label = "P3: 0 -2 -1 
P4: 0 0 -2 
P5: 0 -3 -1 
P6: 0 0 0 
"];
57 [label = "P3: -1 -2 0 
P4: 0 0 -1 
P5: 0 0 0 
P6: 0 0 0 
"];
58 [label = "P3: -2 -2 0 
P4: 0 0 -1 
P5: 0 0 0 
P6: 0 0 0 
"];
59 [label = "P3: 0 -2 0 
P4: 0 0 0 
P5: 0 0 0 
P6: 0 0 0 
"];
60 [label = "P3: 0 -2 -1 
P4: 0 -1 0 
P5: 0 -1 0 
P6: 0 0 0 
"];
61 [label = "P3: 0 -2 -1 
P4: 0 -1 -1 
P5: 0 -3 0 
P6: 0 0 0 
"];
62 [label = "P3: 0 -2 -1 
P4: 0 -1 -1 
P5: 0 0 0 
P6: 0 0 0 
"];
63 [label = "P3: 0 -2 -1 
P4: 0 -2 -1 
P5: 0 -2 0 
P6: 0 0 0 
"];
64 [label = "P3: 0 -1 0 
P4: 0 -1 0 
P5: 0 -1 0 
P6: 0 0 0 
"];
65 [label = "P3: 0 -2 0 
P4: 0 -2 0 
P5: 0 -2 0 
P6: 0 0 0 
"];
66 [label = "P3: -1 -2 -1 
P4: 0 -1 -2 
P5: 0 -1 0 
P6: 0 0 0 
"];
67 [label = "P3: -2 -2 -1 
P4: 0 -1 -2 
P5: 0 -1 0 
P6: 0 0 0 
"];
68 [label = "P3: 0 -2 -1 
P4: 1 -1 -2 
P5: 0 -1 0 
P6: 0 0 0 
"];
69 [label = "P3: 0 -2 -1 
P4: 2 -1 -2 
P5: 0 -1 0 
P6: 0 0 0 
"];
70 [label = "P3: 0 -2 -1 
P4: 0 -1 -2 
P5: 0 0 0 
P6: 0 0 0 
"];
71 [label = "P3: 0 -2 0 
P4: 0 -1 0 
P5: 0 -3 1 
P6: 0 0 0 
"];
72 [label = "P3: 0 -2 -1 
P4: 0 -1 -2 
P5: 0 -3 -1 
P6: 0 0 0 
"];
73 [label = "P3: -1 -2 0 
P4: 0 -1 -1 
P5: 0 0 0 
P6: 0 0 0 
"];
74 [label = "P3: -2 -2 0 
P4: 0 -1 -1 
P5: 0 0 0 
P6: 0 0 0 
"];
75 [label = "P3: 0 -2 0 
P4: 1 -1 -1 
P5: 0 0 0 
P6: 0 0 0 
"];
76 [label = "P3: 0 -2 -1 
P4: 0 -2 -1 
P5: 0 -2 -1 
P6: 0 0 0 
"];
77 [label = "P3: 0 0 0 
P4: 0 0 0 
P5: 0 0 0 
P6: 0 0 0 
"];
78 [label = "P5: 0 -2 0 
",  style="filled", fillcolor = "#FF96FF"];
79 [label = "P3: 0 -2 -1 
P4: 0 0 -1 
P6: 0 0 0 
"];
80 [label = "P3: 0 -2 0 
P4: 0 0 -1 
P6: 0 0 0 
"];
81 [label = "P3: 0 -2 -1 
P4: 0 -1 -1 
P6: 0 0 0 
"];
82 [label = "P3: 0 -2 -1 
P4: 0 -2 -1 
P6: 0 0 0 
"];
83 [label = "P3: 0 -2 -1 
P4: 0 0 -2 
P6: 0 0 0 
"];
84 [label = "P3: 0 -2 -1 
P4: 0 0 0 
P6: 0 0 0 
"];
85 [label = "P3: 0 -2 0 
P4: 0 0 0 
P6: 0 0 0 
"];
86 [label = "P3: -1 -2 0 
P4: 0 0 -1 
P6: 0 0 0 
"];
87 [label = "P3: -2 -2 0 
P4: 0 0 -1 
P6: 0 0 0 
"];
88 [label = "P3: 0 -1 0 
P4: 0 0 -1 
P6: 0 0 0 
"];
89 [label = "P3: 0 -2 0 
P4: 0 -1 -1 
P6: 0 0 0 
"];
90 [label = "P3: 0 -2 -1 
P4: 0 -1 -2 
P6: 0 0 0 
"];
91 [label = "P3: 0 -2 -1 
P4: 0 -1 0 
P6: 0 0 0 
"];
92 [label = "P3: 0 -2 0 
P4: 0 -1 0 
P6: 0 0 0 
"];
93 [label = "P3: 0 -2 -1 
P4: 0 -2 0 
P6: 0 0 0 
"];
94 [label = "P3: 0 -2 0 
P4: 0 -2 0 
P6: 0 0 0 
"];
95 [label = "P3: -1 -2 -1 
P4: 0 0 -2 
P6: 0 0 0 
"];
96 [label = "P3: -2 -2 -1 
P4: 0 0 -2 
P6: 0 0 0 
"];
97 [label = "P3: 0 -2 -1 
P4: 1 0 -2 
P6: 0 0 0 
"];
98 [label = "P3: 0 -2 -1 
P4: 2 0 -2 
P6: 0 0 0 
"];
99 [label = "P3: 0 -2 -1 
",  style="filled", fillcolor = "#FF96FF"];
100 [label = "P4: 0 0 0 
P6: 0 0 0 
"];
101 [label = "P4: 0 0 0 
", style="filled", fillcolor = "#9696FF"];
102 [label = "P6: 0 0 0 
",  style="filled", fillcolor = "#FF96FF"];
edge [style=bold];
0 -- 1 [color="#1E96FF", penwidth=4.0];

1 -- 2 [color=black];
1 -- 3 [color="#1E96FF", penwidth=4.0];

2 -- 3 [color=black];

3 -- 4 [color="#1E96FF", penwidth=4.0];

4 -- 5 [color="#1E96FF", penwidth=4.0];

5 -- 6 [color="#1E96FF", penwidth=4.0];
5 -- 7 [color=black];

6 -- 8 [color="#1E96FF", penwidth=4.0];
6 -- 9 [color=black];
6 -- 7 [color=black];

7 -- 10 [color=black];
7 -- 11 [color=black];

8 -- 12 [color="#1E96FF", penwidth=4.0];
8 -- 9 [color=black];
8 -- 13 [color=black];
8 -- 10 [color=black];

9 -- 14 [color=black];
9 -- 11 [color=black];

10 -- 15 [color=black];
10 -- 11 [color=black];
10 -- 16 [color=black];

11 -- 17 [color=black];

12 -- 19 [color="#1E96FF", penwidth=4.0];
12 -- 18 [color=black];






19 -- 21 [color="#1E96FF", penwidth=4.0];
19 -- 20 [color=black];

21 -- 22 [color=black];
21 -- 23 [color=black];
