graph G {
color = "black"
0 [label = "P1: 0 0 0 
P2: 0 0 0 
P3: 0 0 0 
P4: 0 0 0 
P5: 0 0 0 
P6: 0 0 0 
",  style="filled", fillcolor = "#96FF96"];
1 [label = "P1: 0 -1 0 
P2: 0 0 0 
P3: 0 0 0 
P4: 0 0 0 
P5: 0 0 0 
P6: 0 0 0 
"];
2 [label = "P1: 0 -1 0 
P2: 0 0 -1 
P3: 0 0 0 
P4: 0 0 0 
P5: 0 0 0 
P6: 0 0 0 
"];
3 [label = "P1: 0 -1 0 
P2: 0 0 -1 
P3: 0 0 0 
P4: 0 -1 0 
P5: 0 0 0 
P6: 0 0 0 
"];
4 [label = "P1: 0 -1 0 
P2: 0 0 -1 
P3: 1 0 0 
P4: 0 -1 0 
P5: 0 0 0 
P6: 0 0 0 
"];
5 [label = "P1: 0 -1 0 
P2: 0 0 -1 
P3: 2 0 0 
P4: 0 -1 0 
P5: 0 0 0 
P6: 0 0 0 
"];
6 [label = "P1: 0 -1 0 
P2: 0 0 -1 
P3: 3 0 0 
P4: 0 -1 0 
P5: 0 0 0 
P6: 0 0 0 
"];
7 [label = "P1: 0 -1 0 
P2: 0 0 -1 
P3: 2 0 0 
P4: 0 0 0 
P5: 0 0 0 
P6: 0 0 0 
"];
8 [label = "P1: 0 -1 0 
P2: 1 0 -1 
P3: 2 0 0 
P4: 0 0 0 
P5: 0 0 0 
P6: 0 0 0 
"];
9 [label = "P1: 0 -1 0 
P2: 1 0 -2 
P3: 2 0 0 
P4: 0 0 0 
P5: 0 0 0 
P6: 0 0 0 
"];
10 [label = "P1: 0 -1 0 
P2: 1 0 -2 
P3: 2 0 0 
P4: 0 -1 0 
P5: 0 0 0 
P6: 0 0 0 
"];
11 [label = "P1: 0 -1 0 
P2: 1 0 -2 
P3: 1 0 0 
P4: 0 -1 0 
P5: 0 0 0 
P6: 0 0 0 
"];
12 [label = "P1: 0 -1 0 
P2: 1 0 -2 
P3: 3 0 0 
P4: 0 -1 0 
P5: 0 0 0 
P6: 0 0 0 
"];
13 [label = "P1: 0 -1 0 
P2: 1 0 -2 
P3: 3 0 -1 
P4: 0 -1 0 
P5: 0 0 0 
P6: 0 0 0 
"];
14 [label = "P1: 0 -1 0 
P2: 1 0 -2 
P3: 4 0 -1 
P4: 0 -1 0 
P5: 0 0 0 
P6: 0 0 0 
"];
15 [label = "P1: 0 -1 0 
P2: 1 0 -2 
P3: 3 0 -1 
P4: 0 0 0 
P5: 0 0 0 
P6: 0 0 0 
"];
16 [label = "P1: 0 -1 0 
P2: 1 0 -2 
P3: 3 0 -1 
P4: 0 -1 0 
P5: 0 -1 0 
P6: 0 0 0 
"];
17 [label = "P1: 0 -1 0 
P2: 1 0 -2 
P3: 4 0 -1 
P4: 0 0 0 
P5: 0 0 0 
P6: 0 0 0 
"];
18 [label = "P1: 0 -1 0 
P2: 1 0 -2 
P3: 4 0 -1 
P4: 0 -1 0 
P5: 0 -1 0 
P6: 0 0 0 
"];
19 [label = "P1: 0 -1 0 
P2: 1 0 -2 
P3: 3 0 -1 
P4: 0 -1 0 
P5: 0 -1 0 
P6: 0 0 -1 
"];
20 [label = "P1: 0 -2 0 
P2: 1 0 -2 
P3: 3 0 -1 
P4: 0 -1 0 
P5: 0 -1 0 
P6: 0 0 -1 
"];
21 [label = "P1: 0 -1 1 
P2: 1 0 -1 
P3: 2 0 0 
P4: 0 -1 1 
P5: 0 -1 1 
P6: 0 0 0 
"];
22 [label = "P1: 0 -2 1 
P2: 1 0 -1 
P3: 3 0 0 
P4: 0 -2 1 
P5: 0 -1 1 
P6: 0 0 0 
"];
23 [label = "P1: -1 -2 0 
P2: 1 0 -2 
P3: 3 0 -1 
P4: 0 -1 0 
P5: 0 -1 0 
P6: 0 0 -1 
",  style="filled", fillcolor = "#FF9696"];
24 [label = "P1: 0 -2 1 
P2: 1 0 -2 
P3: 3 0 0 
P4: 0 -1 1 
P5: 0 -1 1 
P6: 0 0 0 
",  style="filled", fillcolor = "#FF9696"];
25 [label = "P1: -1 -2 1 
P2: 0 0 -1 
P3: 3 0 0 
P4: 0 -1 1 
P5: 0 -1 1 
P6: 0 0 0 
"];
26 [label = "P1: 0 -2 1 
P2: 1 0 -1 
P3: 2 0 0 
P4: 0 -1 1 
P5: 0 -1 1 
P6: 0 0 0 
"];
27 [label = "P1: 0 -2 1 
P2: 1 0 -2 
P3: 3 0 -1 
P4: 0 -1 1 
P5: 0 -1 1 
P6: 0 0 0 
",  style="filled", fillcolor = "#FF9696"];
28 [label = "P1: -1 -2 1 
P2: 0 0 -1 
P3: 2 0 0 
P4: 0 -1 1 
P5: 0 -1 1 
P6: 0 0 0 
"];
29 [label = "P1: 0 -2 2 
P2: 1 0 -1 
P3: 3 0 0 
P4: 0 -1 2 
P5: 0 -1 2 
P6: 0 0 0 
",  style="filled", fillcolor = "#FF9696"];
30 [label = "P1: 0 -2 1 
P2: 1 0 -1 
P3: 2 0 0 
P4: 0 -2 1 
P5: 0 -1 1 
P6: 0 0 0 
"];
31 [label = "P1: 0 -2 1 
P2: 1 0 -2 
P3: 3 0 0 
P4: 0 -2 1 
P5: 0 -1 1 
P6: 0 0 0 
",  style="filled", fillcolor = "#FF9696"];
32 [label = "P1: 0 -2 1 
P2: 1 0 -2 
P3: 3 0 -1 
P4: 0 -2 1 
P5: 0 -1 1 
P6: 0 0 0 
",  style="filled", fillcolor = "#FF9696"];
33 [label = "P1: 0 -2 2 
P2: 1 0 -1 
P3: 3 0 0 
P4: 0 -2 2 
P5: 0 -1 2 
P6: 0 0 0 
",  style="filled", fillcolor = "#FF9696"];
34 [label = "P1: -1 -2 0 
P2: 0 0 -2 
P3: 3 0 -1 
P4: 0 -1 0 
P5: 0 -1 0 
P6: 0 0 0 
"];
35 [label = "P1: -1 -2 1 
P2: 1 0 -1 
P3: 2 0 0 
P4: 0 -1 1 
P5: 0 -1 1 
P6: 0 0 0 
",  style="filled", fillcolor = "#FF9696"];
36 [label = "P1: 0 -2 1 
P2: 1 0 -2 
P3: 2 0 0 
P4: 0 -1 1 
P5: 0 -1 1 
P6: 0 0 0 
",  style="filled", fillcolor = "#FF9696"];
37 [label = "P1: 0 -2 2 
P2: 1 0 -1 
P3: 2 0 0 
P4: 0 -1 2 
P5: 0 -1 2 
P6: 0 0 0 
",  style="filled", fillcolor = "#FF9696"];
38 [label = "P1: 0 -2 1 
P2: 1 0 -2 
P3: 2 0 0 
P4: 0 -2 1 
P5: 0 -1 1 
P6: 0 0 0 
",  style="filled", fillcolor = "#FF9696"];
39 [label = "P1: 0 -2 2 
P2: 1 0 -1 
P3: 2 0 0 
P4: 0 -2 2 
P5: 0 -1 2 
P6: 0 0 0 
",  style="filled", fillcolor = "#FF9696"];
40 [label = "P1: -1 -2 0 
P2: 1 0 -2 
P3: 3 0 -1 
P4: 0 -1 0 
P5: 0 -1 0 
P6: 0 0 0 
",  style="filled", fillcolor = "#FF9696"];
41 [label = "P1: -1 -2 0 
P2: 0 0 -2 
P3: 4 0 -1 
P4: 0 -1 0 
P5: 0 -1 0 
P6: 0 0 0 
"];
42 [label = "P1: -1 -2 0 
P2: 1 0 -2 
P3: 4 0 -1 
P4: 0 -1 0 
P5: 0 -1 0 
P6: 0 0 0 
",  style="filled", fillcolor = "#FF9696"];
43 [label = "P1: -1 -2 0 
P2: 0 0 -2 
P3: 3 0 -1 
P4: 0 -1 0 
P5: 0 0 0 
P6: 0 0 0 
"];
44 [label = "P1: -1 -2 0 
P2: 0 0 -2 
P3: 3 0 -1 
P4: 0 0 0 
P5: 0 0 0 
P6: 0 0 0 
"];
45 [label = "P1: -1 -2 0 
P2: 0 0 -2 
P3: 4 0 -2 
P4: 0 -1 0 
P5: 0 -1 0 
P6: 0 0 0 
",  style="filled", fillcolor = "#FF9696"];
46 [label = "P1: -1 -2 0 
P2: 0 0 -2 
P3: 4 0 -1 
P4: 0 -1 0 
P5: 0 0 0 
P6: 0 0 0 
"];
47 [label = "P1: -1 -2 0 
P2: 0 0 -2 
P3: 4 0 -1 
P4: 0 0 0 
P5: 0 0 0 
P6: 0 0 0 
"];
48 [label = "P1: -1 -2 1 
P2: 0 0 -1 
P3: 4 0 -1 
P4: 0 -1 1 
P5: 0 -1 1 
P6: 0 0 0 
"];
49 [label = "P1: -1 -2 0 
P2: 1 0 -2 
P3: 3 0 -1 
P4: 0 -1 0 
P5: 0 0 0 
P6: 0 0 0 
",  style="filled", fillcolor = "#FF9696"];
50 [label = "P1: -1 -2 0 
P2: 0 0 -3 
P3: 3 0 -1 
P4: 0 -1 0 
P5: 0 0 0 
P6: 0 0 0 
",  style="filled", fillcolor = "#FF9696"];
51 [label = "P1: -1 -2 0 
P2: 0 0 -2 
P3: 3 0 0 
P4: 0 -1 0 
P5: 0 0 0 
P6: 0 0 0 
"];
52 [label = "P1: -1 -2 0 
P2: 1 0 -2 
P3: 4 0 -1 
P4: 0 -1 0 
P5: 0 0 0 
P6: 0 0 0 
",  style="filled", fillcolor = "#FF9696"];
53 [label = "P1: -1 -2 0 
P2: 0 0 -3 
P3: 3 0 -2 
P4: 0 -1 0 
P5: 0 0 0 
P6: 0 0 0 
",  style="filled", fillcolor = "#FF9696"];
54 [label = "P1: -1 -2 0 
P2: 0 0 -1 
P3: 3 0 0 
P4: 0 -1 0 
P5: 0 0 0 
P6: 0 0 0 
",  style="filled", fillcolor = "#FF9696"];
55 [label = "P1: -1 -2 0 
P2: 1 0 -2 
P3: 3 0 -1 
P4: 0 0 0 
P5: 0 0 0 
P6: 0 0 0 
",  style="filled", fillcolor = "#FF9696"];
56 [label = "P1: -1 -2 0 
P2: 0 0 -3 
P3: 3 0 -1 
P4: 0 0 0 
P5: 0 0 0 
P6: 0 0 0 
",  style="filled", fillcolor = "#FF9696"];
57 [label = "P1: -1 -2 0 
P2: 1 0 -2 
P3: 4 0 -1 
P4: 0 0 0 
P5: 0 0 0 
P6: 0 0 0 
",  style="filled", fillcolor = "#FF9696"];
58 [label = "P1: -1 -2 0 
P2: 0 0 -3 
P3: 3 0 -2 
P4: 0 0 0 
P5: 0 0 0 
P6: 0 0 0 
",  style="filled", fillcolor = "#FF9696"];
59 [label = "P1: -1 -2 0 
P2: 0 0 -3 
P3: 4 0 -1 
P4: 0 -1 0 
P5: 0 0 0 
P6: 0 0 0 
",  style="filled", fillcolor = "#FF9696"];
60 [label = "P1: -1 -2 0 
P2: 0 0 -1 
P3: 4 0 -1 
P4: 0 -1 0 
P5: 0 0 0 
P6: 0 0 0 
",  style="filled", fillcolor = "#FF9696"];
61 [label = "P1: -1 -2 0 
P2: 0 0 -2 
P3: 4 0 -2 
P4: 0 -1 0 
P5: 0 0 0 
P6: 0 0 0 
",  style="filled", fillcolor = "#FF9696"];
62 [label = "P1: -1 -2 0 
P2: 0 0 -3 
P3: 4 0 -2 
P4: 0 -1 0 
P5: 0 0 0 
P6: 0 0 0 
",  style="filled", fillcolor = "#FF9696"];
63 [label = "P1: -1 -2 0 
P2: 0 0 -3 
P3: 4 0 -1 
P4: 0 0 0 
P5: 0 0 0 
P6: 0 0 0 
",  style="filled", fillcolor = "#FF9696"];
64 [label = "P1: -1 -2 0 
P2: 0 0 -1 
P3: 4 0 -1 
P4: 0 0 0 
P5: 0 0 0 
P6: 0 0 0 
",  style="filled", fillcolor = "#FF9696"];
65 [label = "P1: -1 -2 0 
P2: 0 0 -2 
P3: 4 0 -2 
P4: 0 0 0 
P5: 0 0 0 
P6: 0 0 0 
",  style="filled", fillcolor = "#FF9696"];
66 [label = "P1: -1 -2 0 
P2: 0 0 -3 
P3: 4 0 -2 
P4: 0 0 0 
P5: 0 0 0 
P6: 0 0 0 
",  style="filled", fillcolor = "#FF9696"];
67 [label = "P1: -1 -2 0 
P2: 1 0 -2 
P3: 3 0 0 
P4: 0 -1 0 
P5: 0 0 0 
P6: 0 0 0 
",  style="filled", fillcolor = "#FF9696"];
68 [label = "P1: -1 -2 0 
P2: 0 0 -3 
P3: 3 0 0 
P4: 0 -1 0 
P5: 0 0 0 
P6: 0 0 0 
",  style="filled", fillcolor = "#FF9696"];
69 [label = "P1: -1 -2 0 
P2: 0 0 -2 
P3: 2 0 0 
P4: 0 -1 0 
P5: 0 0 0 
P6: 0 0 0 
"];
70 [label = "P1: -1 -2 0 
P2: 0 0 -2 
P3: 1 0 0 
P4: 0 -1 0 
P5: 0 0 0 
P6: 0 0 0 
"];
71 [label = "P1: -1 -2 0 
P2: 0 0 -2 
P3: 0 0 0 
P4: 0 -1 0 
P5: 0 0 0 
P6: 0 0 0 
"];
72 [label = "P1: -1 -2 0 
P2: 1 0 -2 
P3: 2 0 0 
P4: 0 -1 0 
P5: 0 0 0 
P6: 0 0 0 
",  style="filled", fillcolor = "#FF9696"];
73 [label = "P1: -1 -2 0 
P2: 0 0 -3 
P3: 2 0 0 
P4: 0 -1 0 
P5: 0 0 0 
P6: 0 0 0 
",  style="filled", fillcolor = "#FF9696"];
74 [label = "P1: -1 -2 0 
P2: 0 0 -1 
P3: 2 0 0 
