graph G {
color = "black"
0 [label = "P1: 0 0 0 
P2: 0 0 0 
P3: 0 0 0 
",  style="filled", fillcolor = "#96FF96"];
1 [label = "P1: 0 0 -1 
P2: 0 0 0 
P3: 0 0 0 
"];
2 [label = "P1: 0 0 -1 
P2: -1 0 0 
P3: 0 0 0 
"];
3 [label = "P1: 0 0 -2 
P2: -1 0 0 
P3: 0 0 0 
"];
4 [label = "P1: 0 0 -2 
P2: -2 0 0 
P3: 0 0 0 
"];
5 [label = "P1: 0 0 -2 
P2: -2 0 0 
P3: 0 0 1 
"];
6 [label = "P1: 0 0 -1 
P2: -2 0 1 
P3: 0 0 0 
"];
7 [label = "P1: -1 0 -3 
P2: -2 0 -1 
P3: 0 0 0 
"];
8 [label = "P1: 0 1 -2 
P2: -2 0 0 
P3: 0 0 1 
"];
88 [label = "P1: -∞ 1 -2 
P2: -2 0 0 
P3: 0 0 1 
",  style="filled", fillcolor = "#FF9696"];
9 [label = "P1: -1 0 -3 
P2: -3 0 -1 
P3: 0 0 0 
"];
10 [label = "P1: -1 1 -3 
P2: -2 0 -1 
P3: 0 0 0 
"];
1010 [label = "P1: -∞ 1 -3 
P2: -2 0 -1 
P3: 0 0 0 
",  style="filled", fillcolor = "#FF9696"];
11 [label = "P1: -1 1 -3 
P2: -3 0 -1 
P3: 0 0 0 
"];
1111 [label = "P1: -∞ 1 -3 
P2: -3 0 -1 
P3: 0 0 0 
",  style="filled", fillcolor = "#FF9696"];
12 [label = "P1: -1 1 -3 
P2: -3 1 -1 
P3: 0 0 0 
"];
13 [label = "P1: -1 2 -3 
P2: -3 1 -1 
P3: 0 0 0 
"];
1313 [label = "P1: -∞ 2 -3 
P2: -3 1 -1 
P3: 0 0 0 
",  style="filled", fillcolor = "#FF9696"];
edge [style=bold];
0 -- 1 [color="#1E96FF", penwidth=4.0];

1 -- 2 [color="#1E96FF", penwidth=4.0];

2 -- 3 [color="#1E96FF", penwidth=4.0];

3 -- 4 [color="#1E96FF", penwidth=4.0];

4 -- 5 [color="#1E96FF", penwidth=4.0];
4 -- 6 [color=black];

5 -- 7 [color=black];
5 -- 8 [color="#1E96FF", penwidth=4.0];
5 -- 9 [color=black];
5 -- 6 [color=black];


7 -- 10 [color=black];
7 -- 9 [color=black];


8 -- 88 [color="#1E96FF", penwidth=4.0];
9 -- 11 [color=black];
9 -- 12 [color=black];


10 -- 1010 [color=black];
11 -- 12 [color=black];

11 -- 1111 [color=black];
12 -- 13 [color=black];


13 -- 1313 [color=black];
}
