graph G {
color = "black"
0 [label = "P1: 0 0 0 
P2: 0 0 0 
P3: 0 0 0 
",  style="filled", fillcolor = "#96FF96"];
1 [label = "P1: 1 0 0 
P2: 0 0 0 
P3: 0 0 0 
"];
2 [label = "P1: 2 0 0 
P2: 0 0 0 
P3: 0 0 0 
"];
3 [label = "P1: 2 0 0 
P2: 0 1 0 
P3: 0 0 0 
"];
4 [label = "P1: 3 0 0 
P2: 0 1 0 
P3: 0 0 0 
"];
5 [label = "P1: 3 0 0 
P2: 0 2 0 
P3: 0 0 0 
"];
6 [label = "P1: 3 1 0 
P2: 0 2 0 
P3: 0 0 0 
"];
7 [label = "P1: 3 0 0 
P2: 0 1 0 
P3: 0 -2 0 
"];
77 [label = "P1: +∞ 0 0 
P2: 0 1 0 
P3: 0 -2 0 
",  style="filled", fillcolor = "#FF9696"];
8 [label = "P1: 3 1 0 
P2: 0 3 0 
P3: 0 0 0 
"];
9 [label = "P1: 3 1 0 
P2: 0 3 -1 
P3: 0 0 0 
"];
10 [label = "P1: 3 0 0 
P2: 0 3 -1 
P3: 0 0 0 
"];
11 [label = "P1: 3 1 0 
P2: 0 4 -1 
P3: 0 0 0 
"];
12 [label = "P1: 3 2 0 
P2: 0 4 -1 
P3: 0 0 0 
"];
1212 [label = "P1: +∞ 2 0 
P2: 0 4 -1 
P3: 0 0 0 
",  style="filled", fillcolor = "#FF9696"];
13 [label = "P1: 3 1 0 
P2: 0 4 -2 
P3: 0 0 0 
"];
14 [label = "P1: 3 2 0 
P2: 0 4 -2 
P3: 0 0 0 
"];
1414 [label = "P1: +∞ 2 0 
P2: 0 4 -2 
P3: 0 0 0 
",  style="filled", fillcolor = "#FF9696"];
15 [label = "P1: 3 3 0 
P2: 0 4 -2 
P3: 0 0 0 
"];
1515 [label = "P1: +∞ 3 0 
P2: 0 4 -2 
P3: 0 0 0 
",  style="filled", fillcolor = "#FF9696"];
16 [label = "P1: 3 1 0 
P2: -1 4 -2 
P3: 0 0 0 
"];
17 [label = "P1: 3 2 0 
P2: 0 5 -2 
P3: 0 0 0 
"];
1717 [label = "P1: +∞ 2 0 
P2: 0 5 -2 
P3: 0 0 0 
",  style="filled", fillcolor = "#FF9696"];
18 [label = "P1: 3 3 0 
P2: 0 6 -2 
P3: 0 0 0 
"];
1818 [label = "P1: +∞ 3 0 
P2: 0 6 -2 
P3: 0 0 0 
",  style="filled", fillcolor = "#FF9696"];
19 [label = "P1: 3 4 0 
P2: 0 7 -2 
P3: 0 0 0 
"];
1919 [label = "P1: +∞ 4 0 
P2: 0 7 -2 
P3: 0 0 0 
",  style="filled", fillcolor = "#FF9696"];
20 [label = "P1: 3 5 0 
P2: 0 8 -2 
P3: 0 0 0 
"];
2020 [label = "P1: +∞ 5 0 
P2: 0 8 -2 
P3: 0 0 0 
",  style="filled", fillcolor = "#FF9696"];
21 [label = "P1: 3 0 0 
P2: -1 4 -2 
P3: 0 0 0 
"];
22 [label = "P1: 3 2 0 
P2: -1 4 -2 
P3: 0 0 0 
"];
2222 [label = "P1: +∞ 2 0 
P2: -1 4 -2 
P3: 0 0 0 
",  style="filled", fillcolor = "#FF9696"];
23 [label = "P1: 3 3 0 
P2: -1 4 -2 
P3: 0 0 0 
"];
2323 [label = "P1: +∞ 3 0 
P2: -1 4 -2 
P3: 0 0 0 
",  style="filled", fillcolor = "#FF9696"];
24 [label = "P1: 3 0 -1 
P2: -1 4 -2 
P3: 0 0 0 
"];
2424 [label = "P1: +∞ 0 -1 
P2: -1 4 -2 
P3: 0 0 0 
",  style="filled", fillcolor = "#FF9696"];
edge [style=bold];
0 -- 1 [color=black];
0 -- 2 [color="#1E96FF", penwidth=4.0];

1 -- 2 [color=black];

2 -- 3 [color="#1E96FF", penwidth=4.0];

3 -- 4 [color="#1E96FF", penwidth=4.0];

4 -- 5 [color=black];
4 -- 6 [color=black];
4 -- 7 [color="#1E96FF", penwidth=4.0];

5 -- 6 [color=black];
5 -- 8 [color=black];

6 -- 8 [color=black];
6 -- 7 [color=black];

7 -- 8 [color=black];

7 -- 77 [color="#1E96FF", penwidth=4.0];
8 -- 9 [color=black];

9 -- 10 [color=black];
9 -- 11 [color=black];
9 -- 12 [color=black];

10 -- 11 [color=black];

11 -- 12 [color=black];
11 -- 13 [color=black];


12 -- 1212 [color=black];
13 -- 14 [color=black];
13 -- 15 [color=black];
13 -- 16 [color=black];
13 -- 17 [color=black];
13 -- 18 [color=black];
13 -- 19 [color=black];
13 -- 20 [color=black];


14 -- 1414 [color=black];

15 -- 1515 [color=black];
16 -- 21 [color=black];
16 -- 22 [color=black];
16 -- 23 [color=black];


17 -- 1717 [color=black];

18 -- 1818 [color=black];

19 -- 1919 [color=black];

20 -- 2020 [color=black];
21 -- 22 [color=black];
21 -- 23 [color=black];
21 -- 24 [color=black];


22 -- 2222 [color=black];

23 -- 2323 [color=black];

24 -- 2424 [color=black];
}
