digraph G {
color = "black"
0[label = "Index: 0 
P0: 0 0 0 
P1: 0 0 0 
P2: 0 0 0 
P3: 0 0 0 
P4: 0 0 0 
", style="filled", fillcolor = "green"]
1[label = "Index: 1 
P0: -1 0 0 
P1: 0 0 0 
P2: 0 0 0 
P3: 0 0 0 
P4: 0 0 0 
", color = "orange"]
2[label = "Index: 2 
P0: -1 0 0 
P1: 0 0 1 
P2: 0 0 0 
P3: 0 0 0 
P4: 0 0 0 
", color = "orange"]
3[label = "Index: 3 
P0: -1 0 0 
P1: 0 0 1 
P2: 0 -1 0 
P3: 0 0 0 
P4: 0 0 0 
", color = "orange"]
4[label = "Index: 4 
P0: -1 0 0 
P1: 0 0 1 
P2: 0 -1 0 
P3: 0 0 -1 
P4: 0 0 0 
", color = "orange"]
5[label = "Index: 5 
P0: -1 0 -1 
P1: 0 0 1 
P2: 0 -1 0 
P3: 0 0 -1 
P4: 0 0 0 
"]
6[label = "Index: 6 
P0: -1 0 -1 
P1: 0 0 1 
P2: 0 -1 0 
P3: 0 0 -2 
P4: 0 0 0 
"]
7[label = "Index: 7 
P0: 0 0 0 
P1: 1 0 1 
P2: 1 -1 0 
P3: 1 0 -1 
P4: 0 0 0 
", color = "orange"]
8[label = "Index: 8 
P0: -1 -1 -1 
P1: 0 -1 1 
P2: 0 -2 0 
P3: 0 -1 -2 
P4: 0 0 0 
"]
9[label = "Index: 9 
P0: 0 0 0 
P1: 1 0 2 
P2: 1 -1 0 
P3: 1 0 -1 
P4: 0 0 0 
", color = "orange"]
10[label = "Index: 10 
P0: 0 0 0 
P1: 1 0 2 
P2: 1 -1 1 
P3: 1 0 -1 
P4: 0 0 0 
"]
11[label = "Index: 11 
P0: 0 0 0 
P1: 1 0 2 
P2: 1 -2 0 
P3: 1 0 -1 
P4: 0 0 0 
", color = "orange"]
12[label = "Index: 12 
P0: 0 0 0 
P1: 1 0 3 
P2: 1 -1 1 
P3: 1 0 -1 
P4: 0 0 0 
"]
13[label = "Index: 13 
P0: 0 0 0 
P1: 1 0 2 
P2: 2 -2 0 
P3: 1 0 -1 
P4: 0 0 0 
", color = "orange"]
14[label = "Index: 14 
P0: 0 0 0 
P1: 1 0 3 
P2: 2 -2 0 
P3: 1 0 -1 
P4: 0 0 0 
", color = "orange"]
15[label = "Index: 15 
P0: 0 0 0 
P1: 0 0 3 
P2: 1 -2 0 
P3: 1 0 -1 
P4: 0 0 0 
", color = "orange"]
16[label = "Index: 16 
P0: -1 0 0 
P1: 0 0 3 
P2: 1 -2 0 
P3: 0 0 -1 
P4: 0 0 0 
"]
17[label = "Index: 17 
P0: 0 0 0 
P1: 0 1 3 
P2: 1 -2 0 
P3: 1 0 -1 
P4: 0 0 0 
"]
18[label = "Index: 18 
P0: 0 0 0 
P1: 0 1 3 
P2: 1 -1 0 
P3: 1 0 -1 
P4: 0 0 0 
", color = "orange"]
19[label = "Index: 19 
P0: 0 0 0 
P1: 0 1 3 
P2: 2 -2 0 
P3: 1 0 -1 
P4: 0 0 0 
"]
20[label = "Index: 20 
P0: 0 0 0 
P1: 0 1 3 
P2: 1 -1 1 
P3: 1 0 -1 
P4: 0 0 0 
"]
21[label = "Index: 21 
P0: 0 0 0 
P1: 0 1 4 
P2: 1 -1 1 
P3: 1 0 -1 
P4: 0 0 0 
", color = "orange"]
22[label = "Index: 22 
P0: 0 0 0 
P1: 1 1 4 
P2: 2 -1 1 
P3: 1 0 -1 
P4: 0 0 0 
"]
23[label = "Index: 23 
P0: -1 0 0 
P1: 0 1 4 
P2: 1 -1 1 
P3: 0 0 -1 
P4: 0 0 0 
", color = "orange"]
24[label = "Index: 24 
P0: -1 0 -1 
P1: 0 1 4 
P2: 1 -1 1 
P3: 0 0 -1 
P4: 0 0 0 
", style="filled", fillcolor = "red"]
25[label = "Index: 25 
P0: -1 0 -1 
P1: 0 1 4 
P2: 1 -1 1 
P3: 0 0 -2 
P4: 0 0 0 
", color = "purple"]
26[label = "Index: 26 
P0: -1 0 -1 
P1: 0 1 3 
P2: 1 -1 1 
P3: 0 0 -2 
P4: 0 0 0 
", color = "purple"]
27[label = "Index: 27 
P0: -1 0 -1 
P1: 0 1 3 
P2: 1 -1 0 
P3: 0 0 -2 
P4: 0 0 0 
"]
28[label = "Index: 28 
P0: -1 -1 -1 
P1: 0 1 3 
P2: 1 -2 0 
P3: 0 -1 -2 
P4: 0 0 0 
", color = "purple"]
29[label = "Index: 29 
P0: -1 -1 -1 
P1: 0 0 3 
P2: 1 -2 0 
P3: 0 -1 -2 
P4: 0 0 0 
"]
30[label = "Index: 30 
P0: -1 -1 -2 
P1: 0 1 3 
P2: 1 -2 0 
P3: 0 -1 -2 
P4: 0 0 0 
"]
31[label = "Index: 31 
P0: -1 -1 -2 
P1: 0 0 3 
P2: 1 -2 0 
P3: 0 -1 -2 
P4: 0 0 0 
", color = "purple"]
32[label = "Index: 32 
P0: -1 -1 -1 
P1: 0 0 3 
P2: 1 -2 1 
P3: 0 -1 -2 
P4: 0 0 0 
", color = "purple"]
33[label = "Index: 33 
P0: -1 -1 -1 
P1: 0 0 4 
P2: 1 -2 1 
P3: 0 -1 -2 
P4: 0 0 0 
", color = "purple"]
34[label = "Index: 34 
P0: -1 -1 -1 
P1: 0 0 5 
P2: 1 -2 2 
P3: 0 -1 -2 
P4: 0 0 0 
", color = "purple"]
35[label = "Index: 35 
P0: -1 -1 -2 
P1: 0 0 3 
P2: 1 -2 0 
P3: 0 -1 -3 
P4: 0 0 0 
", color = "purple"]
36[label = "Index: 36 
P0: -1 -1 -2 
P1: 0 0 3 
P2: 1 -2 1 
P3: 0 -1 -2 
P4: 0 0 0 
"]
37[label = "Index: 37 
P0: -1 -1 -2 
P1: 0 0 4 
P2: 1 -2 1 
P3: 0 -1 -2 
P4: 0 0 0 
"]
38[label = "Index: 38 
P0: -1 -1 -1 
P1: 0 1 4 
P2: 1 -2 1 
P3: 0 -1 -2 
P4: 0 0 0 
"]
39[label = "Index: 39 
P0: -1 -1 -2 
P1: 0 0 5 
P2: 1 -2 2 
P3: 0 -1 -2 
P4: 0 0 0 
"]
40[label = "Index: 40 
P0: -1 -1 -2 
P1: 0 1 3 
P2: 1 -2 0 
P3: 0 -1 -3 
P4: 0 0 0 
"]
41[label = "Index: 41 
P2: 1 -1 1 
", color = "fuchsia"]
42[label = "Index: 42 
P0: -1 0 -1 
P1: 0 1 4 
P3: 0 0 -1 
P4: 0 0 0 
", color = "red"]
43[label = "Index: 43 
P0: -1 0 0 
P1: 0 1 4 
P3: 0 0 -1 
P4: 0 0 0 
"]
44[label = "Index: 44 
P1: 0 1 4 
", color = "fuchsia"]
45[label = "Index: 45 
P0: -1 0 -1 
P3: 0 0 -1 
P4: 0 0 0 
", color = "orange"]
46[label = "Index: 46 
P0: -1 0 0 
P3: 0 0 -1 
P4: 0 0 0 
"]
47[label = "Index: 47 
P0: -1 0 -1 
P3: 0 0 -2 
P4: 0 0 0 
", color = "orange"]
48[label = "Index: 48 
P0: -1 0 0 
P3: 0 0 0 
P4: 0 0 0 
"]
49[label = "Index: 49 
P0: 0 0 0 
P3: 1 0 -1 
P4: 0 0 0 
"]
50[label = "Index: 50 
P0: -1 -1 -1 
P3: 0 -1 -2 
P4: 0 0 0 
", color = "orange"]
51[label = "Index: 51 
P0: 0 0 0 
P3: 0 0 0 
P4: 0 0 0 
"]
52[label = "Index: 52 
P0: -1 -1 -2 
P3: 0 -1 -2 
P4: 0 0 0 
"]
53[label = "Index: 53 
P0: -1 -1 -2 
P3: 0 -1 -3 
P4: 0 0 0 
", color = "orange"]
54[label = "Index: 54 
P0: -2 -1 -2 
P3: -1 -1 -3 
P4: 0 0 0 
", color = "red"]
55[label = "Index: 55 
P0: -3 -1 -2 
P3: -2 -1 -3 
P4: 0 0 0 
"]
56[label = "Index: 56 
P0: -2 -1 -3 
P3: -1 -1 -3 
P4: 0 0 0 
"]
57[label = "Index: 57 
P4: 0 0 0 
", color = "fuchsia"]
58[label = "Index: 58 
P0: -2 -1 -2 
P3: -1 -1 -3 
", color = "orange"]
59[label = "Index: 59 
P0: -2 -1 -3 
P3: -1 -1 -3 
", color = "orange"]
60[label = "Index: 60 
P0: -1 -1 -3 
P3: -1 -1 -3 
", color = "orange"]
61[label = "Index: 61 
P0: -1 -1 -4 
P3: -1 -1 -3 
", color = "orange"]
62[label = "Index: 62 
P0: -1 -2 -4 
P3: -1 -1 -3 
", color = "red"]
63[label = "Index: 63 
P3: -1 -1 -3 
", style="filled", fillcolor = "blue"]
64[label = "Index: 64 
P0: -1 -2 -4 
", color = "fuchsia"]
0 -> 1

1 -> 0
1 -> 2

2 -> 1
2 -> 3

3 -> 2
3 -> 4
3 -> 5

4 -> 3
4 -> 5
4 -> 6
4 -> 7

5 -> 3
5 -> 4
5 -> 6

6 -> 4
6 -> 5
6 -> 8

7 -> 4
7 -> 9
7 -> 10

8 -> 6

9 -> 7
9 -> 11
9 -> 10
9 -> 12

10 -> 7
10 -> 9
10 -> 12

11 -> 9
11 -> 13

12 -> 9
12 -> 10

13 -> 11
13 -> 14

14 -> 13
14 -> 15
14 -> 16

15 -> 14
15 -> 17
15 -> 18
15 -> 16

16 -> 14
16 -> 15

17 -> 15
17 -> 19
17 -> 18

18 -> 15
18 -> 17
18 -> 20
18 -> 21

19 -> 17

20 -> 18
20 -> 21

21 -> 18
21 -> 20
21 -> 22
21 -> 23

22 -> 21
22 -> 23

23 -> 21
23 -> 22
23 -> 24
23 -> 25
23 -> 26
23 -> 27

24 -> 23
24 -> 27
24 -> 42
24 -> 41

25 -> 23
25 -> 26
25 -> 27

26 -> 23
26 -> 25
26 -> 27

27 -> 23
27 -> 26
27 -> 25
27 -> 28
27 -> 24
27 -> 29

28 -> 27
28 -> 30
28 -> 29

29 -> 27
29 -> 31
29 -> 28
29 -> 32
29 -> 33
29 -> 34
29 -> 35

30 -> 28
30 -> 31

31 -> 29
31 -> 30

32 -> 29
32 -> 36
32 -> 33

33 -> 29
33 -> 37
33 -> 38
33 -> 32

34 -> 29
34 -> 39

35 -> 29
35 -> 40

36 -> 32

37 -> 33

38 -> 33

39 -> 34

40 -> 35

42 -> 43
42 -> 45
42 -> 44

43 -> 42

45 -> 46
45 -> 47
45 -> 48

46 -> 45
46 -> 48
46 -> 49
46 -> 47

47 -> 45
47 -> 46
47 -> 50

48 -> 45
48 -> 46
48 -> 51

49 -> 46

50 -> 47
50 -> 52
50 -> 53

51 -> 48

52 -> 50
52 -> 53

53 -> 50
53 -> 52
53 -> 54
53 -> 55

54 -> 53
54 -> 56
54 -> 57
54 -> 58

55 -> 53

56 -> 54

58 -> 59

59 -> 58
59 -> 60

60 -> 59
60 -> 61

61 -> 60
61 -> 62

62 -> 61
62 -> 63
62 -> 64

}
