graph G {
color = "black"
0 [label = "P1: 0 0 0 
P2: 0 0 0 
P3: 0 0 0 
P4: 0 0 0 
P5: 0 0 0 
P6: 0 0 0 
",  style="filled", fillcolor = "#96FF96"];
1 [label = "P1: 0 -1 0 
P2: 0 0 0 
P3: 0 0 0 
P4: 0 0 0 
P5: 0 0 0 
P6: 0 0 0 
"];
2 [label = "P1: 0 -1 0 
P2: 0 0 -1 
P3: 0 0 0 
P4: 0 0 0 
P5: 0 0 0 
P6: 0 0 0 
"];
3 [label = "P1: 0 -1 0 
P2: 0 0 -1 
P3: 0 0 0 
P4: 0 -1 0 
P5: 0 0 0 
P6: 0 0 0 
"];
4 [label = "P1: 0 -1 0 
P2: 0 0 -1 
P3: 1 0 0 
P4: 0 -1 0 
P5: 0 0 0 
P6: 0 0 0 
"];
5 [label = "P1: 0 -1 0 
P2: 0 0 -1 
P3: 2 0 0 
P4: 0 -1 0 
P5: 0 0 0 
P6: 0 0 0 
"];
6 [label = "P1: 0 -1 0 
P2: 0 0 -1 
P3: 3 0 0 
P4: 0 -1 0 
P5: 0 0 0 
P6: 0 0 0 
"];
7 [label = "P1: 0 -1 0 
P2: 0 0 -1 
P3: 2 0 0 
P4: 0 0 0 
P5: 0 0 0 
P6: 0 0 0 
"];
8 [label = "P1: 0 -1 0 
P2: 1 0 -1 
P3: 2 0 0 
P4: 0 0 0 
P5: 0 0 0 
P6: 0 0 0 
"];
9 [label = "P1: 0 -1 0 
P2: 1 0 -2 
P3: 2 0 0 
P4: 0 0 0 
P5: 0 0 0 
P6: 0 0 0 
"];
10 [label = "P1: 0 -1 0 
P2: 1 0 -2 
P3: 2 0 0 
P4: 0 -1 0 
P5: 0 0 0 
P6: 0 0 0 
"];
11 [label = "P1: 0 -1 0 
P2: 1 0 -2 
P3: 1 0 0 
P4: 0 -1 0 
P5: 0 0 0 
P6: 0 0 0 
"];
12 [label = "P1: 0 -1 0 
P2: 1 0 -2 
P3: 0 0 0 
P4: 0 -1 0 
P5: 0 0 0 
P6: 0 0 0 
"];
13 [label = "P1: 0 -1 0 
P2: 1 0 -2 
P3: 3 0 0 
P4: 0 -1 0 
P5: 0 0 0 
P6: 0 0 0 
"];
14 [label = "P1: 0 -1 0 
P2: 1 0 -2 
P3: 0 0 0 
P4: 0 0 0 
P5: 0 0 0 
P6: 0 0 0 
"];
15 [label = "P1: 0 -1 0 
P2: 1 0 -2 
P3: 3 0 -1 
P4: 0 -1 0 
P5: 0 0 0 
P6: 0 0 0 
"];
16 [label = "P1: 0 -1 0 
P2: 1 0 -2 
P3: 4 0 -1 
P4: 0 -1 0 
P5: 0 0 0 
P6: 0 0 0 
"];
17 [label = "P1: 0 -1 0 
P2: 1 0 -2 
P3: 4 1 -1 
P4: 0 -1 0 
P5: 0 0 0 
P6: 0 0 0 
"];
18 [label = "P1: 0 -1 0 
P2: 1 0 -2 
P3: 4 0 -1 
P4: 0 0 0 
P5: 0 0 0 
P6: 0 0 0 
"];
19 [label = "P1: 0 -1 0 
P2: 1 0 -2 
P3: 4 0 -1 
P4: 0 -1 0 
P5: 0 -1 0 
P6: 0 0 0 
"];
20 [label = "P1: 0 -1 0 
P2: 1 0 -2 
P3: 4 1 -1 
P4: 0 0 0 
P5: 0 0 0 
P6: 0 0 0 
"];
21 [label = "P1: 0 -1 0 
P2: 1 0 -2 
P3: 4 1 -1 
P4: 0 -1 0 
P5: 0 -1 0 
P6: 0 0 0 
"];
22 [label = "P1: 0 -1 0 
P2: 1 0 -2 
P3: 4 1 -1 
P4: 0 -1 0 
P5: 0 -1 0 
P6: 0 0 -1 
"];
23 [label = "P1: 0 -2 0 
P2: 1 0 -2 
P3: 4 1 -1 
P4: 0 -1 0 
P5: 0 -1 0 
P6: 0 0 -1 
"];
24 [label = "P1: 0 -2 1 
P2: 1 0 -1 
P3: 4 1 0 
P4: 0 -2 1 
P5: 0 -1 1 
P6: 0 0 0 
"];
25 [label = "P1: 0 -2 0 
P2: 1 0 -3 
P3: 4 1 -1 
P4: 0 -1 0 
P5: 0 -1 0 
P6: 0 0 -1 
",  style="filled", fillcolor = "#FF9696"];
26 [label = "P1: 0 -2 1 
P2: 1 0 -2 
P3: 4 1 -1 
P4: 0 -1 1 
P5: 0 -1 1 
P6: 0 0 0 
",  style="filled", fillcolor = "#FF9696"];
27 [label = "P1: 0 -2 2 
P2: 1 0 -1 
P3: 4 1 0 
P4: 0 -1 2 
P5: 0 -1 2 
P6: 0 0 0 
",  style="filled", fillcolor = "#FF9696"];
28 [label = "P1: 0 -2 2 
P2: 1 0 -1 
P3: 4 1 1 
P4: 0 -1 2 
P5: 0 -1 2 
P6: 0 0 0 
",  style="filled", fillcolor = "#FF9696"];
29 [label = "P1: 0 -2 1 
P2: 1 0 -2 
P3: 4 1 0 
P4: 0 -2 1 
P5: 0 -1 1 
P6: 0 0 0 
",  style="filled", fillcolor = "#FF9696"];
30 [label = "P1: 0 -2 1 
P2: 1 0 -2 
P3: 4 1 -1 
P4: 0 -2 1 
P5: 0 -1 1 
P6: 0 0 0 
",  style="filled", fillcolor = "#FF9696"];
31 [label = "P1: 0 -2 2 
P2: 1 0 -1 
P3: 4 1 0 
P4: 0 -2 2 
P5: 0 -1 2 
P6: 0 0 0 
",  style="filled", fillcolor = "#FF9696"];
32 [label = "P1: 0 -2 2 
P2: 1 0 -1 
P3: 4 1 1 
P4: 0 -2 2 
P5: 0 -1 2 
P6: 0 0 0 
",  style="filled", fillcolor = "#FF9696"];
33 [label = "P1: 0 -2 1 
",  style="filled", fillcolor = "#FF96FF"];
34 [label = "P2: 1 0 -3 
P3: 4 1 -1 
P4: 0 -1 0 
P5: 0 -1 0 
P6: 0 0 -1 
"];
35 [label = "P2: 1 0 -1 
P3: 4 1 0 
P4: 0 -1 1 
P5: 0 -1 1 
P6: 0 0 0 
"];
36 [label = "P3: 4 1 0 
",  style="filled", fillcolor = "#FF96FF"];
37 [label = "P2: 1 0 -3 
P4: 0 -1 0 
P5: 0 -1 0 
P6: 0 0 -1 
"];
38 [label = "P2: 1 0 -1 
P4: 0 -1 1 
P5: 0 -1 1 
P6: 0 0 0 
"];
39 [label = "P4: 0 -1 1 
",  style="filled", fillcolor = "#FF96FF"];
40 [label = "P2: 1 0 -3 
P5: 0 -1 0 
P6: 0 0 -1 
"];
41 [label = "P2: 1 0 -1 
P5: 0 -1 1 
P6: 0 0 0 
"];
42 [label = "P2: 1 0 -2 
P5: 0 -1 0 
P6: 0 0 0 
"];
43 [label = "P2: 1 0 -3 
P5: 0 -1 0 
P6: 0 0 0 
"];
44 [label = "P2: 1 0 -1 
P5: 0 -1 2 
P6: 0 0 0 
"];
45 [label = "P2: 0 0 -1 
P5: 0 -1 1 
P6: 0 0 0 
"];
46 [label = "P2: 0 0 -2 
P5: 0 -1 0 
P6: 0 0 0 
"];
47 [label = "P2: 1 0 -2 
P5: 0 0 0 
P6: 0 0 0 
"];
48 [label = "P2: 1 0 -3 
",  style="filled", fillcolor = "#FF96FF"];
49 [label = "P5: 0 -1 0 
P6: 0 0 0 
"];
50 [label = "P5: 0 -1 0 
", style="filled", fillcolor = "#9696FF"];
51 [label = "P6: 0 0 0 
",  style="filled", fillcolor = "#FF96FF"];
edge [style=bold];
0 -- 1 [color="#1E96FF", penwidth=4.0];

1 -- 2 [color="#1E96FF", penwidth=4.0];

2 -- 3 [color="#1E96FF", penwidth=4.0];

3 -- 4 [color=black];
3 -- 5 [color="#1E96FF", penwidth=4.0];
3 -- 6 [color=black];

4 -- 5 [color=black];
4 -- 6 [color=black];

5 -- 6 [color=black];
5 -- 7 [color="#1E96FF", penwidth=4.0];


7 -- 8 [color="#1E96FF", penwidth=4.0];

8 -- 9 [color="#1E96FF", penwidth=4.0];

9 -- 10 [color="#1E96FF", penwidth=4.0];

10 -- 11 [color=black];
10 -- 12 [color=black];
10 -- 13 [color="#1E96FF", penwidth=4.0];

11 -- 12 [color=black];
11 -- 13 [color=black];

12 -- 13 [color=black];
12 -- 14 [color=black];

13 -- 15 [color="#1E96FF", penwidth=4.0];


15 -- 16 [color="#1E96FF", penwidth=4.0];

16 -- 17 [color="#1E96FF", penwidth=4.0];
16 -- 18 [color=black];
16 -- 19 [color=black];

17 -- 20 [color=black];
17 -- 21 [color="#1E96FF", penwidth=4.0];
17 -- 19 [color=black];

18 -- 20 [color=black];
18 -- 19 [color=black];

19 -- 21 [color=black];
19 -- 20 [color=black];

20 -- 21 [color=black];

21 -- 22 [color="#1E96FF", penwidth=4.0];

22 -- 23 [color="#1E96FF", penwidth=4.0];
22 -- 24 [color=black];

23 -- 25 [color="#1E96FF", penwidth=4.0];
23 -- 26 [color=black];
23 -- 24 [color=black];
23 -- 27 [color=black];
23 -- 28 [color=black];

24 -- 29 [color=black];
24 -- 30 [color=black];
24 -- 31 [color=black];
24 -- 32 [color=black];

25 -- 34 [color="#1E96FF", penwidth=4.0];
25 -- 33 [color=black];








34 -- 35 [color=black];
34 -- 37 [color="#1E96FF", penwidth=4.0];
34 -- 36 [color=black];


37 -- 38 [color=black];
37 -- 40 [color="#1E96FF", penwidth=4.0];
37 -- 39 [color=black];


40 -- 41 [color=black];
40 -- 42 [color=black];
40 -- 43 [color="#1E96FF", penwidth=4.0];
40 -- 44 [color=black];

41 -- 45 [color=black];
41 -- 44 [color=black];
41 -- 42 [color=black];

42 -- 46 [color=black];
42 -- 43 [color=black];
42 -- 47 [color=black];

43 -- 49 [color="#1E96FF", penwidth=4.0];
43 -- 48 [color=black];





49 -- 51 [color=black];
49 -- 50 [color="#1E96FF", penwidth=4.0];

}
