digraph G {
color = "black"
0[label = "Index: 0 
P0: 0 0 0 
P1: 0 0 0 
P2: 0 0 0 
P3: 0 0 0 
P4: 0 0 0 
P5: 0 0 0 
P6: 0 0 0 
P7: 0 0 0 
", style="filled", fillcolor = "green"]
1[label = "Index: 1 
P0: -1 0 0 
P1: 0 0 0 
P2: 0 0 0 
P3: 0 0 0 
P4: 0 0 0 
P5: 0 0 0 
P6: 0 0 0 
P7: 0 0 0 
", color = "orange"]
2[label = "Index: 2 
P0: -1 0 0 
P1: 0 0 -1 
P2: 0 0 0 
P3: 0 0 0 
P4: 0 0 0 
P5: 0 0 0 
P6: 0 0 0 
P7: 0 0 0 
", color = "orange"]
3[label = "Index: 3 
P0: -1 0 0 
P1: 0 0 -1 
P2: 1 0 0 
P3: 0 0 0 
P4: 0 0 0 
P5: 0 0 0 
P6: 0 0 0 
P7: 0 0 0 
", color = "orange"]
4[label = "Index: 4 
P0: -1 0 0 
P1: 0 0 -1 
P2: 1 0 0 
P3: 0 0 1 
P4: 0 0 0 
P5: 0 0 0 
P6: 0 0 0 
P7: 0 0 0 
", color = "orange"]
5[label = "Index: 5 
P0: -1 0 0 
P1: 0 0 -1 
P2: 1 0 0 
P3: 0 0 1 
P4: -1 0 0 
P5: 0 0 0 
P6: 0 0 0 
P7: 0 0 0 
", color = "orange"]
6[label = "Index: 6 
P0: -1 0 0 
P1: 0 0 -1 
P2: 1 0 0 
P3: 0 -1 1 
P4: -1 0 0 
P5: 0 0 0 
P6: 0 0 0 
P7: 0 0 0 
"]
7[label = "Index: 7 
P0: -1 0 0 
P1: 0 0 -1 
P2: 1 0 0 
P3: 0 -1 1 
P4: -1 0 0 
P5: 0 -1 0 
P6: 0 0 0 
P7: 0 0 0 
", color = "orange"]
8[label = "Index: 8 
P0: -1 0 0 
P1: 0 0 -1 
P2: 1 0 0 
P3: 0 -1 1 
P4: -1 0 0 
P5: 0 -1 0 
P6: 0 0 -1 
P7: 0 0 0 
", color = "orange"]
9[label = "Index: 9 
P0: -1 0 0 
P1: 0 0 -1 
P2: 1 0 0 
P3: 0 -1 1 
P4: -1 0 0 
P5: 1 -1 0 
P6: 0 0 -1 
P7: 0 0 0 
", style="filled", fillcolor = "red"]
10[label = "Index: 10 
P0: -1 0 0 
P1: 0 0 -1 
P2: 1 0 0 
P3: 0 0 1 
P4: -1 0 0 
P5: 1 -1 0 
P6: 0 0 -1 
P7: 0 0 0 
"]
11[label = "Index: 11 
P0: -1 0 0 
P1: 0 0 -1 
P2: 1 0 0 
P3: 0 1 1 
P4: -1 0 0 
P5: 1 -1 0 
P6: 0 0 -1 
P7: 0 0 0 
"]
12[label = "Index: 12 
P0: -1 0 0 
P1: 0 0 -1 
P2: 1 0 0 
P3: 0 2 1 
P4: -1 0 0 
P5: 1 -1 0 
P6: 0 0 -1 
P7: 0 0 0 
"]
13[label = "Index: 13 
P5: 1 -1 0 
", color = "fuchsia"]
14[label = "Index: 14 
P0: -1 0 0 
P1: 0 0 -1 
P2: 1 0 0 
P3: 0 -1 1 
P4: -1 0 0 
P6: 0 0 -1 
P7: 0 0 0 
", color = "orange"]
15[label = "Index: 15 
P0: -1 0 0 
P1: 0 0 -1 
P2: 1 0 0 
P3: 0 0 1 
P4: -1 0 0 
P6: 0 0 -1 
P7: 0 0 0 
"]
16[label = "Index: 16 
P0: -1 0 0 
P1: 0 0 -1 
P2: 1 0 0 
P3: 0 1 1 
P4: -1 0 0 
P6: 0 0 -1 
P7: 0 0 0 
"]
17[label = "Index: 17 
P0: -1 0 0 
P1: 0 0 -1 
P2: 1 0 0 
P3: 0 2 1 
P4: -1 0 0 
P6: 0 0 -1 
P7: 0 0 0 
", color = "red"]
18[label = "Index: 18 
P0: -1 0 0 
P1: 0 0 -1 
P2: 1 0 0 
P3: 0 -1 1 
P4: -1 0 0 
P6: 0 0 0 
P7: 0 0 0 
"]
19[label = "Index: 19 
P0: -1 0 0 
P1: 0 0 -1 
P2: 1 0 0 
P3: 0 0 1 
P4: 0 0 0 
P6: 0 0 -1 
P7: 0 0 0 
"]
20[label = "Index: 20 
P0: -1 0 0 
P1: 0 0 -1 
P2: 1 0 0 
P3: 0 0 1 
P4: -1 0 0 
P6: 0 0 0 
P7: 0 0 0 
"]
21[label = "Index: 21 
P0: -1 0 0 
P1: 0 0 -1 
P2: 1 0 0 
P3: -1 1 1 
P4: -1 0 0 
P6: 0 0 -1 
P7: 0 0 0 
"]
22[label = "Index: 22 
P0: -1 0 0 
P1: 0 0 -1 
P2: 0 0 0 
P3: -1 1 1 
P4: -1 0 0 
P6: 0 0 -1 
P7: 0 0 0 
"]
23[label = "Index: 23 
P0: -1 0 0 
P1: 0 0 -1 
P2: 1 0 0 
P3: 0 1 1 
P4: 0 0 0 
P6: 0 0 -1 
P7: 0 0 0 
"]
24[label = "Index: 24 
P0: -1 0 0 
P1: 0 0 -1 
P2: 1 0 0 
P3: 0 1 1 
P4: -1 0 0 
P6: 0 0 0 
P7: 0 0 0 
"]
25[label = "Index: 25 
P0: -1 0 0 
P1: 0 0 -1 
P2: 0 0 0 
P3: 0 2 1 
P4: -1 0 0 
P6: 0 0 -1 
P7: 0 0 0 
"]
26[label = "Index: 26 
P0: -1 0 0 
P1: 0 0 -1 
P2: -1 0 0 
P3: 0 2 1 
P4: -1 0 0 
P6: 0 0 -1 
P7: 0 0 0 
"]
27[label = "Index: 27 
P3: 0 2 1 
", color = "fuchsia"]
28[label = "Index: 28 
P0: -1 0 0 
P1: 0 0 -1 
P2: 1 0 0 
P4: -1 0 0 
P6: 0 0 -1 
P7: 0 0 0 
", color = "orange"]
29[label = "Index: 29 
P0: -1 0 0 
P1: 0 0 -1 
P2: 0 0 0 
P4: -1 0 0 
P6: 0 0 -1 
P7: 0 0 0 
", color = "orange"]
30[label = "Index: 30 
P0: -1 0 0 
P1: 0 0 -1 
P2: -1 0 0 
P4: -1 0 0 
P6: 0 0 -1 
P7: 0 0 0 
"]
31[label = "Index: 31 
P0: -1 0 0 
P1: 0 0 -1 
P2: 1 0 0 
P4: 0 0 0 
P6: 0 0 -1 
P7: 0 0 0 
"]
32[label = "Index: 32 
P0: -1 0 0 
P1: 0 0 -1 
P2: 1 0 0 
P4: -1 0 0 
P6: 0 0 0 
P7: 0 0 0 
"]
33[label = "Index: 33 
P0: -1 0 0 
P1: 0 0 -1 
P2: 0 0 -1 
P4: -1 0 0 
P6: 0 0 -1 
P7: 0 0 0 
"]
34[label = "Index: 34 
P0: -1 0 0 
P1: 0 0 -1 
P2: 0 0 0 
P4: 0 0 0 
P6: 0 0 -1 
P7: 0 0 0 
"]
35[label = "Index: 35 
P0: -1 0 0 
P1: 0 0 -1 
P2: 0 0 0 
P4: -1 0 0 
P6: 0 0 0 
P7: 0 0 0 
"]
36[label = "Index: 36 
P0: -1 0 0 
P1: 0 0 0 
P2: 0 0 0 
P4: -1 0 0 
P6: 0 0 0 
P7: 0 0 0 
"]
37[label = "Index: 37 
P0: -1 0 1 
P1: 0 0 0 
P2: 0 0 0 
P4: -1 0 1 
P6: 0 0 0 
P7: 0 0 0 
", color = "red"]
38[label = "Index: 38 
P0: -1 0 0 
P1: 0 0 -1 
P2: -1 0 -1 
P4: -1 0 0 
P6: 0 0 -1 
P7: 0 0 0 
"]
39[label = "Index: 39 
P0: -1 0 0 
P1: 0 0 -1 
P2: -1 0 0 
P4: -1 0 0 
P6: 0 0 0 
P7: 0 0 0 
"]
40[label = "Index: 40 
P0: -1 0 0 
P1: 0 0 0 
P2: -1 0 0 
P4: -1 0 0 
P6: 0 0 0 
P7: 0 0 0 
"]
41[label = "Index: 41 
P0: -1 0 1 
P1: 0 0 0 
P2: -1 0 0 
P4: -1 0 1 
P6: 0 0 0 
P7: 0 0 0 
"]
42[label = "Index: 42 
P0: -1 0 0 
P1: 0 0 -1 
P2: 1 0 0 
P4: 0 0 0 
P6: 0 0 0 
P7: 0 0 0 
"]
43[label = "Index: 43 
P0: -1 0 0 
P1: 0 0 -1 
P2: 0 0 -1 
P4: 0 0 0 
P6: 0 0 -1 
P7: 0 0 0 
"]
44[label = "Index: 44 
P0: -1 0 0 
P1: 0 0 -1 
P2: 0 0 0 
P4: 0 0 0 
P6: 0 0 0 
P7: 0 0 0 
"]
45[label = "Index: 45 
P0: -1 0 0 
P1: 0 0 0 
P2: 0 0 0 
P4: 0 0 0 
P6: 0 0 0 
P7: 0 0 0 
"]
46[label = "Index: 46 
P0: -1 0 1 
P1: 0 0 0 
P2: 0 0 0 
P4: 0 0 1 
P6: 0 0 0 
P7: 0 0 0 
"]
47[label = "Index: 47 
P0: 0 0 0 
P1: 0 0 0 
P2: 0 0 0 
P4: 0 0 0 
P6: 0 0 0 
P7: 0 0 0 
"]
48[label = "Index: 48 
P0: -2 0 1 
P1: 0 0 0 
P2: 0 0 0 
P4: -1 0 1 
P6: 0 0 0 
P7: 0 0 0 
"]
49[label = "Index: 49 
P0: -3 0 1 
P1: 0 0 0 
P2: 0 0 0 
P4: -1 0 1 
P6: 0 0 0 
P7: 0 0 0 
"]
50[label = "Index: 50 
P1: 0 0 0 
P2: 0 0 0 
P6: 0 0 0 
P7: 0 0 0 
", color = "red"]
51[label = "Index: 51 
P1: 0 0 0 
", color = "fuchsia"]
52[label = "Index: 52 
P2: 0 0 0 
P6: 0 0 0 
P7: 0 0 0 
", color = "red"]
53[label = "Index: 53 
P2: 0 0 0 
", color = "fuchsia"]
54[label = "Index: 54 
P6: 0 0 0 
P7: 0 0 0 
", color = "red"]
55[label = "Index: 55 
P6: 0 0 0 
", style="filled", fillcolor = "blue"]
56[label = "Index: 56 
P7: 0 0 0 
", color = "fuchsia"]
57[label = "Index: 57 
P0: -1 0 1 
P4: -1 0 1 
", color = "blue"]
58[label = "Index: 58 
P4: -1 0 1 
", color = "fuchsia"]
59[label = "Index: 59 
P0: -1 0 1 
", color = "fuchsia"]
0 -> 1

1 -> 0
1 -> 2

2 -> 1
2 -> 3

3 -> 2
3 -> 4

4 -> 3
4 -> 5

5 -> 4
5 -> 6
5 -> 7

6 -> 5
6 -> 7

7 -> 5
7 -> 6
7 -> 8

8 -> 7
8 -> 9

9 -> 8
9 -> 10
9 -> 11
9 -> 12
9 -> 14
9 -> 13

10 -> 9

11 -> 9

12 -> 9

14 -> 15
14 -> 16
14 -> 17
14 -> 18

15 -> 14
15 -> 16
15 -> 17
15 -> 19
15 -> 20

16 -> 14
16 -> 15
16 -> 21
16 -> 17
16 -> 22
16 -> 23
16 -> 24

17 -> 14
17 -> 15
17 -> 16
17 -> 25
17 -> 26
17 -> 28
17 -> 27

18 -> 14

19 -> 15

20 -> 15

21 -> 16

22 -> 16

23 -> 16

24 -> 16

25 -> 17

26 -> 17

28 -> 29
28 -> 30
28 -> 31
28 -> 32

29 -> 28
29 -> 30
29 -> 33
29 -> 34
29 -> 31
29 -> 35
29 -> 36
29 -> 37

30 -> 28
30 -> 29
30 -> 38
30 -> 34
30 -> 39
30 -> 40
30 -> 41

31 -> 28
31 -> 29
31 -> 34
31 -> 42

32 -> 28
32 -> 35
32 -> 39
32 -> 42

33 -> 29
33 -> 38
33 -> 43
33 -> 35
33 -> 36
33 -> 37

34 -> 29
34 -> 30
34 -> 31
34 -> 43
34 -> 44
34 -> 45
34 -> 46

35 -> 29
35 -> 32
35 -> 33
35 -> 36
35 -> 39
35 -> 44
35 -> 37
35 -> 42

36 -> 29
36 -> 33
36 -> 35
36 -> 40
36 -> 45
36 -> 47
36 -> 37

37 -> 29
37 -> 33
37 -> 35
37 -> 36
37 -> 48
37 -> 49
37 -> 41
37 -> 46
37 -> 50
37 -> 57

38 -> 30
38 -> 33

39 -> 30
39 -> 32
39 -> 35

40 -> 30
40 -> 36

41 -> 30
41 -> 37

42 -> 31
42 -> 32
42 -> 35

43 -> 33
43 -> 34

44 -> 34
44 -> 35

45 -> 34
45 -> 36

46 -> 34
46 -> 37

47 -> 36

48 -> 37

49 -> 37

50 -> 52
50 -> 51

52 -> 54
52 -> 53

54 -> 56
54 -> 55

57 -> 58
57 -> 59

}
