digraph G {
color = "black"
0[label = "Index: 0 
P0: 0 0 0 
P1: 0 0 0 
P2: 0 0 0 
P3: 0 0 0 
", style="filled", fillcolor = "green"]
1[label = "Index: 1 
P0: 0 1 0 
P1: 0 0 0 
P2: 0 0 0 
P3: 0 0 0 
", color = "orange"]
2[label = "Index: 2 
P0: 0 2 0 
P1: 0 0 0 
P2: 0 0 0 
P3: 0 0 0 
"]
3[label = "Index: 3 
P0: 0 1 0 
P1: 1 0 0 
P2: 0 0 0 
P3: 0 0 0 
", color = "orange"]
4[label = "Index: 4 
P0: 0 2 0 
P1: 1 0 0 
P2: 0 0 0 
P3: 0 0 0 
"]
5[label = "Index: 5 
P0: 0 1 0 
P1: 1 0 0 
P2: 0 -1 0 
P3: 0 0 0 
", color = "orange"]
6[label = "Index: 6 
P0: -1 1 0 
P1: 0 0 0 
P2: -1 -1 0 
P3: 0 0 0 
", color = "orange"]
7[label = "Index: 7 
P0: -1 1 0 
P1: 0 0 0 
P2: -1 -1 1 
P3: 0 0 0 
"]
8[label = "Index: 8 
P0: -1 1 1 
P1: 0 0 0 
P2: -1 -1 1 
P3: 0 0 0 
", color = "orange"]
9[label = "Index: 9 
P0: -1 1 1 
P1: 1 0 0 
P2: -1 -1 1 
P3: 0 0 0 
", style="filled", fillcolor = "red"]
10[label = "Index: 10 
P0: -2 1 1 
P1: 0 0 0 
P2: -2 -1 1 
P3: 0 0 0 
", color = "purple"]
11[label = "Index: 11 
P0: -2 0 1 
P1: 0 0 0 
P2: -2 -1 1 
P3: 0 0 0 
"]
12[label = "Index: 12 
P0: -2 -1 1 
P1: 0 0 0 
P2: -2 -1 1 
P3: 0 0 0 
"]
13[label = "Index: 13 
P2: -1 -1 1 
", color = "fuchsia"]
14[label = "Index: 14 
P0: -1 1 1 
P1: 1 0 0 
P3: 0 0 0 
", color = "red"]
15[label = "Index: 15 
P0: -1 1 1 
", color = "fuchsia"]
16[label = "Index: 16 
P1: 1 0 0 
P3: 0 0 0 
", color = "orange"]
17[label = "Index: 17 
P1: 0 0 0 
P3: 0 0 0 
"]
18[label = "Index: 18 
P1: 2 0 0 
P3: 0 0 0 
"]
19[label = "Index: 19 
P1: 3 0 0 
P3: 0 0 0 
", color = "red"]
20[label = "Index: 20 
P1: 4 0 0 
P3: 0 0 0 
"]
21[label = "Index: 21 
P1: 2 -1 0 
P3: 0 0 0 
"]
22[label = "Index: 22 
P1: 2 -2 0 
P3: 0 0 0 
"]
23[label = "Index: 23 
P1: 2 0 -1 
P3: 0 0 0 
"]
24[label = "Index: 24 
P1: 2 0 -2 
P3: 0 0 0 
"]
25[label = "Index: 25 
P1: 3 0 0 
", style="filled", fillcolor = "blue"]
26[label = "Index: 26 
P3: 0 0 0 
", color = "fuchsia"]
0 -> 1
0 -> 2

1 -> 0
1 -> 2
1 -> 3

2 -> 0
2 -> 1
2 -> 4

3 -> 1
3 -> 4
3 -> 5

4 -> 2
4 -> 3
4 -> 5

5 -> 3
5 -> 4
5 -> 6

6 -> 5
6 -> 7
6 -> 8

7 -> 6
7 -> 8

8 -> 6
8 -> 7
8 -> 9
8 -> 10

9 -> 8
9 -> 14
9 -> 13

10 -> 8
10 -> 11
10 -> 12

11 -> 10

12 -> 10

14 -> 16
14 -> 15

16 -> 17
16 -> 18
16 -> 19
16 -> 20

17 -> 16
17 -> 18
17 -> 19
17 -> 20

18 -> 16
18 -> 17
18 -> 19
18 -> 20
18 -> 21
18 -> 22
18 -> 23
18 -> 24

19 -> 16
19 -> 17
19 -> 18
19 -> 26
19 -> 25

20 -> 16
20 -> 17
20 -> 18

21 -> 18

22 -> 18

23 -> 18

24 -> 18

}
