graph G {
color = "black"
0 [label = "P1: 0 0 0 
P2: 0 0 0 
P3: 0 0 0 
P4: 0 0 0 
P5: 0 0 0 
P6: 0 0 0 
",  style="filled", fillcolor = "#96FF96"];
1 [label = "P1: 1 0 0 
P2: 0 0 0 
P3: 0 0 0 
P4: 0 0 0 
P5: 0 0 0 
P6: 0 0 0 
"];
2 [label = "P1: 1 0 0 
P2: 0 1 0 
P3: 0 0 0 
P4: 0 0 0 
P5: 0 0 0 
P6: 0 0 0 
"];
3 [label = "P1: 1 0 0 
P2: 0 1 0 
P3: 1 0 0 
P4: 0 0 0 
P5: 0 0 0 
P6: 0 0 0 
"];
4 [label = "P1: 1 0 0 
P2: 0 1 0 
P3: 1 0 0 
P4: 0 1 0 
P5: 0 0 0 
P6: 0 0 0 
"];
5 [label = "P1: 1 0 0 
P2: 0 1 0 
P3: 1 0 0 
P4: 0 1 0 
P5: 0 0 1 
P6: 0 0 0 
"];
6 [label = "P1: 2 0 0 
P2: 0 1 0 
P3: 1 0 0 
P4: 0 1 0 
P5: 0 0 1 
P6: 0 0 0 
"];
7 [label = "P1: 2 0 0 
P2: 0 1 0 
P3: 1 0 0 
P4: 0 1 0 
P5: 0 0 2 
P6: 0 0 0 
"];
8 [label = "P1: 2 0 0 
P2: 0 1 0 
P3: 2 0 0 
P4: 0 1 0 
P5: 0 0 2 
P6: 1 0 0 
"];
9 [label = "P1: 1 0 0 
P2: -1 1 0 
P3: 0 0 0 
P4: -1 1 0 
P5: -1 0 2 
P6: 0 0 0 
"];
10 [label = "P1: 2 0 0 
P2: 0 1 0 
P3: 2 0 0 
P4: 0 1 0 
P5: 0 0 2 
P6: 2 0 0 
"];
11 [label = "P1: 2 0 0 
P2: 0 1 0 
P3: 2 0 0 
P4: 0 1 0 
P5: 0 -1 2 
P6: 2 0 0 
"];
12 [label = "P1: 0 0 0 
P2: -2 1 0 
P3: 0 0 0 
P4: -2 1 0 
P5: -2 0 1 
P6: 0 0 0 
"];
13 [label = "P1: 0 0 0 
P2: -1 1 0 
P3: 0 0 0 
P4: -1 1 0 
P5: -2 -1 2 
P6: 0 0 0 
"];
14 [label = "P1: 1 0 0 
P2: -1 1 0 
P3: 0 0 0 
P4: -1 1 0 
P5: -2 -1 2 
P6: 0 0 0 
"];
15 [label = "P1: 1 0 0 
P2: -1 1 0 
P3: 1 0 0 
P4: -1 1 0 
P5: -2 -1 2 
P6: 0 0 0 
"];
16 [label = "P1: 2 0 0 
P2: 0 1 0 
P3: 2 0 0 
P4: 0 1 0 
P5: -1 -1 2 
P6: 2 0 0 
",  style="filled", fillcolor = "#FF9696"];
17 [label = "P1: 0 0 0 
P2: -2 1 0 
P3: 0 0 0 
P4: -2 1 0 
P5: -4 -1 2 
P6: 0 0 0 
",  style="filled", fillcolor = "#FF9696"];
18 [label = "P1: 0 0 0 
P2: -2 1 0 
P3: 0 0 0 
P4: -2 1 0 
P5: -2 -1 1 
P6: 0 0 0 
"];
19 [label = "P1: 0 0 0 
P2: -2 1 0 
P3: 0 0 0 
P4: -2 1 0 
P5: -2 -1 0 
P6: 0 0 0 
"];
20 [label = "P1: 0 0 0 
P2: -2 1 0 
P3: 0 0 0 
P4: -2 1 0 
P5: -2 -1 3 
P6: 0 0 0 
",  style="filled", fillcolor = "#FF9696"];
21 [label = "P1: 1 0 0 
P2: 0 1 0 
P3: 1 0 0 
P4: 0 1 0 
P5: -2 -1 2 
P6: 0 0 0 
",  style="filled", fillcolor = "#FF9696"];
22 [label = "P1: 0 0 0 
P2: -1 1 0 
P3: 0 0 0 
P4: -1 1 0 
P5: -3 -1 2 
P6: 0 0 0 
",  style="filled", fillcolor = "#FF9696"];
23 [label = "P1: 2 0 0 
P2: 0 1 0 
P3: 1 0 0 
P4: 0 1 0 
P5: -2 -1 2 
P6: 0 0 0 
",  style="filled", fillcolor = "#FF9696"];
24 [label = "P1: 1 0 0 
P2: -1 1 0 
P3: 0 0 0 
P4: -1 1 0 
P5: -3 -1 2 
P6: 0 0 0 
",  style="filled", fillcolor = "#FF9696"];
25 [label = "P1: 1 0 0 
P2: -1 1 0 
P3: 1 0 0 
P4: -1 1 0 
P5: -3 -1 2 
P6: 0 0 0 
",  style="filled", fillcolor = "#FF9696"];
26 [label = "P1: 1 0 0 
P2: 0 1 0 
P3: 1 0 0 
P4: 0 0 0 
P5: -2 -1 2 
P6: 0 0 0 
"];
27 [label = "P1: 2 0 0 
P2: 0 1 0 
P3: 1 0 0 
P4: 0 0 0 
P5: -2 -1 2 
P6: 0 0 0 
"];
28 [label = "P5: -3 -1 2 
",  style="filled", fillcolor = "#FF96FF"];
29 [label = "P1: 2 0 0 
P2: 0 1 0 
P3: 2 0 0 
P4: 0 1 0 
P6: 2 0 0 
"];
30 [label = "P1: 2 0 0 
P2: 1 1 0 
P3: 2 0 0 
P4: 1 1 0 
P6: 2 0 0 
"];
31 [label = "P1: 1 0 0 
P2: -1 1 0 
P3: 0 0 0 
P4: -1 1 0 
P6: 0 0 0 
"];
32 [label = "P1: 1 0 0 
P2: -1 1 0 
P3: 1 0 0 
P4: -1 1 0 
P6: 0 0 0 
"];
33 [label = "P1: 2 0 0 
P2: 1 1 0 
P3: 2 0 0 
P4: 1 1 0 
P6: 1 0 0 
"];
34 [label = "P1: 2 0 0 
P2: 0 1 0 
P3: 1 0 0 
P4: 0 1 0 
P6: 0 0 0 
"];
35 [label = "P1: 2 0 0 
P2: 1 1 0 
P3: 2 0 0 
P4: 1 0 0 
P6: 1 0 0 
"];
36 [label = "P1: 2 0 0 
P2: 0 1 0 
P3: 1 0 0 
P4: 0 0 0 
P6: 0 0 0 
"];
37 [label = "P1: 2 0 0 
P2: 1 1 0 
P3: 1 0 0 
P4: 1 0 0 
P6: 1 0 0 
"];
38 [label = "P1: 2 0 0 
P2: 0 1 0 
P3: 0 0 0 
P4: 0 0 0 
P6: 0 0 0 
"];
39 [label = "P1: 2 0 0 
P2: 1 0 0 
P3: 1 0 0 
P4: 1 0 0 
P6: 1 0 0 
"];
40 [label = "P1: 2 0 0 
P2: 0 0 0 
P3: 0 0 0 
P4: 0 0 0 
P6: 0 0 0 
"];
41 [label = "P1: 1 0 0 
",  style="filled", fillcolor = "#FF96FF"];
42 [label = "P2: 1 0 0 
P3: 1 0 0 
P4: 1 0 0 
P6: 1 0 0 
"];
43 [label = "P2: 1 1 0 
P3: 1 0 0 
P4: 1 0 0 
P6: 1 0 0 
"];
44 [label = "P2: 1 1 0 
P3: 2 0 0 
P4: 1 0 0 
P6: 1 0 0 
"];
45 [label = "P2: 1 1 0 
P3: 2 0 0 
P4: 1 1 0 
P6: 1 0 0 
"];
46 [label = "P2: 0 1 0 
P3: 2 0 0 
P4: 0 1 0 
P6: 1 0 0 
"];
47 [label = "P2: -2 1 0 
P3: 1 0 0 
P4: -2 1 0 
P6: 0 0 0 
"];
48 [label = "P2: -1 1 0 
P3: 0 0 0 
P4: -1 1 0 
P6: 0 0 0 
"];
49 [label = "P2: -1 2 0 
P3: 1 0 0 
P4: -1 1 0 
P6: 0 0 0 
"];
50 [label = "P2: -1 1 0 
P3: 1 0 -1 
P4: -1 1 0 
P6: 0 0 0 
"];
51 [label = "P4: -1 1 0 
",  style="filled", fillcolor = "#FF96FF"];
52 [label = "P2: 0 1 0 
P3: 2 0 0 
P6: 1 0 0 
"];
53 [label = "P2: -1 1 0 
P3: 2 0 0 
P6: 1 0 0 
"];
54 [label = "P2: 0 1 0 
P3: 1 0 0 
P6: 0 0 0 
"];
55 [label = "P2: -1 2 0 
P3: 1 0 0 
P6: 0 0 0 
"];
56 [label = "P2: -1 1 0 
P3: 0 0 0 
P6: 0 0 0 
"];
57 [label = "P2: -1 1 0 
P3: 1 0 -1 
P6: 0 0 0 
"];
58 [label = "P2: -2 1 0 
P3: 0 0 0 
P6: 0 0 0 
"];
59 [label = "P2: -2 1 0 
",  style="filled", fillcolor = "#FF96FF"];
60 [label = "P3: 2 0 0 
P6: 1 0 0 
"];
61 [label = "P3: 1 0 0 
P6: 1 0 0 
"];
62 [label = "P3: 1 0 -1 
P6: 0 0 0 
"];
63 [label = "P3: 1 -1 0 
P6: 1 0 0 
"];
64 [label = "P3: 1 -1 1 
P6: 1 0 0 
"];
65 [label = "P3: 1 -1 1 
", style="filled", fillcolor = "#9696FF"];
66 [label = "P6: 0 0 0 
",  style="filled", fillcolor = "#FF96FF"];
edge [style=bold];
0 -- 1 [color="#1E96FF", penwidth=4.0];

1 -- 2 [color="#1E96FF", penwidth=4.0];

2 -- 3 [color="#1E96FF", penwidth=4.0];

3 -- 4 [color="#1E96FF", penwidth=4.0];

4 -- 5 [color="#1E96FF", penwidth=4.0];

5 -- 6 [color="#1E96FF", penwidth=4.0];

6 -- 7 [color="#1E96FF", penwidth=4.0];

7 -- 8 [color="#1E96FF", penwidth=4.0];
7 -- 9 [color=black];

8 -- 9 [color=black];
8 -- 10 [color="#1E96FF", penwidth=4.0];

9 -- 10 [color=black];

10 -- 11 [color="#1E96FF", penwidth=4.0];
10 -- 12 [color=black];

11 -- 13 [color=black];
11 -- 14 [color=black];
11 -- 15 [color=black];
11 -- 16 [color="#1E96FF", penwidth=4.0];
11 -- 17 [color=black];
11 -- 18 [color=black];
11 -- 19 [color=black];
11 -- 20 [color=black];

12 -- 18 [color=black];

13 -- 14 [color=black];
13 -- 15 [color=black];
13 -- 21 [color=black];
13 -- 22 [color=black];
13 -- 16 [color=black];

14 -- 15 [color=black];
14 -- 21 [color=black];
14 -- 23 [color=black];
14 -- 24 [color=black];
14 -- 16 [color=black];

15 -- 21 [color=black];
15 -- 23 [color=black];
15 -- 25 [color=black];
15 -- 16 [color=black];

16 -- 22 [color=black];
16 -- 24 [color=black];
16 -- 25 [color=black];
16 -- 29 [color=black];
16 -- 28 [color=black];


18 -- 19 [color=black];
18 -- 20 [color=black];

19 -- 20 [color=black];


21 -- 23 [color=black];
21 -- 26 [color=black];

22 -- 24 [color=black];
22 -- 25 [color=black];

23 -- 27 [color=black];

24 -- 25 [color=black];




29 -- 30 [color="#1E96FF", penwidth=4.0];
29 -- 31 [color=black];
29 -- 32 [color=black];

30 -- 31 [color=black];
30 -- 32 [color=black];
30 -- 33 [color="#1E96FF", penwidth=4.0];

31 -- 32 [color=black];
31 -- 33 [color=black];
31 -- 34 [color=black];

32 -- 33 [color=black];
32 -- 34 [color=black];

33 -- 34 [color=black];
33 -- 35 [color="#1E96FF", penwidth=4.0];

34 -- 36 [color=black];

35 -- 36 [color=black];
35 -- 37 [color="#1E96FF", penwidth=4.0];

36 -- 38 [color=black];
36 -- 37 [color=black];

37 -- 38 [color=black];
37 -- 39 [color="#1E96FF", penwidth=4.0];

38 -- 40 [color=black];

39 -- 42 [color="#1E96FF", penwidth=4.0];
39 -- 41 [color=black];


42 -- 43 [color="#1E96FF", penwidth=4.0];

43 -- 44 [color="#1E96FF", penwidth=4.0];

44 -- 45 [color="#1E96FF", penwidth=4.0];

45 -- 46 [color="#1E96FF", penwidth=4.0];
45 -- 47 [color=black];
45 -- 48 [color=black];

46 -- 49 [color=black];
46 -- 48 [color=black];
46 -- 50 [color=black];
46 -- 52 [color="#1E96FF", penwidth=4.0];
46 -- 51 [color=black];





52 -- 53 [color="#1E96FF", penwidth=4.0];
52 -- 54 [color=black];
52 -- 55 [color=black];
52 -- 56 [color=black];
52 -- 57 [color=black];
52 -- 58 [color=black];

53 -- 60 [color="#1E96FF", penwidth=4.0];
53 -- 59 [color=black];






60 -- 61 [color="#1E96FF", penwidth=4.0];
60 -- 62 [color=black];

61 -- 63 [color="#1E96FF", penwidth=4.0];


