digraph G {
color = "black"
0[label = "Index: 0 
P0: 0 0 0 
P1: 0 0 0 
P2: 0 0 0 
P3: 0 0 0 
P4: 0 0 0 
P5: 0 0 0 
", style="filled", fillcolor = "green"]
1[label = "Index: 1 
P0: 1 0 0 
P1: 0 0 0 
P2: 0 0 0 
P3: 0 0 0 
P4: 0 0 0 
P5: 0 0 0 
", color = "orange"]
2[label = "Index: 2 
P0: 1 0 0 
P1: 0 0 -1 
P2: 0 0 0 
P3: 0 0 0 
P4: 0 0 0 
P5: 0 0 0 
", color = "orange"]
3[label = "Index: 3 
P0: 1 0 0 
P1: 0 0 -1 
P2: 0 1 0 
P3: 0 0 0 
P4: 0 0 0 
P5: 0 0 0 
", color = "orange"]
4[label = "Index: 4 
P0: 1 0 0 
P1: 0 0 -2 
P2: 0 1 0 
P3: 0 0 0 
P4: 0 0 0 
P5: 0 0 0 
", color = "orange"]
5[label = "Index: 5 
P0: 1 0 0 
P1: 0 0 -2 
P2: 0 1 0 
P3: 0 1 0 
P4: 0 0 0 
P5: 0 0 0 
", color = "orange"]
6[label = "Index: 6 
P0: 1 0 0 
P1: 0 0 -2 
P2: 0 1 0 
P3: 0 1 0 
P4: 0 0 1 
P5: 0 0 0 
", color = "orange"]
7[label = "Index: 7 
P0: 1 0 0 
P1: 0 0 -2 
P2: 0 1 0 
P3: 0 1 0 
P4: -1 0 1 
P5: 0 0 0 
", color = "orange"]
8[label = "Index: 8 
P0: 1 0 0 
P1: 0 0 -2 
P2: 0 1 0 
P3: 0 1 0 
P4: -1 0 2 
P5: 0 0 0 
", color = "orange"]
9[label = "Index: 9 
P0: 1 0 0 
P1: 0 0 -2 
P2: 0 1 0 
P3: 0 1 0 
P4: -2 0 2 
P5: 0 0 0 
", color = "orange"]
10[label = "Index: 10 
P0: 1 0 0 
P1: 0 0 -2 
P2: 0 1 0 
P3: 0 1 0 
P4: -2 -1 2 
P5: 0 0 0 
", style="filled", fillcolor = "red"]
11[label = "Index: 11 
P0: 1 0 0 
P1: 0 0 -2 
P2: 0 1 0 
P3: 0 1 0 
P4: -2 -2 2 
P5: 0 0 0 
", color = "purple"]
12[label = "Index: 12 
P0: 1 0 0 
P1: 0 0 -2 
P2: 0 1 0 
P3: 0 0 0 
P4: -2 -1 2 
P5: 0 0 0 
", color = "purple"]
13[label = "Index: 13 
P0: 1 -1 0 
P1: 0 -1 -2 
P2: 0 0 0 
P3: 0 0 0 
P4: -2 -1 2 
P5: 0 0 0 
", color = "purple"]
14[label = "Index: 14 
P0: 1 0 0 
P1: 0 0 -2 
P2: 0 1 0 
P3: 0 0 0 
P4: -2 -2 2 
P5: 0 0 0 
"]
15[label = "Index: 15 
P0: 1 -1 0 
P1: 0 -1 -2 
P2: 0 0 0 
P3: 0 0 0 
P4: -2 -2 2 
P5: 0 0 0 
"]
16[label = "Index: 16 
P0: 1 0 0 
P1: 0 0 -1 
P2: 0 1 0 
P3: 0 0 0 
P4: -2 -1 2 
P5: 0 0 0 
"]
17[label = "Index: 17 
P0: 2 -1 0 
P1: 0 -1 -2 
P2: 0 0 0 
P3: 0 0 0 
P4: -2 -1 2 
P5: 0 0 0 
"]
18[label = "Index: 18 
P4: -2 -1 2 
", color = "fuchsia"]
19[label = "Index: 19 
P0: 1 0 0 
P1: 0 0 -2 
P2: 0 1 0 
P3: 0 1 0 
P5: 0 0 0 
", color = "orange"]
20[label = "Index: 20 
P0: 1 0 0 
P1: 0 0 -2 
P2: 0 1 0 
P3: 0 0 0 
P5: 0 0 0 
"]
21[label = "Index: 21 
P0: 1 -1 0 
P1: 0 -1 -2 
P2: 0 0 0 
P3: 0 0 0 
P5: 0 0 0 
", color = "orange"]
22[label = "Index: 22 
P0: 1 0 0 
P1: 0 0 -1 
P2: 0 1 0 
P3: 0 0 0 
P5: 0 0 0 
"]
23[label = "Index: 23 
P0: 1 -1 0 
P1: 0 -1 -2 
P2: 0 0 0 
P3: 0 -1 0 
P5: 0 0 0 
"]
24[label = "Index: 24 
P0: 2 -1 0 
P1: 0 -1 -2 
P2: 0 0 0 
P3: 0 0 0 
P5: 0 0 0 
", color = "orange"]
25[label = "Index: 25 
P0: 1 0 0 
P1: 0 0 -1 
P2: 0 0 0 
P3: 0 0 0 
P5: 0 0 0 
"]
26[label = "Index: 26 
P0: 2 -1 0 
P1: 0 -1 -2 
P2: 0 0 0 
P3: 0 -1 0 
P5: 0 0 0 
"]
27[label = "Index: 27 
P0: 1 -1 0 
P1: 0 -1 -2 
P2: 0 0 0 
P3: 1 -1 0 
P5: 0 0 0 
"]
28[label = "Index: 28 
P0: 2 -1 0 
P1: 0 -1 -2 
P2: 0 0 0 
P3: 1 -1 0 
P5: 0 0 0 
"]
29[label = "Index: 29 
P0: 2 -1 0 
P1: 0 -1 -2 
P2: 0 1 0 
P3: 0 0 0 
P5: 0 0 0 
", color = "red"]
30[label = "Index: 30 
P0: 2 -2 0 
P1: 0 -2 -2 
P2: 0 0 0 
P3: 0 -1 0 
P5: 0 0 0 
"]
31[label = "Index: 31 
P0: 1 0 0 
P1: 0 0 0 
P2: 0 0 0 
P3: 0 0 0 
P5: 0 0 0 
"]
32[label = "Index: 32 
P0: 1 -1 -1 
P1: 0 -1 -2 
P2: 0 0 -1 
P3: 1 -1 0 
P5: 0 0 0 
"]
33[label = "Index: 33 
P0: 1 -1 -1 
P1: 0 -1 -3 
P2: 0 0 -1 
P3: 1 -1 0 
P5: 0 0 0 
"]
34[label = "Index: 34 
P0: 2 -1 0 
P1: 0 -1 -2 
P2: 0 1 0 
P3: 1 -1 0 
P5: 0 0 0 
"]
35[label = "Index: 35 
P0: 2 -1 0 
P1: 0 -1 -2 
P2: 0 0 -1 
P3: 1 -1 0 
P5: 0 0 0 
"]
36[label = "Index: 36 
P0: 2 -1 -1 
P1: 0 -1 -2 
P2: 0 0 -1 
P3: 1 -1 0 
P5: 0 0 0 
"]
37[label = "Index: 37 
P0: 2 -1 -1 
P1: 0 -1 -3 
P2: 0 0 -1 
P3: 1 -1 0 
P5: 0 0 0 
"]
38[label = "Index: 38 
P0: 2 -2 0 
P1: 0 -2 -2 
P2: 0 0 0 
P3: 1 -2 0 
P5: 0 0 0 
"]
39[label = "Index: 39 
P0: 2 -1 0 
P1: 1 -1 -2 
P2: 0 1 0 
P3: 0 0 0 
P5: 0 0 0 
"]
40[label = "Index: 40 
P2: 0 1 0 
P3: 0 0 0 
P5: 0 0 0 
", color = "orange"]
41[label = "Index: 41 
P2: 0 0 0 
P3: 0 0 0 
P5: 0 0 0 
"]
42[label = "Index: 42 
P2: 0 1 0 
P3: 0 1 0 
P5: 0 0 0 
"]
43[label = "Index: 43 
P2: 0 0 0 
P3: 0 -1 0 
P5: 0 0 0 
", color = "orange"]
44[label = "Index: 44 
P2: 0 0 0 
P3: 1 -1 0 
P5: 0 0 0 
", color = "orange"]
45[label = "Index: 45 
P2: 0 1 0 
P3: 1 -1 0 
P5: 0 0 0 
"]
46[label = "Index: 46 
P2: 0 0 -1 
P3: 1 -1 0 
P5: 0 0 0 
"]
47[label = "Index: 47 
P2: 0 0 0 
P3: 1 -2 0 
P5: 0 0 0 
", color = "orange"]
48[label = "Index: 48 
P2: 0 0 -1 
P3: 1 -2 -1 
P5: 0 0 0 
", color = "orange"]
49[label = "Index: 49 
P2: 0 0 -1 
P3: 2 -2 -1 
P5: 0 0 0 
", color = "red"]
50[label = "Index: 50 
P2: 0 0 0 
P3: 2 -2 -1 
P5: 0 0 0 
"]
51[label = "Index: 51 
P3: 2 -2 -1 
", color = "fuchsia"]
52[label = "Index: 52 
P2: 0 0 -1 
P5: 0 0 0 
", color = "orange"]
53[label = "Index: 53 
P2: 0 0 0 
P5: 0 0 0 
", color = "orange"]
54[label = "Index: 54 
P2: 0 1 0 
P5: 0 0 0 
", color = "orange"]
55[label = "Index: 55 
P2: 1 1 0 
P5: 0 0 0 
", color = "orange"]
56[label = "Index: 56 
P2: 1 1 -1 
P5: 0 0 0 
"]
57[label = "Index: 57 
P2: 1 1 1 
P5: 0 0 0 
"]
58[label = "Index: 58 
P2: 1 1 2 
P5: 0 0 0 
", color = "orange"]
59[label = "Index: 59 
P2: 0 1 2 
P5: 0 0 0 
", color = "red"]
60[label = "Index: 60 
P2: 1 2 2 
P5: 0 0 0 
"]
61[label = "Index: 61 
P2: 0 1 2 
", style="filled", fillcolor = "blue"]
62[label = "Index: 62 
P5: 0 0 0 
", color = "fuchsia"]
63[label = "Index: 63 
P0: 2 -1 0 
P1: 0 -1 -2 
", color = "blue"]
64[label = "Index: 64 
P0: 1 -1 0 
P1: 0 -1 -2 
"]
65[label = "Index: 65 
P0: 2 -1 -1 
P1: 0 -1 -2 
", color = "red"]
66[label = "Index: 66 
P0: 2 -1 -2 
P1: 0 -1 -2 
"]
67[label = "Index: 67 
P0: 1 -1 -1 
P1: 0 -1 -2 
"]
68[label = "Index: 68 
P0: 1 -1 -2 
P1: 0 -1 -2 
"]
69[label = "Index: 69 
P1: 0 -1 -2 
", color = "fuchsia"]
70[label = "Index: 70 
P0: 2 -1 -1 
", color = "fuchsia"]
0 -> 1

1 -> 0
1 -> 2

2 -> 1
2 -> 3

3 -> 2
3 -> 4

4 -> 3
4 -> 5

5 -> 4
5 -> 6

6 -> 5
6 -> 7

7 -> 6
7 -> 8

8 -> 7
8 -> 9

9 -> 8
9 -> 10
9 -> 11
9 -> 12
9 -> 13

10 -> 9
10 -> 12
10 -> 13
10 -> 19
10 -> 18

11 -> 9
11 -> 14
11 -> 15

12 -> 9
12 -> 10
12 -> 16
12 -> 13

13 -> 9
13 -> 10
13 -> 12
13 -> 17

14 -> 11

15 -> 11

16 -> 12

17 -> 13

19 -> 20
19 -> 21

20 -> 19
20 -> 22
20 -> 21
20 -> 23

21 -> 19
21 -> 20
21 -> 24
21 -> 23

22 -> 20
22 -> 25

23 -> 20
23 -> 21
23 -> 26
23 -> 27
23 -> 28

24 -> 21
24 -> 29
24 -> 26
24 -> 30

25 -> 22
25 -> 31

26 -> 23
26 -> 24
26 -> 30
26 -> 28
26 -> 29

27 -> 23
27 -> 28
27 -> 32
27 -> 33

28 -> 23
28 -> 26
28 -> 27
28 -> 34
28 -> 35
28 -> 36
28 -> 37
28 -> 38

29 -> 24
29 -> 26
29 -> 39
29 -> 40
29 -> 63

30 -> 24
30 -> 26

31 -> 25

32 -> 27

33 -> 27

34 -> 28

35 -> 28

36 -> 28

37 -> 28

38 -> 28

39 -> 29

40 -> 41
40 -> 42
40 -> 43

41 -> 40
41 -> 43
41 -> 42

42 -> 40
42 -> 41

43 -> 40
43 -> 41
43 -> 44

44 -> 43
44 -> 45
44 -> 46
44 -> 47

45 -> 44
45 -> 47

46 -> 44

47 -> 44
47 -> 45
47 -> 48

48 -> 47
48 -> 49

49 -> 48
49 -> 50
49 -> 52
49 -> 51

50 -> 49

52 -> 53

53 -> 52
53 -> 54

54 -> 53
54 -> 55

55 -> 54
55 -> 56
55 -> 57
55 -> 58

56 -> 55
56 -> 57
56 -> 58

57 -> 55
57 -> 56
57 -> 58

58 -> 55
58 -> 56
58 -> 57
58 -> 59
58 -> 60

59 -> 58
59 -> 62
59 -> 61

60 -> 58

63 -> 64
63 -> 65
63 -> 66

64 -> 63
64 -> 67
64 -> 68

65 -> 63
65 -> 69
65 -> 70

66 -> 63

67 -> 64

68 -> 64

}
