digraph G {
color = "black"
0[label = "Index: 0 
P0: 0 0 0 
P1: 0 0 0 
P2: 0 0 0 
P3: 0 0 0 
", color = "green"]
1[label = "Index: 1 
P0: -1 0 0 
P1: 0 0 0 
P2: 0 0 0 
P3: 0 0 0 
", color = "orange"]
2[label = "Index: 2 
P0: -1 0 0 
P1: 0 -1 0 
P2: 0 0 0 
P3: 0 0 0 
", color = "orange"]
3[label = "Index: 3 
P0: -2 0 0 
P1: 0 -1 0 
P2: 0 0 0 
P3: 0 0 0 
", color = "orange"]
4[label = "Index: 4 
P0: -2 0 0 
P1: 0 -1 0 
P2: 0 0 1 
P3: 0 0 0 
", color = "orange"]
5[label = "Index: 5 
P0: -1 0 0 
P1: 1 -1 0 
P2: 1 0 1 
P3: 0 0 0 
", color = "orange"]
6[label = "Index: 6 
P0: -1 0 0 
P1: 1 -2 0 
P2: 1 -1 1 
P3: 0 0 0 
", color = "red"]
7[label = "Index: 7 
P0: -1 -1 0 
P1: 1 -2 0 
P2: 1 -1 1 
P3: 0 0 0 
"]
8[label = "Index: 8 
P0: 0 -1 0 
P1: 2 -2 0 
P2: 2 -1 1 
P3: 0 0 0 
", color = "purple"]
9[label = "Index: 9 
P0: 0 0 0 
P1: 2 -2 0 
P2: 2 -1 1 
P3: 0 0 0 
"]
10[label = "Index: 10 
P0: 0 -1 0 
P1: 2 -2 0 
P2: 2 -1 0 
P3: 0 0 0 
"]
11[label = "Index: 11 
P0: 0 -1 0 
P1: 2 -2 0 
P2: 2 -1 -1 
P3: 0 0 0 
"]
12[label = "Index: 12 
P1: 1 -2 0 
P2: 1 -1 1 
P3: 0 0 0 
", color = "green"]
13[label = "Index: 13 
P1: 1 -2 1 
P2: 1 -1 1 
P3: 0 0 0 
", color = "red"]
14[label = "Index: 14 
P1: 1 -2 2 
P2: 1 -1 1 
P3: 0 0 0 
"]
15[label = "Index: 15 
P1: 2 -2 0 
P2: 2 -1 1 
P3: 0 0 0 
"]
16[label = "Index: 16 
P1: 1 -1 0 
P2: 1 0 1 
P3: 0 0 0 
"]
17[label = "Index: 17 
P1: 1 -2 1 
P2: 1 -1 2 
P3: 0 0 0 
"]
18[label = "Index: 18 
P1: 1 -2 2 
P2: 1 -1 3 
P3: 0 0 0 
"]
19[label = "Index: 19 
P3: 0 0 0 
", color = "blue"]
0 -> 1

1 -> 0
1 -> 2

2 -> 1
2 -> 3

3 -> 2
3 -> 4

4 -> 3
4 -> 5

5 -> 4
5 -> 6
5 -> 7

6 -> 5
6 -> 7
6 -> 12

7 -> 5
7 -> 6
7 -> 8

8 -> 7
8 -> 9
8 -> 10
8 -> 11

9 -> 8

10 -> 8

11 -> 8

12 -> 13
12 -> 14
12 -> 15
12 -> 16
12 -> 17
12 -> 18

13 -> 12
13 -> 14
13 -> 17
13 -> 19[style=bold label=" Remove P1 P2 "];


14 -> 12
14 -> 13

15 -> 12

16 -> 12

17 -> 12
17 -> 13

18 -> 12

}
