digraph G {
color = "black"
0[label = "Index: 0 
P0: 0 0 0 
P1: 0 0 0 
P2: 0 0 0 
", style="filled", fillcolor = "green"]
1[label = "Index: 1 
P0: 1 0 0 
P1: 0 0 0 
P2: 0 0 0 
"]
2[label = "Index: 2 
P0: 2 0 0 
P1: 0 0 0 
P2: 0 0 0 
", color = "orange"]
3[label = "Index: 3 
P0: 3 0 0 
P1: 0 0 0 
P2: 0 0 0 
"]
4[label = "Index: 4 
P0: 2 -1 0 
P1: 0 -1 0 
P2: 0 0 0 
", color = "orange"]
5[label = "Index: 5 
P0: 3 0 0 
P1: 0 -1 0 
P2: 0 0 0 
"]
6[label = "Index: 6 
P0: 3 -1 0 
P1: 0 -1 0 
P2: 0 0 0 
"]
7[label = "Index: 7 
P0: 2 -1 0 
P1: 1 -1 0 
P2: 0 0 0 
", style="filled", fillcolor = "red"]
8[label = "Index: 8 
P0: 3 -1 0 
P1: 1 -1 0 
P2: 0 0 0 
", color = "purple"]
9[label = "Index: 9 
P0: 4 0 0 
P1: 1 -1 0 
P2: 0 0 0 
", color = "purple"]
10[label = "Index: 10 
P0: 4 -1 0 
P1: 1 -1 0 
P2: 0 0 0 
", color = "purple"]
11[label = "Index: 11 
P0: 4 -1 0 
P1: 1 -1 1 
P2: 0 0 0 
"]
12[label = "Index: 12 
P2: 0 0 0 
", color = "fuchsia"]
13[label = "Index: 13 
P0: 2 -1 0 
P1: 1 -1 0 
", color = "orange"]
14[label = "Index: 14 
P0: 1 -1 0 
P1: 1 -1 0 
"]
15[label = "Index: 15 
P0: 3 -1 0 
P1: 1 -1 0 
"]
16[label = "Index: 16 
P0: 4 -1 0 
P1: 1 -1 0 
", color = "orange"]
17[label = "Index: 17 
P0: 4 0 0 
P1: 1 -1 0 
", color = "red"]
18[label = "Index: 18 
P0: 4 -1 -1 
P1: 1 -1 0 
"]
19[label = "Index: 19 
P1: 1 -1 0 
", style="filled", fillcolor = "blue"]
20[label = "Index: 20 
P0: 4 0 0 
", color = "fuchsia"]
0 -> 1
0 -> 2
0 -> 3

1 -> 0
1 -> 2
1 -> 3

2 -> 0
2 -> 1
2 -> 3
2 -> 4

3 -> 0
3 -> 1
3 -> 2
3 -> 5
3 -> 6

4 -> 2
4 -> 6
4 -> 7
4 -> 8

5 -> 3
5 -> 6
5 -> 9

6 -> 3
6 -> 4
6 -> 5
6 -> 8
6 -> 10

7 -> 4
7 -> 8
7 -> 10
7 -> 12
7 -> 13

8 -> 4
8 -> 6
8 -> 7
8 -> 10

9 -> 5
9 -> 10

10 -> 6
10 -> 7
10 -> 8
10 -> 9
10 -> 11

11 -> 10

13 -> 14
13 -> 15
13 -> 16

14 -> 13
14 -> 15
14 -> 16

15 -> 13
15 -> 14
15 -> 16

16 -> 13
16 -> 14
16 -> 15
16 -> 17
16 -> 18

17 -> 16
17 -> 19
17 -> 20

18 -> 16

}
