digraph G {
color = "black"
0[label = "Index: 0 
P0: 0 0 0 
P1: 0 0 0 
P2: 0 0 0 
P3: 0 0 0 
", style="filled", fillcolor = "green"]
1[label = "Index: 1 
P0: 0 1 0 
P1: 0 0 0 
P2: 0 0 0 
P3: 0 0 0 
", color = "orange"]
2[label = "Index: 2 
P0: 0 1 0 
P1: -1 0 0 
P2: 0 0 0 
P3: 0 0 0 
"]
3[label = "Index: 3 
P0: 0 1 0 
P1: -2 0 0 
P2: 0 0 0 
P3: 0 0 0 
"]
4[label = "Index: 4 
P0: 0 1 0 
P1: -3 0 0 
P2: 0 0 0 
P3: 0 0 0 
", color = "orange"]
5[label = "Index: 5 
P0: 0 1 0 
P1: -4 0 0 
P2: 0 0 0 
P3: 0 0 0 
"]
6[label = "Index: 6 
P0: 0 0 0 
P1: -3 -1 0 
P2: 0 -1 0 
P3: 0 0 0 
", color = "orange"]
7[label = "Index: 7 
P0: 0 0 0 
P1: -4 -1 0 
P2: 0 -1 0 
P3: 0 0 0 
"]
8[label = "Index: 8 
P0: 0 0 0 
P1: -5 -1 0 
P2: 0 -1 0 
P3: 0 0 0 
"]
9[label = "Index: 9 
P0: 0 0 0 
P1: -6 -1 0 
P2: 0 -1 0 
P3: 0 0 0 
", color = "orange"]
10[label = "Index: 10 
P0: 0 0 0 
P1: -6 -1 0 
P2: 0 0 0 
P3: 0 0 0 
", style="filled", fillcolor = "red"]
11[label = "Index: 11 
P1: -6 -1 0 
", color = "fuchsia"]
12[label = "Index: 12 
P0: 0 0 0 
P2: 0 0 0 
P3: 0 0 0 
", color = "orange"]
13[label = "Index: 13 
P0: 0 1 0 
P2: 0 0 0 
P3: 0 0 0 
"]
14[label = "Index: 14 
P0: 0 2 0 
P2: 0 0 0 
P3: 0 0 0 
", color = "red"]
15[label = "Index: 15 
P0: 0 3 0 
P2: 0 0 0 
P3: 0 0 0 
"]
16[label = "Index: 16 
P0: 0 0 0 
P2: 0 -1 0 
P3: 0 0 0 
"]
17[label = "Index: 17 
P0: 0 1 0 
P2: 0 -1 0 
P3: 0 0 0 
"]
18[label = "Index: 18 
P0: 0 2 0 
", color = "fuchsia"]
19[label = "Index: 19 
P2: 0 0 0 
P3: 0 0 0 
", color = "orange"]
20[label = "Index: 20 
P2: 0 -1 0 
P3: 0 0 0 
", color = "orange"]
21[label = "Index: 21 
P2: 0 -1 -1 
P3: 0 0 0 
", color = "red"]
22[label = "Index: 22 
P2: 0 -1 -2 
P3: 0 0 0 
"]
23[label = "Index: 23 
P2: 0 -1 -1 
", style="filled", fillcolor = "blue"]
24[label = "Index: 24 
P3: 0 0 0 
", color = "fuchsia"]
0 -> 1

1 -> 0
1 -> 2
1 -> 3
1 -> 4
1 -> 5

2 -> 1
2 -> 3
2 -> 4
2 -> 5

3 -> 1
3 -> 2
3 -> 4
3 -> 5

4 -> 1
4 -> 2
4 -> 3
4 -> 5
4 -> 6

5 -> 1
5 -> 2
5 -> 3
5 -> 4
5 -> 7

6 -> 4
6 -> 7
6 -> 8
6 -> 9

7 -> 5
7 -> 6
7 -> 8
7 -> 9

8 -> 6
8 -> 7
8 -> 9

9 -> 6
9 -> 7
9 -> 8
9 -> 10

10 -> 9
10 -> 12
10 -> 11

12 -> 13
12 -> 14
12 -> 15
12 -> 16

13 -> 12
13 -> 14
13 -> 15
13 -> 17
13 -> 16

14 -> 12
14 -> 13
14 -> 19
14 -> 18

15 -> 12
15 -> 13

16 -> 12
16 -> 13

17 -> 13

19 -> 20

20 -> 19
20 -> 21
20 -> 22

21 -> 20
21 -> 24
21 -> 23

22 -> 20

}
