digraph G {
color = "black"
0[label = "Index: 0 
P0: 0 0 0 
P1: 0 0 0 
P2: 0 0 0 
P3: 0 0 0 
", style="filled", fillcolor = "green"]
1[label = "Index: 1 
P0: 0 1 0 
P1: 0 0 0 
P2: 0 0 0 
P3: 0 0 0 
"]
2[label = "Index: 2 
P0: 0 2 0 
P1: 0 0 0 
P2: 0 0 0 
P3: 0 0 0 
", color = "orange"]
3[label = "Index: 3 
P0: 0 3 0 
P1: 0 0 0 
P2: 0 0 0 
P3: 0 0 0 
"]
4[label = "Index: 4 
P0: 0 1 1 
P1: 0 0 0 
P2: 0 0 0 
P3: 0 0 0 
"]
5[label = "Index: 5 
P0: 0 2 1 
P1: 0 0 0 
P2: 0 0 0 
P3: 0 0 0 
", color = "orange"]
6[label = "Index: 6 
P0: 0 3 1 
P1: 0 0 0 
P2: 0 0 0 
P3: 0 0 0 
"]
7[label = "Index: 7 
P0: 0 2 1 
P1: 1 0 0 
P2: 0 0 0 
P3: 0 0 0 
", color = "orange"]
8[label = "Index: 8 
P0: 0 3 1 
P1: 1 0 0 
P2: 0 0 0 
P3: 0 0 0 
"]
9[label = "Index: 9 
P0: 0 2 1 
P1: 1 0 0 
P2: 0 -1 0 
P3: 0 0 0 
", color = "orange"]
10[label = "Index: 10 
P0: 0 2 0 
P1: 1 0 -1 
P2: 0 -1 0 
P3: 0 0 0 
"]
11[label = "Index: 11 
P0: 0 2 1 
P1: 1 0 0 
P2: -1 -1 0 
P3: 0 0 0 
"]
12[label = "Index: 12 
P0: 0 2 1 
P1: 1 0 0 
P2: -2 -1 0 
P3: 0 0 0 
", color = "orange"]
13[label = "Index: 13 
P0: 0 2 1 
P1: 0 0 0 
P2: -1 -1 0 
P3: 0 0 0 
"]
14[label = "Index: 14 
P0: 0 2 0 
P1: 2 0 -1 
P2: 0 -1 0 
P3: 0 0 0 
"]
15[label = "Index: 15 
P0: 0 2 0 
P1: 1 0 -1 
P2: -1 -1 0 
P3: 0 0 0 
"]
16[label = "Index: 16 
P0: 0 2 0 
P1: 1 0 -1 
P2: -2 -1 0 
P3: 0 0 0 
"]
17[label = "Index: 17 
P0: 0 2 0 
P1: 0 0 -1 
P2: -1 -1 0 
P3: 0 0 0 
"]
18[label = "Index: 18 
P0: 0 2 0 
P1: -1 0 -1 
P2: -2 -1 0 
P3: 0 0 0 
"]
19[label = "Index: 19 
P0: 0 3 0 
P1: 1 1 -1 
P2: 0 0 0 
P3: 0 0 0 
"]
20[label = "Index: 20 
P0: 0 2 1 
P1: 0 0 0 
P2: -2 -1 0 
P3: 0 0 0 
"]
21[label = "Index: 21 
P0: 0 2 1 
P1: 1 0 0 
P2: -2 -1 1 
P3: 0 0 0 
", style="filled", fillcolor = "red"]
22[label = "Index: 22 
P0: 0 1 1 
P1: 0 0 0 
P2: -1 -1 0 
P3: 0 0 0 
"]
23[label = "Index: 23 
P0: 0 2 0 
P1: 0 0 0 
P2: -1 -1 0 
P3: 0 0 0 
"]
24[label = "Index: 24 
P0: 0 2 1 
P1: 0 0 -1 
P2: -1 -1 0 
P3: 0 0 0 
"]
25[label = "Index: 25 
P0: 0 1 1 
P1: 0 0 0 
P2: -1 -2 0 
P3: 0 0 0 
", color = "purple"]
26[label = "Index: 26 
P0: 0 2 0 
P1: 2 0 -1 
P2: -1 -1 0 
P3: 0 0 0 
"]
27[label = "Index: 27 
P0: 0 2 0 
P1: 2 0 -1 
P2: -2 -1 0 
P3: 0 0 0 
"]
28[label = "Index: 28 
P0: 0 2 0 
P1: 0 0 -1 
P2: -2 -1 0 
P3: 0 0 0 
"]
29[label = "Index: 29 
P0: 0 3 0 
P1: 2 1 -1 
P2: 0 0 0 
P3: 0 0 0 
"]
30[label = "Index: 30 
P0: 0 1 0 
P1: 0 0 -1 
P2: -1 -1 0 
P3: 0 0 0 
"]
31[label = "Index: 31 
P0: 0 0 0 
P1: 0 0 -1 
P2: -1 -1 0 
P3: 0 0 0 
"]
32[label = "Index: 32 
P0: 0 1 0 
P1: -1 0 -1 
P2: -2 -1 0 
P3: 0 0 0 
"]
33[label = "Index: 33 
P0: 0 0 0 
P1: -1 0 -1 
P2: -2 -1 0 
P3: 0 0 0 
"]
34[label = "Index: 34 
P0: 0 2 1 
P1: -1 0 -1 
P2: -2 -1 0 
P3: 0 0 0 
"]
35[label = "Index: 35 
P0: 0 1 1 
P1: 0 0 0 
P2: -2 -1 0 
P3: 0 0 0 
"]
36[label = "Index: 36 
P0: 0 2 0 
P1: 0 0 0 
P2: -2 -1 0 
P3: 0 0 0 
"]
37[label = "Index: 37 
P0: 0 2 1 
P1: 0 0 -1 
P2: -2 -1 0 
P3: 0 0 0 
"]
38[label = "Index: 38 
P0: 0 2 1 
P1: 0 0 0 
P2: -2 -1 1 
P3: 0 0 0 
", color = "purple"]
39[label = "Index: 39 
P0: 0 1 1 
P1: 0 0 0 
P2: -2 -2 0 
P3: 0 0 0 
", color = "purple"]
40[label = "Index: 40 
P0: 0 1 0 
P1: 0 0 0 
P2: -1 -1 0 
P3: 0 0 0 
"]
41[label = "Index: 41 
P0: 0 1 1 
P1: 0 0 -1 
P2: -1 -1 0 
P3: 0 0 0 
"]
42[label = "Index: 42 
P0: 0 0 0 
P1: 0 0 0 
P2: -1 -1 0 
P3: 0 0 0 
"]
43[label = "Index: 43 
P0: 0 1 0 
P1: 0 0 0 
P2: -1 -2 0 
P3: 0 0 0 
", color = "purple"]
44[label = "Index: 44 
P0: 0 0 0 
P1: 0 0 0 
P2: -1 -3 0 
P3: 0 0 0 
", color = "purple"]
45[label = "Index: 45 
P0: 0 1 0 
P1: 0 0 -1 
P2: -2 -1 0 
P3: 0 0 0 
"]
46[label = "Index: 46 
P0: 0 0 0 
P1: 0 0 -1 
P2: -2 -1 0 
P3: 0 0 0 
"]
47[label = "Index: 47 
P0: 0 2 0 
P1: 0 0 0 
P2: -2 -1 1 
P3: 0 0 0 
", color = "purple"]
48[label = "Index: 48 
P0: 0 1 -1 
P1: 0 0 -1 
P2: -1 -1 0 
P3: 0 0 0 
"]
49[label = "Index: 49 
P0: -1 1 0 
P1: -1 0 -1 
P2: -2 -1 0 
P3: 0 0 0 
"]
50[label = "Index: 50 
P0: 0 0 -1 
P1: 0 0 -1 
P2: -1 -1 0 
P3: 0 0 0 
"]
51[label = "Index: 51 
P0: 0 1 -1 
P1: -1 0 -1 
P2: -2 -1 0 
P3: 0 0 0 
"]
52[label = "Index: 52 
P0: 0 1 1 
P1: -1 0 -1 
P2: -2 -1 0 
P3: 0 0 0 
"]
53[label = "Index: 53 
P0: 0 0 -1 
P1: -1 0 -1 
P2: -2 -1 0 
P3: 0 0 0 
"]
54[label = "Index: 54 
P0: 0 1 0 
P1: 0 0 0 
P2: -2 -1 0 
P3: 0 0 0 
"]
55[label = "Index: 55 
P0: 0 1 1 
P1: 0 0 -1 
P2: -2 -1 0 
P3: 0 0 0 
"]
56[label = "Index: 56 
P0: 0 1 1 
P1: 0 0 0 
P2: -2 -1 1 
P3: 0 0 0 
", color = "purple"]
57[label = "Index: 57 
P0: 0 0 0 
P1: 0 0 0 
P2: -2 -1 0 
P3: 0 0 0 
"]
58[label = "Index: 58 
P0: 0 1 0 
P1: 0 0 0 
P2: -2 -2 0 
P3: 0 0 0 
", color = "purple"]
59[label = "Index: 59 
P0: 0 0 0 
P1: 0 0 0 
P2: -2 -3 0 
P3: 0 0 0 
", color = "purple"]
60[label = "Index: 60 
P0: 0 0 0 
P1: 0 0 0 
P2: -1 -2 0 
P3: 0 0 0 
", color = "purple"]
61[label = "Index: 61 
P0: 0 1 -1 
P1: 0 0 -1 
P2: -2 -1 0 
P3: 0 0 0 
"]
62[label = "Index: 62 
P0: 0 1 0 
P1: 0 0 0 
P2: -2 -1 1 
P3: 0 0 0 
", color = "purple"]
63[label = "Index: 63 
P0: 0 0 -1 
P1: 0 0 -1 
P2: -2 -1 0 
P3: 0 0 0 
"]
64[label = "Index: 64 
P0: 0 0 0 
P1: 0 0 0 
P2: -2 -1 1 
P3: 0 0 0 
", color = "purple"]
65[label = "Index: 65 
P0: 0 3 0 
P1: 0 0 0 
P2: -2 -1 1 
P3: 0 0 0 
"]
66[label = "Index: 66 
P0: -1 1 -1 
P1: -1 0 -1 
P2: -2 -1 0 
P3: 0 0 0 
"]
67[label = "Index: 67 
P0: -1 0 -1 
P1: -1 0 -1 
P2: -2 -1 0 
P3: 0 0 0 
"]
68[label = "Index: 68 
P0: 0 0 0 
P1: 0 0 0 
P2: -2 -2 0 
P3: 0 0 0 
", color = "purple"]
69[label = "Index: 69 
P2: -2 -1 1 
", color = "fuchsia"]
70[label = "Index: 70 
P0: 0 2 1 
P1: 1 0 0 
P3: 0 0 0 
", color = "orange"]
71[label = "Index: 71 
P0: 0 3 1 
P1: 1 0 0 
P3: 0 0 0 
", color = "red"]
72[label = "Index: 72 
P0: 0 2 1 
P1: 0 0 0 
P3: 0 0 0 
"]
73[label = "Index: 73 
P0: 0 2 0 
P1: 1 0 -1 
P3: 0 0 0 
"]
74[label = "Index: 74 
P1: 1 0 0 
", color = "fuchsia"]
75[label = "Index: 75 
P0: 0 3 1 
P3: 0 0 0 
", color = "orange"]
76[label = "Index: 76 
P0: 0 2 1 
P3: 0 0 0 
"]
77[label = "Index: 77 
P0: 0 1 1 
P3: 0 0 0 
", color = "red"]
78[label = "Index: 78 
P0: 0 3 0 
P3: 0 0 0 
"]
79[label = "Index: 79 
P0: 0 2 0 
P3: 0 0 0 
"]
80[label = "Index: 80 
P0: 0 1 1 
", style="filled", fillcolor = "blue"]
81[label = "Index: 81 
P3: 0 0 0 
", color = "fuchsia"]
0 -> 1
0 -> 2
0 -> 3

1 -> 0
1 -> 2
1 -> 3
1 -> 4

2 -> 0
2 -> 1
2 -> 3
2 -> 5

3 -> 0
3 -> 1
3 -> 2
3 -> 6

4 -> 1
4 -> 5
4 -> 6

5 -> 2
5 -> 4
5 -> 6
5 -> 7

6 -> 3
6 -> 4
6 -> 5
6 -> 8

7 -> 5
7 -> 8
7 -> 9

8 -> 6
8 -> 7
8 -> 9

9 -> 7
9 -> 8
9 -> 10
9 -> 11
9 -> 12
9 -> 13

10 -> 9
10 -> 14
10 -> 15
10 -> 16
10 -> 17
10 -> 18
10 -> 19

11 -> 9
11 -> 13
11 -> 15
11 -> 12
11 -> 20

12 -> 9
12 -> 11
12 -> 20
12 -> 16
12 -> 21

13 -> 9
13 -> 11
13 -> 22
13 -> 23
13 -> 24
13 -> 20
13 -> 25

14 -> 10
14 -> 26
14 -> 27
14 -> 15
14 -> 28
14 -> 29

15 -> 10
15 -> 11
15 -> 14
15 -> 17
15 -> 26
15 -> 16
15 -> 28

16 -> 10
16 -> 12
16 -> 15
16 -> 28
16 -> 18
16 -> 27
16 -> 26
16 -> 21

17 -> 10
17 -> 15
17 -> 30
17 -> 31
17 -> 24
17 -> 26
17 -> 23
17 -> 28
17 -> 18

18 -> 10
18 -> 16
18 -> 17
18 -> 32
18 -> 33
18 -> 34
18 -> 28
18 -> 27

19 -> 10
19 -> 29

20 -> 11
20 -> 12
20 -> 13
20 -> 35
20 -> 36
20 -> 37
20 -> 38
20 -> 39

21 -> 12
21 -> 16
21 -> 38
21 -> 70
21 -> 69

22 -> 13
22 -> 40
22 -> 41
22 -> 30
22 -> 35
22 -> 25

23 -> 13
23 -> 17
23 -> 40
23 -> 42
23 -> 36
23 -> 43
23 -> 44

24 -> 13
24 -> 17
24 -> 41
24 -> 37
24 -> 34

25 -> 13
25 -> 22
25 -> 43

26 -> 14
26 -> 15
26 -> 16
26 -> 17
26 -> 27

27 -> 14
27 -> 16
27 -> 18
27 -> 26
27 -> 28

28 -> 14
28 -> 15
28 -> 16
28 -> 17
28 -> 18
28 -> 27
28 -> 45
28 -> 46
28 -> 37
28 -> 36
28 -> 47
28 -> 38

29 -> 14
29 -> 19

30 -> 17
30 -> 22
30 -> 31
30 -> 48
30 -> 41
30 -> 40
30 -> 45
30 -> 32
30 -> 49

31 -> 17
31 -> 30
31 -> 50
31 -> 42
31 -> 46
31 -> 33

32 -> 18
32 -> 30
32 -> 49
32 -> 33
32 -> 51
32 -> 52
32 -> 45

33 -> 18
33 -> 31
33 -> 32
33 -> 53
33 -> 46

34 -> 18
34 -> 24
34 -> 52
34 -> 37

35 -> 20
35 -> 22
35 -> 54
35 -> 55
35 -> 45
35 -> 39
35 -> 56

36 -> 20
36 -> 23
36 -> 28
36 -> 54
36 -> 57
36 -> 47
36 -> 58
36 -> 59
