digraph G {
color = "black"
0[label = "Index: 0 
P0: 0 0 0 
P1: 0 0 0 
P2: 0 0 0 
", style="filled", fillcolor = "green"]
1[label = "Index: 1 
P0: 0 1 0 
P1: 0 0 0 
P2: 0 0 0 
", color = "orange"]
2[label = "Index: 2 
P0: 0 1 0 
P1: -1 0 0 
P2: 0 0 0 
", color = "orange"]
3[label = "Index: 3 
P0: 0 2 0 
P1: -1 0 0 
P2: 0 0 0 
", color = "orange"]
4[label = "Index: 4 
P0: 0 2 0 
P1: -2 0 0 
P2: 0 0 0 
"]
5[label = "Index: 5 
P0: -1 2 0 
P1: -2 0 0 
P2: 0 0 0 
", color = "orange"]
6[label = "Index: 6 
P0: 0 3 0 
P1: -2 1 0 
P2: 0 0 0 
"]
7[label = "Index: 7 
P0: -1 2 0 
P1: -2 1 0 
P2: 0 0 0 
", color = "orange"]
8[label = "Index: 8 
P0: -1 2 1 
P1: -2 1 1 
P2: 0 0 0 
", color = "orange"]
9[label = "Index: 9 
P0: -2 2 1 
P1: -2 1 1 
P2: 0 0 0 
", color = "orange"]
10[label = "Index: 10 
P0: -1 2 1 
P1: -1 1 1 
P2: 0 0 0 
"]
11[label = "Index: 11 
P0: -2 2 2 
P1: -2 1 2 
P2: 0 0 0 
", color = "orange"]
12[label = "Index: 12 
P0: -2 2 2 
P1: -2 2 2 
P2: 0 0 0 
", style="filled", fillcolor = "red"]
13[label = "Index: 13 
P0: -2 3 2 
P1: -2 2 2 
P2: 0 0 0 
", color = "purple"]
14[label = "Index: 14 
P0: -2 3 2 
P1: -3 2 2 
P2: 0 0 0 
"]
15[label = "Index: 15 
P2: 0 0 0 
", color = "fuchsia"]
16[label = "Index: 16 
P0: -2 2 2 
P1: -2 2 2 
", color = "orange"]
17[label = "Index: 17 
P0: -2 3 2 
P1: -2 2 2 
", color = "orange"]
18[label = "Index: 18 
P0: -1 3 2 
P1: -2 2 2 
", color = "orange"]
19[label = "Index: 19 
P0: -1 4 2 
P1: -2 2 2 
", color = "orange"]
20[label = "Index: 20 
P0: 0 4 2 
P1: -2 2 2 
", color = "orange"]
21[label = "Index: 21 
P0: 0 4 3 
P1: -2 2 2 
", color = "orange"]
22[label = "Index: 22 
P0: 0 3 3 
P1: -2 2 2 
", color = "orange"]
23[label = "Index: 23 
P0: 0 3 4 
P1: -2 2 2 
", color = "orange"]
24[label = "Index: 24 
P0: 1 3 4 
P1: -2 2 2 
", color = "orange"]
25[label = "Index: 25 
P0: 1 4 4 
P1: -2 2 2 
", color = "red"]
26[label = "Index: 26 
P1: -2 2 2 
", style="filled", fillcolor = "blue"]
27[label = "Index: 27 
P0: 1 4 4 
", color = "fuchsia"]
0 -> 1

1 -> 0
1 -> 2

2 -> 1
2 -> 3

3 -> 2
3 -> 4
3 -> 5

4 -> 3
4 -> 5
4 -> 6

5 -> 3
5 -> 4
5 -> 7

6 -> 4

7 -> 5
7 -> 8

8 -> 7
8 -> 9
8 -> 10

9 -> 8
9 -> 10
9 -> 11

10 -> 8
10 -> 9

11 -> 9
11 -> 12
11 -> 13

12 -> 11
12 -> 13
12 -> 15
12 -> 16

13 -> 11
13 -> 12
13 -> 14

14 -> 13

16 -> 17

17 -> 16
17 -> 18

18 -> 17
18 -> 19

19 -> 18
19 -> 20

20 -> 19
20 -> 21

21 -> 20
21 -> 22

22 -> 21
22 -> 23

23 -> 22
23 -> 24

24 -> 23
24 -> 25

25 -> 24
25 -> 26
25 -> 27

}
