digraph G {
color = "black"
0[label = "Index: 0 
P0: 0 0 0 
P1: 0 0 0 
P2: 0 0 0 
P3: 0 0 0 
P4: 0 0 0 
", style="filled", fillcolor = "green"]
1[label = "Index: 1 
P0: -1 0 0 
P1: 0 0 0 
P2: 0 0 0 
P3: 0 0 0 
P4: 0 0 0 
", color = "orange"]
2[label = "Index: 2 
P0: -2 0 0 
P1: 0 0 0 
P2: 0 0 0 
P3: 0 0 0 
P4: 0 0 0 
"]
3[label = "Index: 3 
P0: -1 0 0 
P1: 0 -1 0 
P2: 0 0 0 
P3: 0 0 0 
P4: 0 0 0 
", color = "orange"]
4[label = "Index: 4 
P0: -1 0 0 
P1: 0 -1 0 
P2: 1 0 0 
P3: 0 0 0 
P4: 0 0 0 
", color = "orange"]
5[label = "Index: 5 
P0: 0 0 0 
P1: 1 -1 0 
P2: 1 0 0 
P3: 0 0 0 
P4: 0 0 0 
"]
6[label = "Index: 6 
P0: 0 0 0 
P1: 1 -1 0 
P2: 2 0 0 
P3: 0 0 0 
P4: 0 0 0 
", color = "orange"]
7[label = "Index: 7 
P0: 0 0 0 
P1: 1 -1 -1 
P2: 2 0 -1 
P3: 0 0 0 
P4: 0 0 0 
", color = "orange"]
8[label = "Index: 8 
P0: 0 0 0 
P1: 1 -1 -1 
P2: 2 0 -1 
P3: 0 0 -1 
P4: 0 0 0 
"]
9[label = "Index: 9 
P0: 0 0 -1 
P1: 1 -1 -1 
P2: 2 0 -1 
P3: 0 0 -1 
P4: 0 0 0 
"]
10[label = "Index: 10 
P0: 0 0 0 
P1: 1 -1 -2 
P2: 2 0 -2 
P3: 0 0 -1 
P4: 0 0 0 
", color = "orange"]
11[label = "Index: 11 
P0: 0 0 -1 
P1: 1 -1 -2 
P2: 2 0 -2 
P3: 0 0 -1 
P4: 0 0 0 
"]
12[label = "Index: 12 
P0: 0 0 0 
P1: 1 -1 -1 
P2: 2 0 -1 
P3: 1 0 -1 
P4: 0 0 0 
"]
13[label = "Index: 13 
P0: 0 0 -1 
P1: 1 -1 -1 
P2: 2 0 -1 
P3: 1 0 -1 
P4: 0 0 0 
"]
14[label = "Index: 14 
P0: -1 0 0 
P1: 1 -1 -2 
P2: 2 0 -2 
P3: 0 0 -1 
P4: 0 0 0 
"]
15[label = "Index: 15 
P0: 0 0 0 
P1: 2 -1 -2 
P2: 2 0 -2 
P3: 0 0 -1 
P4: 0 0 0 
", color = "orange"]
16[label = "Index: 16 
P0: 0 0 0 
P1: 2 -1 -2 
P2: 3 0 -2 
P3: 0 0 -1 
P4: 0 0 0 
"]
17[label = "Index: 17 
P0: 0 0 0 
P1: 2 -1 -2 
P2: 3 0 -2 
P3: 1 0 -1 
P4: 0 0 0 
"]
18[label = "Index: 18 
P0: 0 0 0 
P1: 2 -1 -2 
P2: 2 -1 -2 
P3: 0 0 -1 
P4: 0 0 0 
", color = "orange"]
19[label = "Index: 19 
P0: 0 0 0 
P1: 1 -1 -2 
P2: 1 -1 -2 
P3: 0 0 -1 
P4: 0 0 0 
"]
20[label = "Index: 20 
P0: 0 0 0 
P1: 2 -1 -3 
P2: 2 -1 -3 
P3: 0 0 -1 
P4: 0 0 0 
", style="filled", fillcolor = "red"]
21[label = "Index: 21 
P0: -1 0 0 
P1: 1 -1 -2 
P2: 1 -1 -2 
P3: 0 0 -1 
P4: 0 0 0 
"]
22[label = "Index: 22 
P0: 0 0 -1 
P1: 2 -1 -3 
P2: 2 -1 -3 
P3: 0 0 -1 
P4: 0 0 0 
", color = "purple"]
23[label = "Index: 23 
P0: 0 0 0 
P1: 2 -1 -2 
P2: 2 -1 -2 
P3: 1 0 -1 
P4: 0 0 0 
"]
24[label = "Index: 24 
P0: 0 0 0 
P1: 2 -1 -2 
P2: 2 -1 -2 
P3: 0 0 0 
P4: 0 0 0 
", color = "purple"]
25[label = "Index: 25 
P0: 0 0 0 
P1: 1 -1 -3 
P2: 1 -1 -3 
P3: 0 0 -1 
P4: 0 0 0 
", color = "purple"]
26[label = "Index: 26 
P0: 0 0 -1 
P1: 1 -1 -3 
P2: 1 -1 -3 
P3: 0 0 -1 
P4: 0 0 0 
", color = "purple"]
27[label = "Index: 27 
P0: 0 0 0 
P1: 1 -1 -2 
P2: 1 -1 -2 
P3: 0 0 0 
P4: 0 0 0 
", color = "purple"]
28[label = "Index: 28 
P0: 0 0 0 
P1: 2 -2 -3 
P2: 2 -1 -3 
P3: 0 0 -1 
P4: 0 0 0 
"]
29[label = "Index: 29 
P0: 0 0 0 
P1: 2 -3 -3 
P2: 2 -1 -3 
P3: 0 0 -1 
P4: 0 0 0 
"]
30[label = "Index: 30 
P0: -1 0 0 
P1: 1 -1 -3 
P2: 1 -1 -3 
P3: 0 0 -1 
P4: 0 0 0 
", color = "purple"]
31[label = "Index: 31 
P0: -1 0 -1 
P1: 1 -1 -3 
P2: 1 -1 -3 
P3: 0 0 -1 
P4: 0 0 0 
", color = "purple"]
32[label = "Index: 32 
P0: -1 0 0 
P1: 1 -1 -2 
P2: 1 -1 -2 
P3: 0 0 0 
P4: 0 0 0 
", color = "purple"]
33[label = "Index: 33 
P0: 0 0 -1 
P1: 2 -2 -3 
P2: 2 -1 -3 
P3: 0 0 -1 
P4: 0 0 0 
"]
34[label = "Index: 34 
P0: 0 0 -1 
P1: 2 -3 -3 
P2: 2 -1 -3 
P3: 0 0 -1 
P4: 0 0 0 
"]
35[label = "Index: 35 
P0: 0 0 0 
P1: 2 -1 -3 
P2: 2 -1 -3 
P3: 1 0 -1 
P4: 0 0 0 
", color = "purple"]
36[label = "Index: 36 
P0: 0 0 -1 
P1: 2 -1 -3 
P2: 2 -1 -3 
P3: 1 0 -1 
P4: 0 0 0 
", color = "purple"]
37[label = "Index: 37 
P0: 0 0 0 
P1: 2 -2 -2 
P2: 2 -1 -2 
P3: 0 0 0 
P4: 0 0 0 
"]
38[label = "Index: 38 
P0: 0 0 0 
P1: 2 -3 -2 
P2: 2 -1 -2 
P3: 0 0 0 
P4: 0 0 0 
"]
39[label = "Index: 39 
P0: 0 0 0 
P1: 1 -2 -3 
P2: 1 -1 -3 
P3: 0 0 -1 
P4: 0 0 0 
"]
40[label = "Index: 40 
P0: 0 0 0 
P1: 1 -3 -3 
P2: 1 -1 -3 
P3: 0 0 -1 
P4: 0 0 0 
"]
41[label = "Index: 41 
P0: 0 0 -1 
P1: 1 -2 -3 
P2: 1 -1 -3 
P3: 0 0 -1 
P4: 0 0 0 
"]
42[label = "Index: 42 
P0: 0 0 -1 
P1: 1 -3 -3 
P2: 1 -1 -3 
P3: 0 0 -1 
P4: 0 0 0 
"]
43[label = "Index: 43 
P0: 0 0 0 
P1: 1 -2 -2 
P2: 1 -1 -2 
P3: 0 0 0 
P4: 0 0 0 
"]
44[label = "Index: 44 
P0: 0 0 0 
P1: 1 -3 -2 
P2: 1 -1 -2 
P3: 0 0 0 
P4: 0 0 0 
"]
45[label = "Index: 45 
P0: -1 0 0 
P1: 1 -2 -3 
P2: 1 -1 -3 
P3: 0 0 -1 
P4: 0 0 0 
"]
46[label = "Index: 46 
P0: -1 0 0 
P1: 1 -3 -3 
P2: 1 -1 -3 
P3: 0 0 -1 
P4: 0 0 0 
"]
47[label = "Index: 47 
P0: -1 0 -1 
P1: 1 -2 -3 
P2: 1 -1 -3 
P3: 0 0 -1 
P4: 0 0 0 
"]
48[label = "Index: 48 
P0: -1 0 -1 
P1: 1 -3 -3 
P2: 1 -1 -3 
P3: 0 0 -1 
P4: 0 0 0 
"]
49[label = "Index: 49 
P0: -1 0 0 
P1: 1 -2 -2 
P2: 1 -1 -2 
P3: 0 0 0 
P4: 0 0 0 
"]
50[label = "Index: 50 
P0: -1 0 0 
P1: 1 -3 -2 
P2: 1 -1 -2 
P3: 0 0 0 
P4: 0 0 0 
"]
51[label = "Index: 51 
P0: 0 0 0 
P1: 2 -2 -3 
P2: 2 -1 -3 
P3: 1 0 -1 
P4: 0 0 0 
"]
52[label = "Index: 52 
P0: 0 0 0 
P1: 2 -3 -3 
P2: 2 -1 -3 
P3: 1 0 -1 
P4: 0 0 0 
"]
53[label = "Index: 53 
P0: 0 0 -1 
P1: 2 -2 -3 
P2: 2 -1 -3 
P3: 1 0 -1 
P4: 0 0 0 
"]
54[label = "Index: 54 
P0: 0 0 -1 
P1: 2 -3 -3 
P2: 2 -1 -3 
P3: 1 0 -1 
P4: 0 0 0 
"]
55[label = "Index: 55 
P0: 0 0 0 
P3: 0 0 -1 
P4: 0 0 0 
", color = "red"]
56[label = "Index: 56 
P0: 0 0 0 
", color = "fuchsia"]
57[label = "Index: 57 
P3: 0 0 -1 
P4: 0 0 0 
", color = "red"]
58[label = "Index: 58 
P3: 0 0 -1 
", style="filled", fillcolor = "blue"]
59[label = "Index: 59 
P4: 0 0 0 
", color = "fuchsia"]
60[label = "Index: 60 
P1: 2 -1 -3 
P2: 2 -1 -3 
", color = "blue"]
61[label = "Index: 61 
P1: 2 -2 -3 
P2: 2 -1 -3 
"]
62[label = "Index: 62 
P1: 2 -3 -3 
P2: 2 -1 -3 
", color = "red"]
63[label = "Index: 63 
P1: 1 -2 -3 
P2: 2 -1 -3 
"]
64[label = "Index: 64 
P2: 2 -1 -3 
", color = "fuchsia"]
65[label = "Index: 65 
P1: 2 -3 -3 
", color = "fuchsia"]
0 -> 1
0 -> 2

1 -> 0
1 -> 2
1 -> 3

2 -> 0
2 -> 1

3 -> 1
3 -> 4
3 -> 5

4 -> 3
4 -> 5
4 -> 6

5 -> 3
5 -> 4
5 -> 6

6 -> 4
6 -> 5
6 -> 7
6 -> 8
6 -> 9

7 -> 6
7 -> 8
7 -> 9
7 -> 10
7 -> 11

8 -> 6
8 -> 7
8 -> 9
8 -> 10
8 -> 11
8 -> 12

9 -> 6
9 -> 7
9 -> 8
9 -> 11
9 -> 13

10 -> 7
10 -> 8
10 -> 14
10 -> 11
10 -> 15
10 -> 16
10 -> 17

11 -> 7
11 -> 8
11 -> 9
11 -> 10

12 -> 8
12 -> 13

13 -> 9
13 -> 12

14 -> 10
14 -> 15
14 -> 16
14 -> 17

15 -> 10
15 -> 14
15 -> 16
15 -> 18
15 -> 17

16 -> 10
16 -> 14
16 -> 15
16 -> 17

17 -> 10
17 -> 14
17 -> 15
17 -> 16

18 -> 15
18 -> 19
18 -> 20
18 -> 21
18 -> 22
18 -> 23
18 -> 24

19 -> 18
19 -> 21
19 -> 25
19 -> 26
19 -> 27
19 -> 23

20 -> 18
20 -> 22
20 -> 28
20 -> 29
20 -> 55
20 -> 60

21 -> 18
21 -> 19
21 -> 30
21 -> 31
21 -> 32
21 -> 23

22 -> 18
22 -> 20
22 -> 33
22 -> 34

23 -> 18
23 -> 19
23 -> 21
23 -> 35
23 -> 36

24 -> 18
24 -> 37
24 -> 38

25 -> 19
25 -> 30
25 -> 26
25 -> 39
25 -> 40

26 -> 19
26 -> 25
26 -> 31
26 -> 41
26 -> 42

27 -> 19
27 -> 32
27 -> 43
27 -> 44

28 -> 20

29 -> 20

30 -> 21
30 -> 25
30 -> 31
30 -> 45
30 -> 46

31 -> 21
31 -> 26
31 -> 30
31 -> 47
31 -> 48

32 -> 21
32 -> 27
32 -> 49
32 -> 50

33 -> 22

34 -> 22

35 -> 23
35 -> 36
35 -> 51
35 -> 52

36 -> 23
36 -> 35
36 -> 53
36 -> 54

37 -> 24

38 -> 24

39 -> 25

40 -> 25

41 -> 26

42 -> 26

43 -> 27

44 -> 27

45 -> 30

46 -> 30

47 -> 31

48 -> 31

49 -> 32

50 -> 32

51 -> 35

52 -> 35

53 -> 36

54 -> 36

55 -> 57
55 -> 56

57 -> 59
57 -> 58

60 -> 61
60 -> 62

61 -> 60
61 -> 63
61 -> 62

62 -> 60
62 -> 61
62 -> 64
62 -> 65

63 -> 61

}
