digraph G {
color = "black"
0[label = "Index: 0 
P0: 0 0 0 
P1: 0 0 0 
P2: 0 0 0 
P3: 0 0 0 
", style="filled", fillcolor = "green"]
1[label = "Index: 1 
P0: 0 1 0 
P1: 0 0 0 
P2: 0 0 0 
P3: 0 0 0 
", color = "orange"]
2[label = "Index: 2 
P0: 0 2 0 
P1: 0 0 0 
P2: 0 0 0 
P3: 0 0 0 
"]
3[label = "Index: 3 
P0: 0 3 0 
P1: 0 0 0 
P2: 0 0 0 
P3: 0 0 0 
"]
4[label = "Index: 4 
P0: 0 1 0 
P1: 1 0 0 
P2: 0 0 0 
P3: 0 0 0 
", color = "orange"]
5[label = "Index: 5 
P0: 0 1 0 
P1: 2 0 0 
P2: 0 0 0 
P3: 0 0 0 
"]
6[label = "Index: 6 
P0: 0 1 0 
P1: 3 0 0 
P2: 0 0 0 
P3: 0 0 0 
"]
7[label = "Index: 7 
P0: 0 2 0 
P1: 1 0 0 
P2: 0 0 0 
P3: 0 0 0 
"]
8[label = "Index: 8 
P0: 0 2 0 
P1: 2 0 0 
P2: 0 0 0 
P3: 0 0 0 
"]
9[label = "Index: 9 
P0: 0 2 0 
P1: 3 0 0 
P2: 0 0 0 
P3: 0 0 0 
"]
10[label = "Index: 10 
P0: 0 1 0 
P1: 1 0 0 
P2: 0 0 1 
P3: 0 0 0 
", color = "orange"]
11[label = "Index: 11 
P0: 0 1 1 
P1: 1 0 1 
P2: 0 0 1 
P3: 0 0 0 
"]
12[label = "Index: 12 
P0: 0 1 0 
P1: 2 0 0 
P2: 0 0 1 
P3: 0 0 0 
"]
13[label = "Index: 13 
P0: 0 1 0 
P1: 3 0 0 
P2: 0 0 1 
P3: 0 0 0 
"]
14[label = "Index: 14 
P0: 0 2 0 
P1: 1 0 0 
P2: 0 0 1 
P3: 0 0 0 
"]
15[label = "Index: 15 
P0: 0 2 1 
P1: 1 0 1 
P2: 0 0 1 
P3: 0 0 0 
"]
16[label = "Index: 16 
P0: 0 2 0 
P1: 2 0 0 
P2: 0 0 1 
P3: 0 0 0 
"]
17[label = "Index: 17 
P0: 0 2 0 
P1: 3 0 0 
P2: 0 0 1 
P3: 0 0 0 
"]
18[label = "Index: 18 
P0: 0 1 1 
P1: 1 0 1 
P2: 0 0 2 
P3: 0 0 0 
", color = "orange"]
19[label = "Index: 19 
P0: 0 2 1 
P1: 1 1 1 
P2: 0 1 1 
P3: 0 0 0 
"]
20[label = "Index: 20 
P0: 0 2 1 
P1: 1 0 1 
P2: 0 0 2 
P3: 0 0 0 
"]
21[label = "Index: 21 
P0: 0 3 1 
P1: 1 1 1 
P2: 0 1 1 
P3: 0 0 0 
"]
22[label = "Index: 22 
P0: 0 2 1 
P1: 1 1 1 
P2: 0 0 2 
P3: 0 0 0 
", style="filled", fillcolor = "red"]
23[label = "Index: 23 
P0: -1 1 1 
P1: 1 0 1 
P2: -1 0 2 
P3: 0 0 0 
"]
24[label = "Index: 24 
P0: -2 1 1 
P1: 1 0 1 
P2: -2 0 2 
P3: 0 0 0 
"]
25[label = "Index: 25 
P0: 0 2 1 
P1: 1 1 1 
P2: 0 1 2 
P3: 0 0 0 
"]
26[label = "Index: 26 
P0: 0 3 1 
P1: 1 1 1 
P2: 0 0 2 
P3: 0 0 0 
", color = "purple"]
27[label = "Index: 27 
P0: -1 2 1 
P1: 1 0 1 
P2: -1 0 2 
P3: 0 0 0 
"]
28[label = "Index: 28 
P0: -2 2 1 
P1: 1 0 1 
P2: -2 0 2 
P3: 0 0 0 
"]
29[label = "Index: 29 
P0: 0 3 1 
P1: 1 1 1 
P2: 0 1 2 
P3: 0 0 0 
"]
30[label = "Index: 30 
P0: 1 3 1 
P1: 1 1 1 
P2: 1 1 1 
P3: 0 0 0 
"]
31[label = "Index: 31 
P0: -1 2 1 
P1: 1 1 1 
P2: -1 0 2 
P3: 0 0 0 
", color = "purple"]
32[label = "Index: 32 
P0: -1 2 1 
P1: 1 1 1 
P2: -1 1 2 
P3: 0 0 0 
"]
33[label = "Index: 33 
P0: -2 2 1 
P1: 1 1 1 
P2: -2 0 2 
P3: 0 0 0 
", color = "purple"]
34[label = "Index: 34 
P0: -2 1 1 
P1: 1 0 1 
P2: -2 -1 2 
P3: 0 0 0 
", color = "purple"]
35[label = "Index: 35 
P0: -2 1 1 
P1: 1 -1 1 
P2: -2 -1 2 
P3: 0 0 0 
"]
36[label = "Index: 36 
P0: -2 0 1 
P1: 1 -1 1 
P2: -2 -1 2 
P3: 0 0 0 
"]
37[label = "Index: 37 
P0: -2 2 1 
P1: 1 1 1 
P2: -2 1 2 
P3: 0 0 0 
"]
38[label = "Index: 38 
P0: -1 3 1 
P1: 1 1 1 
P2: -1 0 2 
P3: 0 0 0 
", color = "purple"]
39[label = "Index: 39 
P0: -1 3 1 
P1: 1 1 1 
P2: -1 1 2 
P3: 0 0 0 
"]
40[label = "Index: 40 
P0: -2 3 1 
P1: 1 1 1 
P2: -2 0 2 
P3: 0 0 0 
", color = "purple"]
41[label = "Index: 41 
P0: -2 2 1 
P1: 1 0 1 
P2: -2 -1 2 
P3: 0 0 0 
", color = "purple"]
42[label = "Index: 42 
P0: -2 3 1 
P1: 1 1 1 
P2: -2 1 2 
P3: 0 0 0 
"]
43[label = "Index: 43 
P0: 1 4 1 
P1: 1 1 1 
P2: 1 1 1 
P3: 0 0 0 
"]
44[label = "Index: 44 
P0: 1 3 1 
P1: 1 0 1 
P2: 1 0 1 
P3: 0 0 0 
"]
45[label = "Index: 45 
P0: -2 2 1 
P1: 1 1 1 
P2: -2 -1 2 
P3: 0 0 0 
", color = "purple"]
46[label = "Index: 46 
P0: -2 2 1 
P1: 1 1 1 
P2: -2 1 1 
P3: 0 0 0 
"]
47[label = "Index: 47 
P0: -2 2 0 
P1: 1 1 1 
P2: -2 1 1 
P3: 0 0 0 
"]
48[label = "Index: 48 
P0: -2 3 1 
P1: 1 1 1 
P2: -2 1 1 
P3: 0 0 0 
"]
49[label = "Index: 49 
P0: -2 3 0 
P1: 1 1 1 
P2: -2 1 1 
P3: 0 0 0 
"]
50[label = "Index: 50 
P1: 1 1 1 
P3: 0 0 0 
", color = "orange"]
51[label = "Index: 51 
P1: 1 0 1 
P3: 0 0 0 
"]
52[label = "Index: 52 
P1: 1 -1 1 
P3: 0 0 0 
"]
53[label = "Index: 53 
P1: 1 -2 1 
P3: 0 0 0 
", color = "red"]
54[label = "Index: 54 
P1: 1 -3 1 
P3: 0 0 0 
"]
55[label = "Index: 55 
P1: 1 0 0 
P3: 0 0 0 
"]
56[label = "Index: 56 
P1: 2 -1 1 
P3: 0 0 0 
"]
57[label = "Index: 57 
P1: 3 -1 1 
P3: 0 0 0 
"]
58[label = "Index: 58 
P1: 1 -1 0 
P3: 0 0 0 
"]
59[label = "Index: 59 
P1: 1 -2 1 
", style="filled", fillcolor = "blue"]
60[label = "Index: 60 
P3: 0 0 0 
", color = "fuchsia"]
61[label = "Index: 61 
P0: 0 2 1 
P2: 0 0 2 
", color = "blue"]
62[label = "Index: 62 
P0: 0 1 1 
P2: 0 0 2 
"]
63[label = "Index: 63 
P0: 0 0 1 
P2: 0 0 2 
", color = "red"]
64[label = "Index: 64 
P0: 0 -1 1 
P2: 0 0 2 
"]
65[label = "Index: 65 
P0: 0 3 1 
P2: 0 0 2 
"]
66[label = "Index: 66 
P0: 0 2 2 
P2: 0 0 2 
"]
67[label = "Index: 67 
P0: 0 1 2 
P2: 0 0 2 
"]
68[label = "Index: 68 
P2: 0 0 2 
", color = "fuchsia"]
69[label = "Index: 69 
P0: 0 0 1 
", color = "fuchsia"]
0 -> 1
0 -> 2
0 -> 3

1 -> 0
1 -> 2
1 -> 3
1 -> 4
1 -> 5
1 -> 6

2 -> 0
2 -> 1
2 -> 3
2 -> 7
2 -> 8
2 -> 9

3 -> 0
3 -> 1
3 -> 2

4 -> 1
4 -> 7
4 -> 5
4 -> 6
4 -> 10
4 -> 11

5 -> 1
5 -> 4
5 -> 8
5 -> 6
5 -> 12

6 -> 1
6 -> 4
6 -> 5
6 -> 9
6 -> 13

7 -> 2
7 -> 4
7 -> 8
7 -> 9
7 -> 14
7 -> 15

8 -> 2
8 -> 5
8 -> 7
8 -> 9
8 -> 16

9 -> 2
9 -> 6
9 -> 7
9 -> 8
9 -> 17

10 -> 4
10 -> 14
10 -> 12
10 -> 13
10 -> 11
10 -> 18

11 -> 4
11 -> 10
11 -> 15
11 -> 18
11 -> 19

12 -> 5
12 -> 10
12 -> 16
12 -> 13

13 -> 6
13 -> 10
13 -> 12
13 -> 17

14 -> 7
14 -> 10
14 -> 16
14 -> 17
14 -> 15
14 -> 20

15 -> 7
15 -> 11
15 -> 14
15 -> 20
15 -> 19
15 -> 21

16 -> 8
16 -> 12
16 -> 14
16 -> 17

17 -> 9
17 -> 13
17 -> 14
17 -> 16

18 -> 10
18 -> 11
18 -> 20
18 -> 22
18 -> 23
18 -> 24
18 -> 25

19 -> 11
19 -> 15
19 -> 21
19 -> 25

20 -> 14
20 -> 15
20 -> 18
20 -> 22
20 -> 26
20 -> 27
20 -> 28
20 -> 25
20 -> 29

21 -> 15
21 -> 19
21 -> 29
21 -> 30

22 -> 18
22 -> 20
22 -> 26
22 -> 25
22 -> 29
22 -> 50
22 -> 61

23 -> 18
23 -> 27
23 -> 31
23 -> 24
23 -> 32

24 -> 18
24 -> 23
24 -> 28
24 -> 33
24 -> 34
24 -> 35
24 -> 36
24 -> 37

25 -> 18
25 -> 19
25 -> 20
25 -> 22
25 -> 29
25 -> 32
25 -> 37

26 -> 20
26 -> 22
26 -> 29

27 -> 20
27 -> 23
27 -> 31
27 -> 38
27 -> 28
27 -> 32
27 -> 39

28 -> 20
28 -> 24
28 -> 27
28 -> 33
28 -> 40
28 -> 41
28 -> 34
28 -> 37
28 -> 35
28 -> 42

29 -> 20
29 -> 21
29 -> 25
29 -> 26
29 -> 39
29 -> 42
29 -> 22

30 -> 21
30 -> 43
30 -> 44

31 -> 23
31 -> 27
31 -> 38
31 -> 32
31 -> 39

32 -> 23
32 -> 25
32 -> 27
32 -> 31
32 -> 39
32 -> 37

33 -> 24
33 -> 28
33 -> 40
33 -> 45
33 -> 37
33 -> 42

34 -> 24
34 -> 28
34 -> 41
34 -> 35
34 -> 36
34 -> 45

35 -> 24
35 -> 28
35 -> 34
35 -> 36
35 -> 41
35 -> 42

36 -> 24
36 -> 34
36 -> 35
36 -> 45
36 -> 37

37 -> 24
37 -> 25
37 -> 28
37 -> 32
37 -> 33
37 -> 36
37 -> 42
37 -> 45
37 -> 46
37 -> 47

38 -> 27
38 -> 31
38 -> 39

39 -> 27
39 -> 29
39 -> 32
39 -> 38
39 -> 42
39 -> 31

40 -> 28
40 -> 33
40 -> 42

41 -> 28
41 -> 34
41 -> 35
41 -> 45

42 -> 28
42 -> 29
42 -> 35
42 -> 37
42 -> 39
42 -> 40
42 -> 48
42 -> 33
42 -> 49

43 -> 30
43 -> 44

44 -> 30
44 -> 43

45 -> 33
45 -> 34
45 -> 36
45 -> 37
45 -> 41

46 -> 37
46 -> 48
46 -> 47

47 -> 37
47 -> 46
47 -> 49

48 -> 42
48 -> 46
48 -> 49

49 -> 42
49 -> 47
49 -> 48

50 -> 51
50 -> 52
50 -> 53
50 -> 54

51 -> 50
51 -> 52
51 -> 53
51 -> 54
51 -> 55

52 -> 50
52 -> 51
52 -> 56
52 -> 57
52 -> 53
52 -> 54
52 -> 58

53 -> 50
53 -> 51
53 -> 52
53 -> 60
53 -> 59

54 -> 50
54 -> 51
54 -> 52

55 -> 51

56 -> 52

57 -> 52

58 -> 52

61 -> 62
61 -> 63
61 -> 64
61 -> 65
61 -> 66

62 -> 61
62 -> 63
62 -> 64
62 -> 65
62 -> 67

63 -> 61
63 -> 62
63 -> 68
63 -> 69

64 -> 61
64 -> 62

65 -> 61
65 -> 62

66 -> 61

67 -> 62

}
