graph G {
color = "black"
0 [label = "P1: 0 0 0 
P2: 0 0 0 
P3: 0 0 0 
P4: 0 0 0 
P5: 0 0 0 
",  style="filled", fillcolor = "#96FF96"];
1 [label = "P1: -1 0 0 
P2: 0 0 0 
P3: 0 0 0 
P4: 0 0 0 
P5: 0 0 0 
"];
2 [label = "P1: -1 0 0 
P2: 0 0 1 
P3: 0 0 0 
P4: 0 0 0 
P5: 0 0 0 
"];
3 [label = "P1: -1 0 0 
P2: 0 0 1 
P3: 0 -1 0 
P4: 0 0 0 
P5: 0 0 0 
"];
4 [label = "P1: -1 0 0 
P2: 0 0 1 
P3: 0 -1 0 
P4: 0 0 -1 
P5: 0 0 0 
"];
5 [label = "P1: -1 0 -1 
P2: 0 0 1 
P3: 0 -1 0 
P4: 0 0 -1 
P5: 0 0 0 
"];
6 [label = "P1: -1 0 -1 
P2: 0 0 1 
P3: 0 -1 0 
P4: 0 0 -2 
P5: 0 0 0 
"];
7 [label = "P1: -1 0 -1 
P2: 0 -1 1 
P3: 0 -1 0 
P4: 0 0 -2 
P5: 0 0 0 
"];
8 [label = "P1: -1 -1 -1 
P2: 0 -1 1 
P3: 0 -2 0 
P4: 0 -1 -2 
P5: 0 0 0 
"];
9 [label = "P1: -1 -1 -1 
P2: 0 -2 1 
P3: 0 -2 0 
P4: 0 -1 -2 
P5: 0 0 0 
"];
10 [label = "P1: -1 0 -1 
P2: 0 -1 1 
P3: 0 -1 0 
P4: 0 0 -2 
P5: 0 0 -1 
"];
11 [label = "P1: -1 -1 -1 
P2: 0 -1 2 
P3: 0 -2 0 
P4: 0 -1 -2 
P5: 0 0 0 
"];
12 [label = "P1: -1 0 -1 
P2: 0 -1 1 
P3: 0 -1 0 
P4: 0 0 -2 
P5: -1 0 -1 
"];
13 [label = "P1: -1 0 -1 
P2: 0 0 1 
P3: 0 -1 0 
P4: 0 0 -2 
P5: -1 0 -1 
"];
14 [label = "P1: 0 0 0 
P2: 1 0 3 
P3: 1 -1 1 
P4: 1 0 -1 
P5: 0 0 0 
"];
15 [label = "P1: -1 0 -1 
P2: 0 0 1 
P3: 0 -1 -1 
P4: 0 0 -2 
P5: -1 0 -1 
"];
16 [label = "P1: -1 0 0 
P2: 0 0 3 
P3: 0 -1 1 
P4: 0 0 -1 
P5: 0 0 0 
"];
17 [label = "P1: -1 0 -1 
P2: 0 0 1 
P3: 0 -2 -1 
P4: 0 0 -2 
P5: -1 0 -1 
"];
18 [label = "P1: 0 0 0 
P2: 1 -1 2 
P3: 1 -2 0 
P4: 1 0 -1 
P5: 0 0 0 
"];
19 [label = "P1: -1 0 0 
P2: 0 0 3 
P3: 0 -1 1 
P4: 0 0 0 
P5: 0 0 0 
"];
20 [label = "P1: -1 0 -1 
P2: 0 0 1 
P3: 1 -2 -1 
P4: 0 0 -2 
P5: -1 0 -1 
"];
21 [label = "P1: -1 0 0 
P2: 0 -1 2 
P3: 0 -2 0 
P4: 0 0 -1 
P5: 0 0 0 
"];
22 [label = "P1: -1 0 -1 
P2: 0 0 2 
P3: 1 -2 -1 
P4: 0 0 -2 
P5: -1 0 -1 
"];
23 [label = "P1: -1 0 -1 
P2: -1 0 2 
P3: 0 -2 -1 
P4: 0 0 -2 
P5: -1 0 -1 
"];
24 [label = "P1: -1 0 0 
P2: 0 0 3 
P3: 1 -2 0 
P4: 0 0 -1 
P5: 0 0 0 
"];
25 [label = "P1: 0 0 0 
P2: 0 1 3 
P3: 1 -2 0 
P4: 1 0 -1 
P5: 0 0 0 
"];
26 [label = "P1: -1 0 -1 
P2: -1 1 2 
P3: 0 -1 -1 
P4: 0 0 -2 
P5: -1 0 -1 
"];
27 [label = "P1: 0 0 0 
P2: 0 1 3 
P3: 2 -2 0 
P4: 1 0 -1 
P5: 0 0 0 
"];
28 [label = "P1: 0 0 0 
P2: 0 1 3 
P3: 1 -1 1 
P4: 1 0 -1 
P5: 0 0 0 
"];
29 [label = "P1: -1 0 -1 
P2: -1 1 3 
P3: 0 -1 0 
P4: 0 0 -2 
P5: -1 0 -1 
"];
30 [label = "P1: -2 0 -1 
P2: -1 1 3 
P3: 0 -1 0 
P4: -1 0 -2 
P5: -1 0 -1 
"];
31 [label = "P1: -2 0 -1 
P2: -1 1 3 
P3: 0 -1 0 
P4: -1 0 -2 
P5: -1 0 0 
"];
32 [label = "P1: -2 0 -1 
P2: -1 2 3 
P3: 0 -1 0 
P4: -1 0 -2 
P5: -1 1 0 
"];
33 [label = "P1: -1 -1 -1 
P2: 0 0 3 
P3: 1 -2 0 
P4: 0 -1 -2 
P5: 0 0 0 
"];
34 [label = "P1: -2 0 -1 
P2: -1 2 3 
P3: -1 -1 0 
P4: -1 0 -2 
P5: -1 1 0 
",  style="filled", fillcolor = "#FF9696"];
35 [label = "P2: 0 1 3 
",  style="filled", fillcolor = "#FF96FF"];
36 [label = "P1: -2 0 -1 
P3: -1 -1 0 
P4: -1 0 -2 
P5: -1 1 0 
"];
37 [label = "P1: -1 -1 -1 
P3: 1 -2 0 
P4: 0 -1 -2 
P5: 0 0 0 
"];
38 [label = "P1: -2 0 -1 
P3: -1 -1 0 
P4: -1 0 -2 
P5: -1 0 0 
"];
39 [label = "P1: -1 0 -1 
P3: 1 -1 0 
P4: 0 0 -2 
P5: 0 0 0 
"];
40 [label = "P1: -2 0 -1 
P3: -1 -1 0 
P4: -1 0 -1 
P5: -1 0 0 
"];
41 [label = "P1: -1 0 0 
P3: 0 -1 0 
P4: 0 0 -1 
P5: 0 0 0 
"];
42 [label = "P1: -1 0 0 
P3: 0 -1 1 
P4: 0 0 -1 
P5: 0 0 0 
"];
43 [label = "P1: -1 0 0 
P3: 1 -1 1 
P4: 0 0 -1 
P5: 0 0 0 
"];
44 [label = "P1: -2 -1 -1 
P3: -1 -2 0 
P4: -1 0 -1 
P5: -1 0 0 
"];
45 [label = "P1: -1 0 0 
P3: 0 -1 0 
P4: 0 0 0 
P5: 0 0 0 
"];
46 [label = "P1: -1 0 0 
P3: 0 -1 1 
P4: 0 0 0 
P5: 0 0 0 
"];
47 [label = "P1: -1 0 0 
P3: 0 -2 0 
P4: 0 0 -1 
P5: 0 0 0 
"];
48 [label = "P1: 0 0 0 
P3: 1 -1 0 
P4: 1 0 -1 
P5: 0 0 0 
"];
49 [label = "P1: 0 0 0 
P3: 1 -1 1 
P4: 1 0 -1 
P5: 0 0 0 
"];
50 [label = "P1: 0 0 0 
P3: 2 -1 1 
P4: 1 0 -1 
P5: 0 0 0 
"];
51 [label = "P1: -1 -1 -1 
",  style="filled", fillcolor = "#FF96FF"];
52 [label = "P3: -1 -2 0 
P4: -1 0 -1 
P5: -1 0 0 
"];
53 [label = "P3: 0 -2 0 
",  style="filled", fillcolor = "#FF96FF"];
54 [label = "P4: -1 0 -1 
P5: -1 0 0 
"];
55 [label = "P4: -1 0 -1 
", style="filled", fillcolor = "#9696FF"];
56 [label = "P5: 0 0 0 
",  style="filled", fillcolor = "#FF96FF"];
edge [style=bold];
0 -- 1 [color="#1E96FF", penwidth=4.0];

1 -- 2 [color="#1E96FF", penwidth=4.0];

2 -- 3 [color="#1E96FF", penwidth=4.0];

3 -- 4 [color="#1E96FF", penwidth=4.0];
3 -- 5 [color=black];

4 -- 5 [color=black];
4 -- 6 [color="#1E96FF", penwidth=4.0];

5 -- 6 [color=black];

6 -- 7 [color="#1E96FF", penwidth=4.0];
6 -- 8 [color=black];

7 -- 8 [color=black];
7 -- 9 [color=black];
7 -- 10 [color="#1E96FF", penwidth=4.0];

8 -- 9 [color=black];
8 -- 11 [color=black];


10 -- 12 [color="#1E96FF", penwidth=4.0];


12 -- 13 [color="#1E96FF", penwidth=4.0];

13 -- 14 [color=black];
13 -- 15 [color="#1E96FF", penwidth=4.0];

14 -- 15 [color=black];
14 -- 16 [color=black];

15 -- 17 [color="#1E96FF", penwidth=4.0];
15 -- 18 [color=black];

16 -- 19 [color=black];

17 -- 18 [color=black];
17 -- 20 [color="#1E96FF", penwidth=4.0];

18 -- 21 [color=black];


20 -- 22 [color="#1E96FF", penwidth=4.0];


22 -- 23 [color="#1E96FF", penwidth=4.0];
22 -- 24 [color=black];

23 -- 25 [color=black];
23 -- 26 [color="#1E96FF", penwidth=4.0];
23 -- 24 [color=black];


25 -- 27 [color=black];
25 -- 26 [color=black];

26 -- 28 [color=black];
26 -- 29 [color="#1E96FF", penwidth=4.0];


28 -- 29 [color=black];

29 -- 30 [color="#1E96FF", penwidth=4.0];

30 -- 31 [color="#1E96FF", penwidth=4.0];

31 -- 32 [color="#1E96FF", penwidth=4.0];
31 -- 33 [color=black];

32 -- 33 [color=black];
32 -- 34 [color="#1E96FF", penwidth=4.0];


34 -- 36 [color=black];
34 -- 35 [color=black];

36 -- 37 [color=black];
36 -- 38 [color="#1E96FF", penwidth=4.0];

37 -- 39 [color=black];

38 -- 39 [color=black];
38 -- 40 [color="#1E96FF", penwidth=4.0];
38 -- 41 [color=black];
38 -- 42 [color=black];

39 -- 43 [color=black];

40 -- 41 [color=black];
40 -- 44 [color="#1E96FF", penwidth=4.0];
40 -- 42 [color=black];
40 -- 45 [color=black];
40 -- 46 [color=black];

41 -- 47 [color=black];
41 -- 42 [color=black];
41 -- 45 [color=black];
41 -- 46 [color=black];
41 -- 48 [color=black];

42 -- 43 [color=black];
42 -- 46 [color=black];
42 -- 49 [color=black];

43 -- 49 [color=black];
43 -- 50 [color=black];

44 -- 52 [color="#1E96FF", penwidth=4.0];
44 -- 51 [color=black];







52 -- 54 [color="#1E96FF", penwidth=4.0];
52 -- 53 [color=black];

54 -- 56 [color=black];
54 -- 55 [color="#1E96FF", penwidth=4.0];

}
