digraph G {
color = "black"
0[label = "Index: 0 
P0: 0 0 0 
P1: 0 0 0 
P2: 0 0 0 
P3: 0 0 0 
", style="filled", fillcolor = "green"]
1[label = "Index: 1 
P0: 1 0 0 
P1: 0 0 0 
P2: 0 0 0 
P3: 0 0 0 
", color = "orange"]
2[label = "Index: 2 
P0: 2 0 0 
P1: 0 0 0 
P2: 0 0 0 
P3: 0 0 0 
"]
3[label = "Index: 3 
P0: 1 0 0 
P1: 0 -1 0 
P2: 0 0 0 
P3: 0 0 0 
", color = "orange"]
4[label = "Index: 4 
P0: 1 0 0 
P1: 0 -1 0 
P2: 0 0 1 
P3: 0 0 0 
", color = "orange"]
5[label = "Index: 5 
P0: 1 0 0 
P1: 0 -1 0 
P2: 0 1 1 
P3: 0 0 0 
", style="filled", fillcolor = "red"]
6[label = "Index: 6 
P0: 1 0 0 
P1: 0 0 0 
P2: 0 1 1 
P3: 0 0 0 
", color = "purple"]
7[label = "Index: 7 
P0: 0 0 0 
P1: 0 0 0 
P2: 0 1 1 
P3: 0 0 0 
"]
8[label = "Index: 8 
P0: 2 0 0 
P1: 0 0 0 
P2: 0 1 1 
P3: 0 0 0 
"]
9[label = "Index: 9 
P2: 0 1 1 
", color = "fuchsia"]
10[label = "Index: 10 
P0: 1 0 0 
P1: 0 -1 0 
P3: 0 0 0 
", color = "orange"]
11[label = "Index: 11 
P0: 1 0 0 
P1: 0 0 0 
P3: 0 0 0 
"]
12[label = "Index: 12 
P0: 1 0 0 
P1: 0 1 0 
P3: 0 0 0 
", color = "orange"]
13[label = "Index: 13 
P0: 0 0 0 
P1: 0 0 0 
P3: 0 0 0 
"]
14[label = "Index: 14 
P0: 2 0 0 
P1: 0 0 0 
P3: 0 0 0 
"]
15[label = "Index: 15 
P0: 2 0 0 
P1: 0 1 0 
P3: 0 0 0 
"]
16[label = "Index: 16 
P0: 2 0 0 
P1: 1 1 0 
P3: 0 0 0 
", color = "red"]
17[label = "Index: 17 
P1: 1 1 0 
", color = "fuchsia"]
18[label = "Index: 18 
P0: 2 0 0 
P3: 0 0 0 
", color = "orange"]
19[label = "Index: 19 
P0: 1 0 0 
P3: 0 0 0 
"]
20[label = "Index: 20 
P0: 0 0 0 
P3: 0 0 0 
", color = "red"]
21[label = "Index: 21 
P0: 0 0 0 
", style="filled", fillcolor = "blue"]
22[label = "Index: 22 
P3: 0 0 0 
", color = "fuchsia"]
0 -> 1
0 -> 2

1 -> 0
1 -> 2
1 -> 3

2 -> 0
2 -> 1

3 -> 1
3 -> 4

4 -> 3
4 -> 5
4 -> 6

5 -> 4
5 -> 6
5 -> 10
5 -> 9

6 -> 4
6 -> 5
6 -> 7
6 -> 8

7 -> 6

8 -> 6

10 -> 11
10 -> 12

11 -> 10
11 -> 13
11 -> 14
11 -> 12

12 -> 10
12 -> 11
12 -> 15
12 -> 16

13 -> 11
13 -> 14

14 -> 11
14 -> 13
14 -> 15

15 -> 12
15 -> 14
15 -> 16

16 -> 12
16 -> 15
16 -> 18
16 -> 17

18 -> 19
18 -> 20

19 -> 18
19 -> 20

20 -> 18
20 -> 19
20 -> 22
20 -> 21

}
