digraph G {
color = "black"
0[label = "Index: 0 
P0: 0 0 0 
P1: 0 0 0 
P2: 0 0 0 
P3: 0 0 0 
P4: 0 0 0 
", style="filled", fillcolor = "green"]
1[label = "Index: 1 
P0: 0 0 1 
P1: 0 0 0 
P2: 0 0 0 
P3: 0 0 0 
P4: 0 0 0 
", color = "orange"]
2[label = "Index: 2 
P0: 0 0 1 
P1: 0 1 0 
P2: 0 0 0 
P3: 0 0 0 
P4: 0 0 0 
", color = "orange"]
3[label = "Index: 3 
P0: 0 0 1 
P1: 0 1 0 
P2: 0 0 1 
P3: 0 0 0 
P4: 0 0 0 
", color = "orange"]
4[label = "Index: 4 
P0: 0 0 1 
P1: 0 1 0 
P2: 0 0 1 
P3: 0 -1 0 
P4: 0 0 0 
", color = "orange"]
5[label = "Index: 5 
P0: 0 0 2 
P1: 0 1 0 
P2: 0 0 1 
P3: 0 -1 0 
P4: 0 0 0 
"]
6[label = "Index: 6 
P0: 0 0 2 
P1: 0 1 0 
P2: 0 0 2 
P3: 0 -1 0 
P4: 0 0 0 
", color = "orange"]
7[label = "Index: 7 
P0: 0 -1 2 
P1: 0 0 0 
P2: 0 -1 2 
P3: 0 -2 0 
P4: 0 0 0 
", color = "orange"]
8[label = "Index: 8 
P0: 1 -1 2 
P1: 0 0 0 
P2: 1 -1 2 
P3: 1 -2 0 
P4: 0 0 0 
", color = "orange"]
9[label = "Index: 9 
P0: 1 -1 2 
P1: 0 0 0 
P2: 1 -1 1 
P3: 1 -2 0 
P4: 0 0 0 
", color = "orange"]
10[label = "Index: 10 
P0: 1 -1 1 
P1: 0 0 0 
P2: 1 -1 1 
P3: 1 -2 0 
P4: 0 0 0 
"]
11[label = "Index: 11 
P0: 1 -1 2 
P1: 0 0 0 
P2: 1 -1 2 
P3: 1 -2 1 
P4: 0 0 0 
"]
12[label = "Index: 12 
P0: 0 -1 2 
P1: 0 0 0 
P2: 1 -1 1 
P3: 1 -2 0 
P4: 0 0 0 
", color = "orange"]
13[label = "Index: 13 
P0: 1 -1 1 
P1: 0 0 0 
P2: 1 -1 1 
P3: 1 -1 0 
P4: 0 0 0 
"]
14[label = "Index: 14 
P0: 0 -1 2 
P1: 0 0 0 
P2: 1 -1 1 
P3: 1 -1 0 
P4: 0 0 0 
", color = "orange"]
15[label = "Index: 15 
P0: 0 -1 2 
P1: 0 0 0 
P2: 2 -1 1 
P3: 1 -1 0 
P4: 0 0 0 
", color = "orange"]
16[label = "Index: 16 
P0: 0 0 2 
P1: 0 0 0 
P2: 2 -1 1 
P3: 1 -1 0 
P4: 0 0 0 
", style="filled", fillcolor = "red"]
17[label = "Index: 17 
P0: 0 1 2 
P1: 0 0 0 
P2: 2 -1 1 
P3: 1 -1 0 
P4: 0 0 0 
", color = "purple"]
18[label = "Index: 18 
P0: 0 2 2 
P1: 0 0 0 
P2: 2 -1 1 
P3: 1 -1 0 
P4: 0 0 0 
", color = "purple"]
19[label = "Index: 19 
P0: 0 0 2 
P1: 0 1 0 
P2: 2 -1 1 
P3: 1 -1 0 
P4: 0 0 0 
"]
20[label = "Index: 20 
P0: 0 -1 2 
P1: 0 0 0 
P2: 2 -2 1 
P3: 1 -1 0 
P4: 0 0 0 
"]
21[label = "Index: 21 
P0: 0 -1 2 
P1: 0 0 0 
P2: 2 -2 1 
P3: 1 -2 0 
P4: 0 0 0 
"]
22[label = "Index: 22 
P0: 0 -1 2 
P1: 0 0 0 
P2: 2 -3 1 
P3: 1 -3 0 
P4: 0 0 0 
", color = "purple"]
23[label = "Index: 23 
P0: 0 -1 2 
P1: 0 0 0 
P2: 2 -4 1 
P3: 1 -4 0 
P4: 0 0 0 
", color = "purple"]
24[label = "Index: 24 
P0: 0 1 2 
P1: 0 1 0 
P2: 2 -1 1 
P3: 1 -1 0 
P4: 0 0 0 
", color = "purple"]
25[label = "Index: 25 
P0: 0 2 2 
P1: 0 1 0 
P2: 2 -1 1 
P3: 1 -1 0 
P4: 0 0 0 
", color = "purple"]
26[label = "Index: 26 
P0: 0 0 2 
P1: 0 1 0 
P2: 2 -2 1 
P3: 1 -1 0 
P4: 0 0 0 
"]
27[label = "Index: 27 
P0: 0 0 2 
P1: 0 1 0 
P2: 2 -2 1 
P3: 1 -2 0 
P4: 0 0 0 
"]
28[label = "Index: 28 
P0: 0 0 2 
P1: 0 1 0 
P2: 2 -3 1 
P3: 1 -3 0 
P4: 0 0 0 
", color = "purple"]
29[label = "Index: 29 
P0: 0 0 2 
P1: 0 0 0 
P2: 2 -2 1 
P3: 1 -1 0 
P4: 0 0 0 
", color = "purple"]
30[label = "Index: 30 
P0: 0 1 2 
P1: 0 0 0 
P2: 2 -2 1 
P3: 1 -1 0 
P4: 0 0 0 
", color = "purple"]
31[label = "Index: 31 
P0: 0 -1 2 
P1: 0 0 0 
P2: 2 -3 1 
P3: 1 -2 0 
P4: 0 0 0 
"]
32[label = "Index: 32 
P0: 0 -1 2 
P1: 0 0 0 
P2: 2 -4 1 
P3: 1 -3 0 
P4: 0 0 0 
", color = "purple"]
33[label = "Index: 33 
P0: 0 0 2 
P1: 0 0 0 
P2: 2 -2 1 
P3: 1 -2 0 
P4: 0 0 0 
", color = "purple"]
34[label = "Index: 34 
P0: 0 1 2 
P1: 0 0 0 
P2: 2 -2 1 
P3: 1 -2 0 
P4: 0 0 0 
", color = "purple"]
35[label = "Index: 35 
P0: 1 -1 2 
P1: 0 0 0 
P2: 2 -3 1 
P3: 1 -3 0 
P4: 0 0 0 
", color = "purple"]
36[label = "Index: 36 
P0: 2 -1 2 
P1: 0 0 0 
P2: 2 -3 1 
P3: 1 -3 0 
P4: 0 0 0 
"]
37[label = "Index: 37 
P0: 0 0 2 
P1: 0 0 0 
P2: 2 -3 1 
P3: 1 -3 0 
P4: 0 0 0 
", color = "purple"]
38[label = "Index: 38 
P0: 1 1 2 
P1: 0 1 0 
P2: 2 -1 1 
P3: 1 -1 0 
P4: 0 0 0 
", color = "purple"]
39[label = "Index: 39 
P0: 1 0 2 
P1: 0 1 0 
P2: 2 -2 1 
P3: 1 -1 0 
P4: 0 0 0 
"]
40[label = "Index: 40 
P0: 0 1 2 
P1: 0 1 0 
P2: 2 -2 1 
P3: 1 -1 0 
P4: 0 0 0 
", color = "purple"]
41[label = "Index: 41 
P0: 0 0 2 
P1: 0 1 0 
P2: 2 -3 1 
P3: 1 -2 0 
P4: 0 0 0 
"]
42[label = "Index: 42 
P0: 0 0 2 
P1: 0 0 0 
P2: 2 -3 1 
P3: 1 -2 0 
P4: 0 0 0 
", color = "purple"]
43[label = "Index: 43 
P0: 1 0 2 
P1: 0 1 0 
P2: 2 -2 1 
P3: 1 -2 0 
P4: 0 0 0 
"]
44[label = "Index: 44 
P0: 2 0 2 
P1: 0 1 0 
P2: 2 -2 1 
P3: 1 -2 0 
P4: 0 0 0 
", color = "purple"]
45[label = "Index: 45 
P0: 0 1 2 
P1: 0 1 0 
P2: 2 -2 1 
P3: 1 -2 0 
P4: 0 0 0 
", color = "purple"]
46[label = "Index: 46 
P0: 1 0 2 
P1: 0 0 0 
P2: 2 -2 1 
P3: 1 -1 0 
P4: 0 0 0 
", color = "purple"]
47[label = "Index: 47 
P0: 1 -1 2 
P1: 0 0 0 
P2: 2 -3 1 
P3: 1 -2 0 
P4: 0 0 0 
"]
48[label = "Index: 48 
P0: 1 0 2 
P1: 0 0 0 
P2: 2 -2 1 
P3: 1 -2 0 
P4: 0 0 0 
", color = "purple"]
49[label = "Index: 49 
P0: 1 1 3 
P1: 0 1 0 
P2: 2 -1 1 
P3: 1 -1 0 
P4: 0 0 0 
"]
50[label = "Index: 50 
P0: 1 1 2 
P1: 1 1 0 
P2: 2 -1 1 
P3: 1 -1 0 
P4: 0 0 0 
"]
51[label = "Index: 51 
P0: 1 1 2 
P1: 0 0 0 
P2: 2 -1 1 
P3: 1 -1 0 
P4: 0 0 0 
"]
52[label = "Index: 52 
P0: 1 1 2 
P1: 0 1 0 
P2: 1 -1 1 
P3: 1 -1 0 
P4: 0 0 0 
"]
53[label = "Index: 53 
P0: 2 0 2 
P1: 0 0 0 
P2: 2 -2 1 
P3: 1 -2 0 
P4: 0 0 0 
"]
54[label = "Index: 54 
P0: 1 0 3 
P1: 0 0 0 
P2: 2 -2 1 
P3: 1 -1 0 
P4: 0 0 0 
"]
55[label = "Index: 55 
P0: 1 0 3 
P1: 0 0 0 
P2: 2 -2 1 
P3: 1 -2 0 
P4: 0 0 0 
"]
56[label = "Index: 56 
P0: 0 0 2 
", color = "fuchsia"]
57[label = "Index: 57 
P1: 0 0 0 
P2: 2 -1 1 
P3: 1 -1 0 
P4: 0 0 0 
", color = "red"]
58[label = "Index: 58 
P1: 0 1 0 
P2: 2 -1 1 
P3: 1 -1 0 
P4: 0 0 0 
"]
59[label = "Index: 59 
P2: 2 -1 1 
", color = "fuchsia"]
60[label = "Index: 60 
P1: 0 0 0 
P3: 1 -1 0 
P4: 0 0 0 
", color = "red"]
61[label = "Index: 61 
P1: 0 1 0 
P3: 1 -1 0 
P4: 0 0 0 
"]
62[label = "Index: 62 
P3: 1 -1 0 
", color = "fuchsia"]
63[label = "Index: 63 
P1: 0 0 0 
P4: 0 0 0 
", color = "orange"]
64[label = "Index: 64 
P1: 0 1 0 
P4: 0 0 0 
", color = "orange"]
65[label = "Index: 65 
P1: 1 1 0 
P4: 0 0 0 
", color = "red"]
66[label = "Index: 66 
P1: 1 1 0 
", style="filled", fillcolor = "blue"]
67[label = "Index: 67 
P4: 0 0 0 
", color = "fuchsia"]
0 -> 1

1 -> 0
1 -> 2

2 -> 1
2 -> 3

3 -> 2
3 -> 4

4 -> 3
4 -> 5
4 -> 6

5 -> 4
5 -> 6

6 -> 4
6 -> 5
6 -> 7

7 -> 6
7 -> 8

8 -> 7
8 -> 9
8 -> 10
8 -> 11

9 -> 8
9 -> 12
9 -> 10
9 -> 11

10 -> 8
10 -> 9
10 -> 13
10 -> 11

11 -> 8
11 -> 9
11 -> 10

12 -> 9
12 -> 14

13 -> 10

14 -> 12
14 -> 15

15 -> 14
15 -> 16
15 -> 17
15 -> 18
15 -> 19
15 -> 20
15 -> 21
15 -> 22
15 -> 23

16 -> 15
16 -> 19
16 -> 20
16 -> 21
16 -> 57
16 -> 56

17 -> 15

18 -> 15

19 -> 15
19 -> 24
19 -> 25
19 -> 16
19 -> 26
19 -> 20
19 -> 27
19 -> 28
19 -> 21

20 -> 15
20 -> 19
20 -> 29
20 -> 30
20 -> 26
20 -> 16
20 -> 21
20 -> 31
20 -> 32

21 -> 15
21 -> 19
21 -> 20
21 -> 33
21 -> 34
21 -> 27
21 -> 31
21 -> 22
21 -> 23
21 -> 16

22 -> 15
22 -> 21
22 -> 35
22 -> 36
22 -> 37
22 -> 28
22 -> 32
22 -> 27
22 -> 31

23 -> 15
23 -> 21

24 -> 19
24 -> 26
24 -> 27
24 -> 38

25 -> 19

26 -> 19
26 -> 20
26 -> 39
26 -> 40
26 -> 29
26 -> 24
26 -> 27
26 -> 41
26 -> 42
26 -> 31

27 -> 19
27 -> 21
27 -> 26
27 -> 43
27 -> 44
27 -> 45
27 -> 33
27 -> 41
27 -> 42
27 -> 31
27 -> 28
27 -> 24
27 -> 37
27 -> 22

28 -> 19
28 -> 22
28 -> 27
28 -> 37
28 -> 32
28 -> 41

29 -> 20
29 -> 26
29 -> 31
29 -> 46

30 -> 20

31 -> 20
31 -> 21
31 -> 26
31 -> 27
31 -> 47
31 -> 42
31 -> 41
31 -> 33
31 -> 22
31 -> 32
31 -> 29

32 -> 20
32 -> 22
32 -> 28
32 -> 31
32 -> 37
32 -> 41

33 -> 21
33 -> 27
33 -> 31
33 -> 48

34 -> 21

35 -> 22
35 -> 43
35 -> 47
35 -> 36

36 -> 22
36 -> 35

37 -> 22
37 -> 27
37 -> 28
37 -> 32

38 -> 39
38 -> 43
38 -> 24
38 -> 49
38 -> 50
38 -> 51
38 -> 52

39 -> 26
39 -> 46
39 -> 38
39 -> 43
39 -> 47

40 -> 26
40 -> 41

41 -> 26
41 -> 27
41 -> 31
41 -> 42
41 -> 45
41 -> 28
41 -> 40
41 -> 32

42 -> 26
42 -> 27
42 -> 31
42 -> 41

43 -> 27
43 -> 39
43 -> 44
43 -> 48
43 -> 47
43 -> 38
43 -> 35

44 -> 27
44 -> 43
44 -> 53

45 -> 27
45 -> 41

46 -> 39
46 -> 47
46 -> 29
46 -> 54

47 -> 31
47 -> 39
47 -> 43
47 -> 48
