graph G {
color = "black"
0 [label = "P1: 0 0 0 
P2: 0 0 0 
P3: 0 0 0 
",  style="filled", fillcolor = "#96FF96"];
1 [label = "P1: 0 0 1 
P2: 0 0 0 
P3: 0 0 0 
"];
2 [label = "P1: 0 0 1 
P2: -1 0 0 
P3: 0 0 0 
"];
3 [label = "P1: 0 0 2 
P2: -1 0 0 
P3: 0 0 0 
"];
4 [label = "P1: 0 0 2 
P2: -1 0 0 
P3: 1 0 0 
"];
5 [label = "P1: 0 0 3 
P2: -1 0 0 
P3: 1 0 0 
"];
6 [label = "P1: 0 0 3 
P2: -2 0 0 
P3: 1 0 0 
"];
7 [label = "P1: -1 0 3 
P2: -1 0 0 
P3: 0 0 0 
"];
8 [label = "P1: -1 0 3 
P2: -3 0 -1 
P3: 0 0 0 
"];
9 [label = "P1: 0 0 3 
P2: -2 0 0 
P3: 1 0 1 
"];
10 [label = "P1: 1 0 3 
P2: -2 0 0 
P3: 1 0 1 
"];
11 [label = "P1: 1 0 3 
P2: -2 1 0 
P3: 1 0 1 
"];
12 [label = "P1: 1 0 3 
P2: -2 1 0 
P3: 2 0 1 
"];
13 [label = "P1: 1 0 4 
P2: -2 1 0 
P3: 2 0 1 
",  style="filled", fillcolor = "#FF9696"];
14 [label = "P1: -1 0 2 
P2: -4 2 -1 
P3: 0 0 0 
",  style="filled", fillcolor = "#FF9696"];
15 [label = "P1: 0 0 2 
P2: -4 2 -1 
P3: 0 0 0 
"];
16 [label = "P1: -1 0 3 
P2: -4 2 -1 
P3: 0 0 0 
"];
17 [label = "P1: -1 0 3 
",  style="filled", fillcolor = "#FF96FF"];
18 [label = "P2: -2 1 0 
P3: 2 0 1 
"];
19 [label = "P2: -2 1 0 
", style="filled", fillcolor = "#9696FF"];
20 [label = "P3: 0 0 0 
",  style="filled", fillcolor = "#FF96FF"];
edge [style=bold];
0 -- 1 [color="#1E96FF", penwidth=4.0];

1 -- 2 [color="#1E96FF", penwidth=4.0];

2 -- 3 [color="#1E96FF", penwidth=4.0];

3 -- 4 [color="#1E96FF", penwidth=4.0];

4 -- 5 [color="#1E96FF", penwidth=4.0];

5 -- 6 [color="#1E96FF", penwidth=4.0];
5 -- 7 [color=black];

6 -- 7 [color=black];
6 -- 8 [color=black];
6 -- 9 [color="#1E96FF", penwidth=4.0];


8 -- 9 [color=black];

9 -- 10 [color="#1E96FF", penwidth=4.0];

10 -- 11 [color="#1E96FF", penwidth=4.0];

11 -- 12 [color="#1E96FF", penwidth=4.0];

12 -- 13 [color="#1E96FF", penwidth=4.0];
12 -- 14 [color=black];

13 -- 18 [color="#1E96FF", penwidth=4.0];
13 -- 17 [color=black];

14 -- 15 [color=black];
14 -- 16 [color=black];



18 -- 20 [color=black];
18 -- 19 [color="#1E96FF", penwidth=4.0];

}
