graph G {
color = "black"
0 [label = "P1: 0 0 0 
P2: 0 0 0 
P3: 0 0 0 
P4: 0 0 0 
P5: 0 0 0 
",  style="filled", fillcolor = "#96FF96"];
1 [label = "P1: -1 0 0 
P2: 0 0 0 
P3: 0 0 0 
P4: 0 0 0 
P5: 0 0 0 
"];
2 [label = "P1: -1 0 0 
P2: 0 0 1 
P3: 0 0 0 
P4: 0 0 0 
P5: 0 0 0 
"];
3 [label = "P1: -1 0 0 
P2: 0 0 1 
P3: 0 -1 0 
P4: 0 0 0 
P5: 0 0 0 
"];
4 [label = "P1: -1 0 0 
P2: 0 0 1 
P3: 0 -1 0 
P4: 0 0 -1 
P5: 0 0 0 
"];
5 [label = "P1: -1 0 -1 
P2: 0 0 1 
P3: 0 -1 0 
P4: 0 0 -1 
P5: 0 0 0 
"];
6 [label = "P1: -1 0 -1 
P2: 0 0 1 
P3: 0 -1 0 
P4: 0 0 -2 
P5: 0 0 0 
"];
7 [label = "P1: -1 0 0 
P2: 0 0 1 
P3: 0 -1 0 
P4: 0 0 -1 
P5: -1 0 0 
"];
8 [label = "P1: -1 -1 -1 
P2: 0 -1 1 
P3: 0 -2 0 
P4: 0 -1 -2 
P5: 0 0 0 
"];
9 [label = "P1: -1 0 0 
P2: 0 0 2 
P3: 0 -1 0 
P4: 0 0 -1 
P5: -1 0 0 
"];
10 [label = "P1: 0 0 0 
P2: 1 0 2 
P3: 1 -1 1 
P4: 1 0 -1 
P5: 0 0 0 
"];
11 [label = "P1: -1 0 0 
P2: 0 0 2 
P3: 0 -2 0 
P4: 0 0 -1 
P5: -1 0 0 
"];
12 [label = "P1: 0 0 0 
P2: 1 0 3 
P3: 1 -1 1 
P4: 1 0 -1 
P5: 0 0 0 
"];
13 [label = "P1: -1 0 0 
P2: 0 0 2 
P3: 1 -2 0 
P4: 0 0 -1 
P5: -1 0 0 
"];
14 [label = "P1: -1 0 0 
P2: 0 0 3 
P3: 1 -2 0 
P4: 0 0 -1 
P5: -1 0 0 
"];
15 [label = "P1: -1 0 0 
P2: -1 0 3 
P3: 0 -2 0 
P4: 0 0 -1 
P5: -1 0 0 
"];
16 [label = "P1: -1 0 0 
P2: 0 0 3 
P3: 1 -2 0 
P4: 0 0 -1 
P5: 0 0 0 
"];
17 [label = "P1: 0 0 0 
P2: 0 1 3 
P3: 1 -2 0 
P4: 1 0 -1 
P5: 0 0 0 
"];
18 [label = "P1: -1 0 0 
P2: -1 1 3 
P3: 0 -1 0 
P4: 0 0 -1 
P5: -1 0 0 
"];
19 [label = "P1: 0 0 0 
P2: 0 1 3 
P3: 2 -2 0 
P4: 1 0 -1 
P5: 0 0 0 
"];
20 [label = "P1: 0 0 0 
P2: 0 1 3 
P3: 1 -1 1 
P4: 1 0 -1 
P5: 0 0 0 
"];
21 [label = "P1: -1 0 0 
P2: -1 1 4 
P3: 0 -1 1 
P4: 0 0 -1 
P5: -1 0 0 
"];
22 [label = "P1: 0 0 0 
P2: 1 1 4 
P3: 2 -1 1 
P4: 1 0 -1 
P5: 0 0 0 
"];
23 [label = "P1: -2 0 0 
P2: -1 1 4 
P3: 0 -1 1 
P4: -1 0 -1 
P5: -1 0 0 
"];
24 [label = "P1: -2 0 0 
P2: -1 1 4 
P3: 0 -1 1 
P4: -1 0 -1 
P5: -1 0 1 
"];
25 [label = "P1: -2 0 0 
P2: -1 2 4 
P3: 0 -1 1 
P4: -1 0 -1 
P5: -1 1 1 
"];
2525 [label = "P1: -2 0 0 
P2: -∞ 2 4 
P3: 0 -1 1 
P4: -1 0 -1 
P5: -1 1 1 
",  style="filled", fillcolor = "#FF9696"];
26 [label = "P1: -1 -1 -1 
P2: 0 0 3 
P3: 1 -2 0 
P4: 0 -1 -2 
P5: 0 0 0 
"];
edge [style=bold];
0 -- 1 [color="#1E96FF", penwidth=4.0];

1 -- 2 [color="#1E96FF", penwidth=4.0];

2 -- 3 [color="#1E96FF", penwidth=4.0];

3 -- 4 [color="#1E96FF", penwidth=4.0];
3 -- 5 [color=black];

4 -- 5 [color=black];
4 -- 6 [color=black];
4 -- 7 [color="#1E96FF", penwidth=4.0];

5 -- 6 [color=black];

6 -- 8 [color=black];

7 -- 9 [color="#1E96FF", penwidth=4.0];
7 -- 10 [color=black];


9 -- 11 [color="#1E96FF", penwidth=4.0];
9 -- 10 [color=black];
9 -- 12 [color=black];

10 -- 12 [color=black];

11 -- 13 [color="#1E96FF", penwidth=4.0];


13 -- 14 [color="#1E96FF", penwidth=4.0];

14 -- 15 [color="#1E96FF", penwidth=4.0];
14 -- 16 [color=black];

15 -- 17 [color=black];
15 -- 18 [color="#1E96FF", penwidth=4.0];
15 -- 16 [color=black];


17 -- 19 [color=black];
17 -- 18 [color=black];

18 -- 20 [color=black];
18 -- 21 [color="#1E96FF", penwidth=4.0];


20 -- 21 [color=black];

21 -- 22 [color=black];
21 -- 23 [color="#1E96FF", penwidth=4.0];

22 -- 23 [color=black];

23 -- 24 [color="#1E96FF", penwidth=4.0];

24 -- 25 [color="#1E96FF", penwidth=4.0];
24 -- 26 [color=black];

25 -- 26 [color=black];

25 -- 2525 [color="#1E96FF", penwidth=4.0];

}
