digraph G {
color = "black"
0[label = "Index: 0 
P0: 0 0 0 
P1: 0 0 0 
P2: 0 0 0 
P3: 0 0 0 
", style="filled", fillcolor = "green"]
1[label = "Index: 1 
P0: 1 0 0 
P1: 0 0 0 
P2: 0 0 0 
P3: 0 0 0 
"]
2[label = "Index: 2 
P0: 2 0 0 
P1: 0 0 0 
P2: 0 0 0 
P3: 0 0 0 
", color = "orange"]
3[label = "Index: 3 
P0: 2 0 0 
P1: 0 -1 0 
P2: 0 0 0 
P3: 0 0 0 
", color = "orange"]
4[label = "Index: 4 
P0: 2 0 0 
P1: 0 -1 0 
P2: 0 0 1 
P3: 0 0 0 
", color = "orange"]
5[label = "Index: 5 
P0: 2 0 0 
P1: 0 -2 0 
P2: 0 0 1 
P3: 0 0 0 
", color = "orange"]
6[label = "Index: 6 
P0: 2 0 0 
P1: 0 -2 0 
P2: 0 0 2 
P3: 0 0 0 
", color = "orange"]
7[label = "Index: 7 
P0: 2 0 0 
P1: -1 -2 0 
P2: -1 0 2 
P3: 0 0 0 
", style="filled", fillcolor = "red"]
8[label = "Index: 8 
P0: 2 0 0 
P1: -2 -2 0 
P2: -2 0 2 
P3: 0 0 0 
", color = "purple"]
9[label = "Index: 9 
P0: 1 0 0 
P1: -1 -2 0 
P2: -1 0 2 
P3: 0 0 0 
", color = "purple"]
10[label = "Index: 10 
P0: 0 0 0 
P1: -2 -2 0 
P2: -2 0 2 
P3: 0 0 0 
", color = "purple"]
11[label = "Index: 11 
P0: 1 0 0 
P1: -2 -2 0 
P2: -2 0 2 
P3: 0 0 0 
"]
12[label = "Index: 12 
P0: 2 0 0 
", color = "fuchsia"]
13[label = "Index: 13 
P1: -1 -2 0 
P2: -1 0 2 
P3: 0 0 0 
", color = "red"]
14[label = "Index: 14 
P1: -1 -2 0 
", color = "fuchsia"]
15[label = "Index: 15 
P2: -1 0 2 
P3: 0 0 0 
", color = "orange"]
16[label = "Index: 16 
P2: -2 0 2 
P3: 0 0 0 
", color = "orange"]
17[label = "Index: 17 
P2: 0 0 2 
P3: 0 0 0 
"]
18[label = "Index: 18 
P2: -2 -1 2 
P3: 0 0 0 
", color = "red"]
19[label = "Index: 19 
P2: -2 -2 2 
P3: 0 0 0 
"]
20[label = "Index: 20 
P2: -2 1 2 
P3: 0 0 0 
"]
21[label = "Index: 21 
P2: -2 0 1 
P3: 0 0 0 
"]
22[label = "Index: 22 
P2: 0 0 1 
P3: 0 0 0 
"]
23[label = "Index: 23 
P2: 0 0 0 
P3: 0 0 0 
"]
24[label = "Index: 24 
P2: -2 -1 2 
", style="filled", fillcolor = "blue"]
25[label = "Index: 25 
P3: 0 0 0 
", color = "fuchsia"]
0 -> 1
0 -> 2

1 -> 0
1 -> 2

2 -> 0
2 -> 1
2 -> 3

3 -> 2
3 -> 4

4 -> 3
4 -> 5

5 -> 4
5 -> 6

6 -> 5
6 -> 7
6 -> 8
6 -> 9
6 -> 10

7 -> 6
7 -> 9
7 -> 13
7 -> 12

8 -> 6
8 -> 10

9 -> 6
9 -> 7

10 -> 6
10 -> 11
10 -> 8

11 -> 10

13 -> 15
13 -> 14

15 -> 16
15 -> 17

16 -> 15
16 -> 17
16 -> 18
16 -> 19
16 -> 20
16 -> 21

17 -> 15
17 -> 16
17 -> 22
17 -> 23

18 -> 16
18 -> 25
18 -> 24

19 -> 16

20 -> 16

21 -> 16

22 -> 17

23 -> 17

}
