graph G {
color = "black"
0 [label = "P1: 0 0 0 
P2: 0 0 0 
P3: 0 0 0 
P4: 0 0 0 
",  style="filled", fillcolor = "#96FF96"];
1 [label = "P1: 1 0 0 
P2: 0 0 0 
P3: 0 0 0 
P4: 0 0 0 
"];
2 [label = "P1: 2 0 0 
P2: 0 0 0 
P3: 0 0 0 
P4: 0 0 0 
"];
3 [label = "P1: 2 0 0 
P2: 0 1 0 
P3: 0 0 0 
P4: 0 0 0 
"];
4 [label = "P1: 2 0 0 
P2: 0 1 0 
P3: 0 1 0 
P4: 0 0 0 
"];
5 [label = "P1: 3 0 0 
P2: 0 1 0 
P3: 0 1 0 
P4: 0 0 0 
"];
6 [label = "P1: 3 -1 0 
P2: 0 1 0 
P3: 0 1 0 
P4: 0 0 0 
"];
66 [label = "P1: +∞ -1 0 
P2: 0 1 0 
P3: 0 1 0 
P4: 0 0 0 
",  style="filled", fillcolor = "#FF9696"];
7 [label = "P1: 3 0 -1 
P2: 0 1 0 
P3: 0 1 0 
P4: 0 0 0 
"];
77 [label = "P1: +∞ 0 -1 
P2: 0 1 0 
P3: 0 1 0 
P4: 0 0 0 
",  style="filled", fillcolor = "#FF9696"];
8 [label = "P1: 3 0 0 
P2: 0 2 0 
P3: 0 1 0 
P4: 0 0 0 
"];
9 [label = "P1: 3 -1 0 
P2: 0 1 0 
P3: 0 0 0 
P4: 0 0 0 
"];
99 [label = "P1: +∞ -1 0 
P2: 0 1 0 
P3: 0 0 0 
P4: 0 0 0 
",  style="filled", fillcolor = "#FF9696"];
10 [label = "P1: 3 0 0 
P2: 0 2 0 
P3: 0 2 0 
P4: 0 0 0 
"];
11 [label = "P1: 3 -1 0 
P2: 0 0 0 
P3: 0 0 0 
P4: 0 0 0 
"];
1111 [label = "P1: +∞ -1 0 
P2: 0 0 0 
P3: 0 0 0 
P4: 0 0 0 
",  style="filled", fillcolor = "#FF9696"];
12 [label = "P1: 3 -2 0 
P2: 0 0 0 
P3: 0 0 0 
P4: 0 0 0 
"];
1212 [label = "P1: +∞ -2 0 
P2: 0 0 0 
P3: 0 0 0 
P4: 0 0 0 
",  style="filled", fillcolor = "#FF9696"];
edge [style=bold];
0 -- 1 [color=black];
0 -- 2 [color="#1E96FF", penwidth=4.0];

1 -- 2 [color=black];

2 -- 3 [color=black];
2 -- 4 [color="#1E96FF", penwidth=4.0];

3 -- 4 [color=black];

4 -- 5 [color="#1E96FF", penwidth=4.0];

5 -- 6 [color="#1E96FF", penwidth=4.0];
5 -- 7 [color=black];
5 -- 8 [color=black];
5 -- 9 [color=black];
5 -- 10 [color=black];
5 -- 11 [color=black];

6 -- 8 [color=black];
6 -- 10 [color=black];

6 -- 66 [color="#1E96FF", penwidth=4.0];

7 -- 77 [color=black];
8 -- 10 [color=black];
8 -- 9 [color=black];


9 -- 99 [color=black];
10 -- 12 [color=black];


11 -- 1111 [color=black];

12 -- 1212 [color=black];
}
