digraph G {
color = "black"
0[label = "Index: 0 
P0: 0 0 0 
P1: 0 0 0 
P2: 0 0 0 
", style="filled", fillcolor = "green"]
1[label = "Index: 1 
P0: -1 0 0 
P1: 0 0 0 
P2: 0 0 0 
", color = "orange"]
2[label = "Index: 2 
P0: -1 0 0 
P1: 0 1 0 
P2: 0 0 0 
", color = "orange"]
3[label = "Index: 3 
P0: -1 0 -1 
P1: 0 1 -1 
P2: 0 0 0 
", color = "orange"]
4[label = "Index: 4 
P0: -2 0 -1 
P1: 0 1 -1 
P2: 0 0 0 
", color = "orange"]
5[label = "Index: 5 
P0: -2 1 -1 
P1: 0 1 -1 
P2: 0 0 0 
", color = "orange"]
6[label = "Index: 6 
P0: -2 1 0 
P1: 0 1 0 
P2: 0 0 0 
", style="filled", fillcolor = "red"]
7[label = "Index: 7 
P0: -2 1 0 
P1: 0 2 0 
P2: 0 0 0 
"]
8[label = "Index: 8 
P2: 0 0 0 
", color = "fuchsia"]
9[label = "Index: 9 
P0: -2 1 0 
P1: 0 1 0 
", color = "orange"]
10[label = "Index: 10 
P0: -1 1 0 
P1: 0 1 0 
", color = "orange"]
11[label = "Index: 11 
P0: 0 1 0 
P1: 0 1 0 
"]
12[label = "Index: 12 
P0: -2 0 0 
P1: 0 1 0 
"]
13[label = "Index: 13 
P0: -1 0 0 
P1: 0 1 0 
"]
14[label = "Index: 14 
P0: -1 2 0 
P1: 0 1 0 
", color = "red"]
15[label = "Index: 15 
P1: 0 1 0 
", style="filled", fillcolor = "blue"]
16[label = "Index: 16 
P0: -1 2 0 
", color = "fuchsia"]
0 -> 1

1 -> 0
1 -> 2

2 -> 1
2 -> 3

3 -> 2
3 -> 4

4 -> 3
4 -> 5

5 -> 4
5 -> 6

6 -> 5
6 -> 7
6 -> 8
6 -> 9

7 -> 6

9 -> 10
9 -> 11
9 -> 12

10 -> 9
10 -> 11
10 -> 13
10 -> 14

11 -> 9
11 -> 10

12 -> 9
12 -> 13

13 -> 10
13 -> 12
13 -> 14

14 -> 10
14 -> 13
14 -> 15
14 -> 16

}
