digraph G {
color = "black"
0[label = "Index: 0 
P0: 0 0 0 
P1: 0 0 0 
P2: 0 0 0 
P3: 0 0 0 
", style="filled", fillcolor = "green"]
1[label = "Index: 1 
P0: 0 1 0 
P1: 0 0 0 
P2: 0 0 0 
P3: 0 0 0 
", color = "orange"]
2[label = "Index: 2 
P0: 0 1 0 
P1: 1 0 0 
P2: 0 0 0 
P3: 0 0 0 
", color = "orange"]
3[label = "Index: 3 
P0: 0 1 0 
P1: 1 0 0 
P2: 0 0 1 
P3: 0 0 0 
", color = "orange"]
4[label = "Index: 4 
P0: 0 2 0 
P1: 1 0 0 
P2: 0 0 1 
P3: 0 0 0 
", color = "orange"]
5[label = "Index: 5 
P0: 1 2 0 
P1: 1 0 0 
P2: 0 0 1 
P3: 0 0 0 
", style="filled", fillcolor = "red"]
6[label = "Index: 6 
P0: 2 2 0 
P1: 1 0 0 
P2: 0 0 1 
P3: 0 0 0 
", color = "purple"]
7[label = "Index: 7 
P0: 1 2 0 
P1: 2 0 0 
P2: 0 0 1 
P3: 0 0 0 
", color = "purple"]
8[label = "Index: 8 
P0: 2 2 0 
P1: 3 0 0 
P2: 0 0 1 
P3: 0 0 0 
", color = "purple"]
9[label = "Index: 9 
P0: 1 2 0 
P1: 2 0 0 
P2: 1 0 1 
P3: 0 0 0 
", color = "purple"]
10[label = "Index: 10 
P0: 2 2 0 
P1: 3 0 0 
P2: 2 0 1 
P3: 0 0 0 
", color = "purple"]
11[label = "Index: 11 
P0: 2 2 0 
P1: 2 0 0 
P2: 0 0 1 
P3: 0 0 0 
"]
12[label = "Index: 12 
P0: 1 2 0 
P1: 2 1 0 
P2: 0 0 1 
P3: 0 0 0 
"]
13[label = "Index: 13 
P0: 1 2 0 
P1: 2 0 1 
P2: 0 0 1 
P3: 0 0 0 
"]
14[label = "Index: 14 
P0: 2 2 0 
P1: 2 0 0 
P2: 1 0 1 
P3: 0 0 0 
"]
15[label = "Index: 15 
P0: 1 2 0 
P1: 2 1 0 
P2: 1 0 1 
P3: 0 0 0 
"]
16[label = "Index: 16 
P0: 1 2 0 
P1: 2 0 1 
P2: 1 0 1 
P3: 0 0 0 
"]
17[label = "Index: 17 
P0: 2 2 0 
P1: 3 0 0 
P2: 1 0 1 
P3: 0 0 0 
"]
18[label = "Index: 18 
P0: 1 3 0 
P1: 2 1 0 
P2: 1 0 1 
P3: 0 0 0 
"]
19[label = "Index: 19 
P0: 1 2 0 
", color = "fuchsia"]
20[label = "Index: 20 
P1: 1 0 0 
P2: 0 0 1 
P3: 0 0 0 
", color = "red"]
21[label = "Index: 21 
P1: 1 0 0 
", color = "fuchsia"]
22[label = "Index: 22 
P2: 0 0 1 
P3: 0 0 0 
", color = "red"]
23[label = "Index: 23 
P2: 0 0 1 
", style="filled", fillcolor = "blue"]
24[label = "Index: 24 
P3: 0 0 0 
", color = "fuchsia"]
0 -> 1

1 -> 0
1 -> 2

2 -> 1
2 -> 3

3 -> 2
3 -> 4

4 -> 3
4 -> 5
4 -> 6
4 -> 7
4 -> 8
4 -> 9
4 -> 10

5 -> 4
5 -> 7
5 -> 20
5 -> 19

6 -> 4

7 -> 4
7 -> 11
7 -> 5
7 -> 12
7 -> 13
7 -> 9

8 -> 4

9 -> 4
9 -> 14
9 -> 15
9 -> 16
9 -> 17
9 -> 18
9 -> 7

10 -> 4

11 -> 7

12 -> 7

13 -> 7

14 -> 9

15 -> 9

16 -> 9

17 -> 9

18 -> 9

20 -> 22
20 -> 21

22 -> 24
22 -> 23

}
