graph G {
color = "black"
0 [label = "P1: 0 0 0 
P2: 0 0 0 
P3: 0 0 0 
",  style="filled", fillcolor = "#96FF96"];
1 [label = "P1: 0 0 0 
P2: 0 -1 0 
P3: 0 0 0 
"];
2 [label = "P1: 0 0 -1 
P2: 0 -1 0 
P3: 0 0 0 
"];
3 [label = "P1: 0 0 -1 
P2: 0 -2 0 
P3: 0 0 0 
"];
4 [label = "P1: 0 0 -2 
P2: 0 -2 0 
P3: 0 0 0 
"];
5 [label = "P1: 0 0 -2 
P2: 0 -2 -1 
P3: 0 0 0 
"];
6 [label = "P1: 0 0 -3 
P2: 0 -2 -1 
P3: 0 0 0 
"];
7 [label = "P1: -1 0 -3 
P2: 0 -2 -1 
P3: 0 0 0 
"];
8 [label = "P1: -1 0 -4 
P2: 0 -2 -1 
P3: 0 0 0 
"];
9 [label = "P1: -1 0 -3 
P2: 0 -2 0 
P3: 0 0 0 
"];
10 [label = "P1: -2 0 -4 
P2: 0 -2 -1 
P3: 0 0 0 
",  style="filled", fillcolor = "#FF9696"];
11 [label = "P1: -1 1 -4 
P2: 0 -2 -1 
P3: 0 0 0 
",  style="filled", fillcolor = "#FF9696"];
12 [label = "P1: -2 0 -4 
",  style="filled", fillcolor = "#FF96FF"];
13 [label = "P2: 0 -2 -1 
P3: 0 0 0 
"];
14 [label = "P2: 0 -2 0 
P3: 0 0 0 
"];
15 [label = "P2: -1 -2 0 
P3: 0 0 0 
"];
16 [label = "P2: 0 -1 0 
P3: 0 0 0 
"];
17 [label = "P2: 0 0 0 
P3: 0 0 0 
"];
18 [label = "P2: -1 -2 0 
", style="filled", fillcolor = "#9696FF"];
19 [label = "P3: 0 0 0 
",  style="filled", fillcolor = "#FF96FF"];
edge [style=bold];
0 -- 1 [color="#1E96FF", penwidth=4.0];

1 -- 2 [color="#1E96FF", penwidth=4.0];

2 -- 3 [color="#1E96FF", penwidth=4.0];

3 -- 4 [color="#1E96FF", penwidth=4.0];
3 -- 5 [color=black];

4 -- 5 [color=black];
4 -- 6 [color="#1E96FF", penwidth=4.0];

5 -- 6 [color=black];

6 -- 7 [color="#1E96FF", penwidth=4.0];

7 -- 8 [color="#1E96FF", penwidth=4.0];
7 -- 9 [color=black];

8 -- 10 [color="#1E96FF", penwidth=4.0];
8 -- 11 [color=black];
8 -- 9 [color=black];


10 -- 13 [color=black];
10 -- 12 [color=black];


13 -- 14 [color="#1E96FF", penwidth=4.0];

14 -- 15 [color="#1E96FF", penwidth=4.0];
14 -- 16 [color=black];
14 -- 17 [color=black];

15 -- 19 [color=black];
15 -- 18 [color="#1E96FF", penwidth=4.0];



}
