digraph G {
color = "black"
0[label = "Index: 0 
P0: 0 0 0 
P1: 0 0 0 
P2: 0 0 0 
P3: 0 0 0 
P4: 0 0 0 
", style="filled", fillcolor = "green"]
1[label = "Index: 1 
P0: 0 -1 0 
P1: 0 0 0 
P2: 0 0 0 
P3: 0 0 0 
P4: 0 0 0 
", color = "orange"]
2[label = "Index: 2 
P0: 0 -1 1 
P1: 0 0 0 
P2: 0 0 0 
P3: 0 0 0 
P4: 0 0 0 
"]
3[label = "Index: 3 
P0: 0 -1 2 
P1: 0 0 0 
P2: 0 0 0 
P3: 0 0 0 
P4: 0 0 0 
", color = "orange"]
4[label = "Index: 4 
P0: 1 -1 2 
P1: 0 0 0 
P2: 0 0 0 
P3: 0 0 0 
P4: 0 0 0 
", color = "orange"]
5[label = "Index: 5 
P0: 1 -1 2 
P1: 1 0 0 
P2: 0 0 0 
P3: 0 0 0 
P4: 0 0 0 
"]
6[label = "Index: 6 
P0: 1 -1 2 
P1: 1 0 0 
P2: 1 0 0 
P3: 0 0 0 
P4: 0 0 0 
"]
7[label = "Index: 7 
P0: 1 -1 3 
P1: 0 0 0 
P2: 0 0 0 
P3: 0 0 0 
P4: 0 0 0 
", style="filled", fillcolor = "red"]
8[label = "Index: 8 
P0: 1 -1 3 
P1: 1 0 0 
P2: 0 0 0 
P3: 0 0 0 
P4: 0 0 0 
", color = "purple"]
9[label = "Index: 9 
P0: 1 -1 3 
P1: 1 0 0 
P2: 1 0 0 
P3: 0 0 0 
P4: 0 0 0 
", color = "purple"]
10[label = "Index: 10 
P0: 1 -1 2 
P1: 1 0 0 
P2: 1 0 0 
P3: 0 1 0 
P4: 0 0 0 
"]
11[label = "Index: 11 
P0: 1 -1 2 
P1: 1 0 0 
P2: 1 0 0 
P3: 0 2 0 
P4: 0 0 0 
", color = "purple"]
12[label = "Index: 12 
P0: 1 -1 3 
P1: 1 0 0 
P2: 1 0 0 
P3: 0 1 0 
P4: 0 0 0 
", color = "purple"]
13[label = "Index: 13 
P0: 1 -1 3 
", color = "fuchsia"]
14[label = "Index: 14 
P1: 0 0 0 
P2: 0 0 0 
P3: 0 0 0 
P4: 0 0 0 
", color = "orange"]
15[label = "Index: 15 
P1: 1 0 0 
P2: 0 0 0 
P3: 0 0 0 
P4: 0 0 0 
"]
16[label = "Index: 16 
P1: 1 0 0 
P2: 1 0 0 
P3: 0 0 0 
P4: 0 0 0 
", color = "orange"]
17[label = "Index: 17 
P1: 1 0 0 
P2: 1 0 0 
P3: 0 1 0 
P4: 0 0 0 
"]
18[label = "Index: 18 
P1: 1 0 0 
P2: 1 0 0 
P3: 0 2 0 
P4: 0 0 0 
", color = "orange"]
19[label = "Index: 19 
P1: 0 0 0 
P2: 0 0 0 
P3: -1 2 0 
P4: 0 0 0 
", color = "red"]
20[label = "Index: 20 
P3: -1 2 0 
", color = "fuchsia"]
21[label = "Index: 21 
P1: 0 0 0 
P2: 0 0 0 
P4: 0 0 0 
", color = "red"]
22[label = "Index: 22 
P1: 1 0 0 
P2: 0 0 0 
P4: 0 0 0 
"]
23[label = "Index: 23 
P4: 0 0 0 
", color = "fuchsia"]
24[label = "Index: 24 
P1: 0 0 0 
P2: 0 0 0 
", color = "orange"]
25[label = "Index: 25 
P1: 1 0 0 
P2: 0 0 0 
", color = "orange"]
26[label = "Index: 26 
P1: 1 1 0 
P2: 0 0 0 
", color = "orange"]
27[label = "Index: 27 
P1: 1 1 1 
P2: 0 0 0 
", color = "red"]
28[label = "Index: 28 
P1: 1 1 2 
P2: 0 0 0 
"]
29[label = "Index: 29 
P1: 1 1 3 
P2: 0 0 0 
"]
30[label = "Index: 30 
P2: 0 0 0 
", style="filled", fillcolor = "blue"]
31[label = "Index: 31 
P1: 1 1 1 
", color = "fuchsia"]
0 -> 1

1 -> 0
1 -> 2
1 -> 3

2 -> 1
2 -> 3

3 -> 1
3 -> 2
3 -> 4
3 -> 5
3 -> 6

4 -> 3
4 -> 7
4 -> 5
4 -> 6

5 -> 3
5 -> 4
5 -> 8
5 -> 6

6 -> 3
6 -> 4
6 -> 5
6 -> 9
6 -> 10
6 -> 11

7 -> 4
7 -> 14
7 -> 13

8 -> 5

9 -> 6

10 -> 6
10 -> 12
10 -> 11

11 -> 6
11 -> 10

12 -> 10

14 -> 15
14 -> 16

15 -> 14
15 -> 16

16 -> 14
16 -> 15
16 -> 17
16 -> 18

17 -> 16
17 -> 18

18 -> 16
18 -> 17
18 -> 19

19 -> 18
19 -> 21
19 -> 20

21 -> 22
21 -> 23
21 -> 24

22 -> 21

24 -> 25

25 -> 24
25 -> 26

26 -> 25
26 -> 27
26 -> 28
26 -> 29

27 -> 26
27 -> 30
27 -> 31

28 -> 26

29 -> 26

}
