digraph G {
color = "black"
0[label = "Index: 0 
P0: 0 0 0 
P1: 0 0 0 
P2: 0 0 0 
P3: 0 0 0 
P4: 0 0 0 
P5: 0 0 0 
P6: 0 0 0 
P7: 0 0 0 
", style="filled", fillcolor = "green"]
1[label = "Index: 1 
P0: 1 0 0 
P1: 0 0 0 
P2: 0 0 0 
P3: 0 0 0 
P4: 0 0 0 
P5: 0 0 0 
P6: 0 0 0 
P7: 0 0 0 
", color = "orange"]
2[label = "Index: 2 
P0: 1 0 0 
P1: 0 1 0 
P2: 0 0 0 
P3: 0 0 0 
P4: 0 0 0 
P5: 0 0 0 
P6: 0 0 0 
P7: 0 0 0 
", color = "orange"]
3[label = "Index: 3 
P0: 1 0 0 
P1: 0 1 -1 
P2: 0 0 0 
P3: 0 0 0 
P4: 0 0 0 
P5: 0 0 0 
P6: 0 0 0 
P7: 0 0 0 
", color = "orange"]
4[label = "Index: 4 
P0: 1 0 0 
P1: 0 1 -1 
P2: 1 0 0 
P3: 0 0 0 
P4: 0 0 0 
P5: 0 0 0 
P6: 0 0 0 
P7: 0 0 0 
", color = "orange"]
5[label = "Index: 5 
P0: 1 0 0 
P1: 0 1 -1 
P2: 1 0 0 
P3: 0 0 -1 
P4: 0 0 0 
P5: 0 0 0 
P6: 0 0 0 
P7: 0 0 0 
", color = "orange"]
6[label = "Index: 6 
P0: 1 0 0 
P1: 0 1 -1 
P2: 1 0 0 
P3: 0 1 -1 
P4: 0 0 0 
P5: 0 0 0 
P6: 0 0 0 
P7: 0 0 0 
", color = "orange"]
7[label = "Index: 7 
P0: 1 0 0 
P1: 0 1 -1 
P2: 1 0 0 
P3: 0 0 -1 
P4: 1 0 0 
P5: 0 0 0 
P6: 0 0 0 
P7: 0 0 0 
"]
8[label = "Index: 8 
P0: 1 0 0 
P1: 0 1 -1 
P2: 0 0 0 
P3: 0 1 -1 
P4: 0 0 0 
P5: 0 0 0 
P6: 0 0 0 
P7: 0 0 0 
", color = "orange"]
9[label = "Index: 9 
P0: 1 0 0 
P1: 0 1 -1 
P2: 1 0 0 
P3: 0 1 -1 
P4: 1 0 0 
P5: 0 0 0 
P6: 0 0 0 
P7: 0 0 0 
"]
10[label = "Index: 10 
P0: 1 0 0 
P1: 0 1 -1 
P2: 1 0 0 
P3: 0 0 -1 
P4: 1 0 0 
P5: 0 0 0 
P6: 0 -1 0 
P7: 0 0 0 
"]
11[label = "Index: 11 
P0: 1 0 -1 
P1: 0 1 -1 
P2: 0 0 0 
P3: 0 1 -1 
P4: 0 0 0 
P5: 0 0 0 
P6: 0 0 0 
P7: 0 0 0 
", color = "orange"]
12[label = "Index: 12 
P0: 1 0 0 
P1: 0 1 -1 
P2: 0 0 0 
P3: 0 1 -1 
P4: 1 0 0 
P5: 0 0 0 
P6: 0 0 0 
P7: 0 0 0 
"]
13[label = "Index: 13 
P0: 1 0 0 
P1: 0 1 -1 
P2: 1 0 0 
P3: 0 1 -1 
P4: 1 0 0 
P5: 0 0 0 
P6: 0 -1 0 
P7: 0 0 0 
"]
14[label = "Index: 14 
P0: 1 0 0 
P1: 0 1 -1 
P2: 1 0 0 
P3: 0 0 -1 
P4: 1 0 0 
P5: 0 0 1 
P6: 0 -1 0 
P7: 0 0 0 
"]
15[label = "Index: 15 
P0: 1 0 -1 
P1: 0 1 -1 
P2: 0 0 0 
P3: 0 1 -1 
P4: 1 0 0 
P5: 0 0 0 
P6: 0 0 0 
P7: 0 0 0 
", color = "orange"]
16[label = "Index: 16 
P0: 1 0 0 
P1: 0 1 -1 
P2: 0 0 0 
P3: 0 1 -1 
P4: 1 0 0 
P5: 0 0 0 
P6: 0 -1 0 
P7: 0 0 0 
"]
17[label = "Index: 17 
P0: 1 0 0 
P1: 0 1 -1 
P2: 1 0 0 
P3: 0 1 -1 
P4: 1 0 0 
P5: 0 0 1 
P6: 0 -1 0 
P7: 0 0 0 
"]
18[label = "Index: 18 
P0: 1 0 -1 
P1: 0 1 -1 
P2: 0 0 0 
P3: 0 1 -1 
P4: 1 0 0 
P5: 0 0 0 
P6: 0 -1 0 
P7: 0 0 0 
", color = "orange"]
19[label = "Index: 19 
P0: 1 0 0 
P1: 0 1 -1 
P2: 0 0 1 
P3: 0 1 -1 
P4: 1 0 0 
P5: 0 0 1 
P6: 0 -1 0 
P7: 0 0 0 
"]
20[label = "Index: 20 
P0: 1 0 -1 
P1: 0 1 -1 
P2: 0 0 1 
P3: 0 1 -1 
P4: 1 0 0 
P5: 0 0 1 
P6: 0 -1 0 
P7: 0 0 0 
", style="filled", fillcolor = "red"]
21[label = "Index: 21 
P0: 1 0 0 
P1: 0 1 -1 
P2: 0 -1 1 
P3: 0 1 -1 
P4: 1 0 0 
P5: 0 0 1 
P6: 0 -1 0 
P7: 0 0 0 
", color = "purple"]
22[label = "Index: 22 
P0: 1 0 0 
P1: 0 1 -1 
P2: 0 -2 1 
P3: 0 1 -1 
P4: 1 0 0 
P5: 0 0 1 
P6: 0 -1 0 
P7: 0 0 0 
", color = "purple"]
23[label = "Index: 23 
P0: 1 0 0 
P1: 0 1 -1 
P2: 0 0 1 
P3: 0 0 -1 
P4: 1 0 0 
P5: 0 0 1 
P6: 0 -1 0 
P7: 0 0 0 
"]
24[label = "Index: 24 
P0: 1 1 -1 
P1: 0 1 -1 
P2: 0 0 1 
P3: 0 1 -1 
P4: 1 0 0 
P5: 0 0 1 
P6: 0 -1 0 
P7: 0 0 0 
"]
25[label = "Index: 25 
P0: 1 1 -1 
P1: 0 2 -1 
P2: 0 0 1 
P3: 0 1 -1 
P4: 1 0 0 
P5: 0 0 1 
P6: 0 -1 0 
P7: 0 0 0 
"]
26[label = "Index: 26 
P0: 1 0 -1 
P1: 0 1 -1 
P2: 0 -1 1 
P3: 0 1 -1 
P4: 1 0 0 
P5: 0 0 1 
P6: 0 -1 0 
P7: 0 0 0 
"]
27[label = "Index: 27 
P0: 1 0 -1 
P1: 0 1 -1 
P2: 0 -2 1 
P3: 0 1 -1 
P4: 1 0 0 
P5: 0 0 1 
P6: 0 -1 0 
P7: 0 0 0 
"]
28[label = "Index: 28 
P0: 1 0 -1 
P1: 0 1 -1 
P2: 0 0 1 
P3: 0 0 -1 
P4: 1 0 0 
P5: 0 0 1 
P6: 0 -1 0 
P7: 0 0 0 
", color = "purple"]
29[label = "Index: 29 
P0: 1 0 0 
P1: 0 1 -1 
P2: 0 -1 1 
P3: 0 0 -1 
P4: 1 0 0 
P5: 0 0 1 
P6: 0 -1 0 
P7: 0 0 0 
", color = "purple"]
30[label = "Index: 30 
P0: 1 0 0 
P1: 0 1 -1 
P2: 0 -2 1 
P3: 0 0 -1 
P4: 1 0 0 
P5: 0 0 1 
P6: 0 -1 0 
P7: 0 0 0 
", color = "purple"]
31[label = "Index: 31 
P0: 1 0 -1 
P1: 0 1 -1 
P2: 0 -1 1 
P3: 0 0 -1 
P4: 1 0 0 
P5: 0 0 1 
P6: 0 -1 0 
P7: 0 0 0 
"]
32[label = "Index: 32 
P0: 1 0 -1 
P1: 0 1 -1 
P2: 0 -2 1 
P3: 0 0 -1 
P4: 1 0 0 
P5: 0 0 1 
P6: 0 -1 0 
P7: 0 0 0 
"]
33[label = "Index: 33 
P2: 0 0 1 
P4: 1 0 0 
P5: 0 0 1 
P6: 0 -1 0 
P7: 0 0 0 
", color = "orange"]
34[label = "Index: 34 
P2: 0 -1 1 
P4: 1 0 0 
P5: 0 0 1 
P6: 0 -1 0 
P7: 0 0 0 
", color = "red"]
35[label = "Index: 35 
P2: 0 -2 1 
P4: 1 0 0 
P5: 0 0 1 
P6: 0 -1 0 
P7: 0 0 0 
"]
36[label = "Index: 36 
P2: 0 0 1 
P4: 2 0 0 
P5: 0 0 1 
P6: 0 -1 0 
P7: 0 0 0 
"]
37[label = "Index: 37 
P2: 0 0 1 
P4: 1 1 0 
P5: 0 0 1 
P6: 0 -1 0 
P7: 0 0 0 
"]
38[label = "Index: 38 
P2: 1 0 1 
P4: 2 0 0 
P5: 0 0 1 
P6: 0 -1 0 
P7: 0 0 0 
"]
39[label = "Index: 39 
P2: 0 0 0 
P4: 1 0 0 
P5: 0 0 0 
P6: 0 -1 0 
P7: 0 0 0 
"]
40[label = "Index: 40 
P2: 1 0 1 
P4: 2 0 0 
P5: 1 0 1 
P6: 0 -1 0 
P7: 0 0 0 
"]
41[label = "Index: 41 
P2: 1 0 1 
P4: 2 0 0 
P5: 1 0 1 
P6: 1 -1 0 
P7: 0 0 0 
"]
42[label = "Index: 42 
P2: 0 -1 1 
", color = "fuchsia"]
43[label = "Index: 43 
P4: 1 0 0 
P5: 0 0 1 
P6: 0 -1 0 
P7: 0 0 0 
", color = "orange"]
44[label = "Index: 44 
P4: 2 0 0 
P5: 0 0 1 
P6: 0 -1 0 
P7: 0 0 0 
", color = "red"]
45[label = "Index: 45 
P4: 1 1 0 
P5: 0 0 1 
P6: 0 -1 0 
P7: 0 0 0 
"]
46[label = "Index: 46 
P4: 1 0 0 
P5: 0 0 0 
P6: 0 -1 0 
P7: 0 0 0 
"]
47[label = "Index: 47 
P4: 2 0 0 
P5: 1 0 1 
P6: 0 -1 0 
P7: 0 0 0 
"]
48[label = "Index: 48 
P4: 2 0 0 
P5: 1 0 1 
P6: 1 -1 0 
P7: 0 0 0 
"]
49[label = "Index: 49 
P4: 2 0 0 
", color = "fuchsia"]
50[label = "Index: 50 
P5: 0 0 1 
P6: 0 -1 0 
P7: 0 0 0 
", color = "orange"]
51[label = "Index: 51 
P5: 1 0 1 
P6: 0 -1 0 
P7: 0 0 0 
", color = "red"]
52[label = "Index: 52 
P5: 2 0 1 
P6: 0 -1 0 
P7: 0 0 0 
"]
53[label = "Index: 53 
P5: 0 0 0 
P6: 0 -1 0 
P7: 0 0 0 
"]
54[label = "Index: 54 
P5: 1 0 1 
P6: 1 -1 0 
P7: 0 0 0 
"]
55[label = "Index: 55 
P5: 1 0 1 
", color = "fuchsia"]
56[label = "Index: 56 
P6: 0 -1 0 
P7: 0 0 0 
", color = "orange"]
57[label = "Index: 57 
P6: 1 -1 0 
P7: 0 0 0 
", color = "orange"]
58[label = "Index: 58 
P6: 0 0 0 
P7: 0 0 0 
"]
59[label = "Index: 59 
P6: 1 -1 1 
P7: 0 0 0 
", color = "red"]
60[label = "Index: 60 
P6: 1 -1 2 
P7: 0 0 0 
"]
61[label = "Index: 61 
P6: 1 -1 1 
", style="filled", fillcolor = "blue"]
62[label = "Index: 62 
P7: 0 0 0 
", color = "fuchsia"]
63[label = "Index: 63 
P0: 1 0 -1 
P1: 0 1 -1 
P3: 0 1 -1 
", color = "blue"]
64[label = "Index: 64 
P1: 0 1 -1 
P3: 0 1 -1 
", color = "orange"]
65[label = "Index: 65 
P0: 1 0 -1 
", color = "fuchsia"]
66[label = "Index: 66 
P1: 0 2 -1 
P3: 0 1 -1 
", color = "red"]
67[label = "Index: 67 
P3: 0 1 -1 
", color = "fuchsia"]
68[label = "Index: 68 
P1: 0 2 -1 
", color = "fuchsia"]
0 -> 1

1 -> 0
1 -> 2

2 -> 1
2 -> 3

3 -> 2
3 -> 4

4 -> 3
4 -> 5

5 -> 4
5 -> 6
5 -> 7

6 -> 5
6 -> 8
6 -> 9

7 -> 5
7 -> 9
7 -> 10

8 -> 6
8 -> 11
8 -> 12
8 -> 9

9 -> 6
9 -> 7
9 -> 8
9 -> 12
9 -> 13

10 -> 7
10 -> 13
10 -> 14

11 -> 8
11 -> 15

12 -> 8
12 -> 9
12 -> 15
12 -> 16

13 -> 9
13 -> 10
13 -> 16
13 -> 17

14 -> 10
14 -> 17

15 -> 11
15 -> 12
15 -> 18

16 -> 12
16 -> 13
16 -> 18
16 -> 19

17 -> 13
17 -> 14

18 -> 15
18 -> 16
18 -> 20
18 -> 19

19 -> 16
19 -> 18
19 -> 20
19 -> 21
19 -> 22
19 -> 23

20 -> 18
20 -> 19
20 -> 24
20 -> 25
20 -> 26
20 -> 27
20 -> 28
20 -> 33
20 -> 63

21 -> 19
21 -> 26

22 -> 19
22 -> 27

23 -> 19
23 -> 28
23 -> 29
23 -> 30

24 -> 20
24 -> 28

25 -> 20

26 -> 20
26 -> 21

27 -> 20
27 -> 22

28 -> 20
28 -> 23
28 -> 31
28 -> 32
28 -> 24

29 -> 23
29 -> 31

30 -> 23
30 -> 32

31 -> 28
31 -> 29

32 -> 28
32 -> 30

33 -> 34
33 -> 35
33 -> 36
33 -> 37
33 -> 38
33 -> 39
33 -> 40
33 -> 41

34 -> 33
34 -> 43
34 -> 42

35 -> 33

36 -> 33

37 -> 33

38 -> 33

39 -> 33

40 -> 33

41 -> 33

43 -> 44
43 -> 45
43 -> 46
43 -> 47
43 -> 48

44 -> 43
44 -> 50
44 -> 49

45 -> 43

46 -> 43

47 -> 43

48 -> 43

50 -> 51
50 -> 52
50 -> 53
50 -> 54

51 -> 50
51 -> 56
51 -> 55

52 -> 50

53 -> 50

54 -> 50

56 -> 57
