graph G {
color = "black"
0 [label = "P1: 0 0 0 
P2: 0 0 0 
P3: 0 0 0 
",  style="filled", fillcolor = "#96FF96"];
1 [label = "P1: 1 0 0 
P2: 0 0 0 
P3: 0 0 0 
"];
2 [label = "P1: 2 0 0 
P2: 0 0 0 
P3: 0 0 0 
"];
3 [label = "P1: 2 0 0 
P2: 0 1 0 
P3: 0 0 0 
"];
4 [label = "P1: 3 0 0 
P2: 0 1 0 
P3: 0 0 0 
"];
5 [label = "P1: 3 0 0 
P2: 0 2 0 
P3: 0 0 0 
"];
6 [label = "P1: 3 1 0 
P2: 0 2 0 
P3: 0 0 0 
"];
7 [label = "P1: 3 0 0 
P2: 0 2 0 
P3: 0 -1 0 
"];
8 [label = "P1: 3 0 0 
P2: 0 2 -1 
P3: 0 -1 0 
"];
9 [label = "P1: 3 0 0 
P2: 0 3 -1 
P3: 0 0 0 
"];
10 [label = "P1: 3 0 0 
P2: 0 3 -1 
P3: 0 -1 0 
"];
11 [label = "P1: 3 0 0 
P2: 0 3 -2 
P3: 0 -1 0 
"];
12 [label = "P1: 3 0 0 
P2: -1 3 -2 
P3: 0 -1 0 
",  style="filled", fillcolor = "#FF9696"];
13 [label = "P1: 3 0 0 
P2: -1 4 -2 
P3: 0 0 0 
"];
14 [label = "P2: -1 4 -2 
",  style="filled", fillcolor = "#FF96FF"];
15 [label = "P1: 3 0 0 
P3: 0 -1 0 
"];
16 [label = "P1: 3 -1 0 
P3: 0 -1 0 
"];
17 [label = "P1: 2 0 0 
P3: 0 0 0 
"];
18 [label = "P1: 1 0 0 
P3: 0 0 0 
"];
19 [label = "P1: 0 0 0 
P3: 0 0 0 
"];
20 [label = "P1: 3 -1 -1 
P3: 0 -1 0 
"];
21 [label = "P1: 3 -1 -1 
", style="filled", fillcolor = "#9696FF"];
22 [label = "P3: 0 0 0 
",  style="filled", fillcolor = "#FF96FF"];
edge [style=bold];
0 -- 1 [color=black];
0 -- 2 [color="#1E96FF", penwidth=4.0];

1 -- 2 [color=black];

2 -- 3 [color="#1E96FF", penwidth=4.0];

3 -- 4 [color="#1E96FF", penwidth=4.0];

4 -- 5 [color="#1E96FF", penwidth=4.0];
4 -- 6 [color=black];

5 -- 6 [color=black];
5 -- 7 [color="#1E96FF", penwidth=4.0];

6 -- 7 [color=black];

7 -- 8 [color="#1E96FF", penwidth=4.0];

8 -- 9 [color=black];
8 -- 10 [color="#1E96FF", penwidth=4.0];

9 -- 10 [color=black];

10 -- 11 [color="#1E96FF", penwidth=4.0];

11 -- 12 [color="#1E96FF", penwidth=4.0];

12 -- 13 [color=black];
12 -- 15 [color=black];
12 -- 14 [color=black];


15 -- 16 [color="#1E96FF", penwidth=4.0];

16 -- 17 [color=black];
16 -- 18 [color=black];
16 -- 19 [color=black];
16 -- 20 [color="#1E96FF", penwidth=4.0];

17 -- 18 [color=black];
17 -- 19 [color=black];

18 -- 19 [color=black];


20 -- 22 [color=black];
20 -- 21 [color="#1E96FF", penwidth=4.0];

}
