graph G {
color = "black"
0 [label = "P1: 0 0 0 
P2: 0 0 0 
P3: 0 0 0 
P4: 0 0 0 
P5: 0 0 0 
",  style="filled", fillcolor = "#96FF96"];
1 [label = "P1: 0 1 0 
P2: 0 0 0 
P3: 0 0 0 
P4: 0 0 0 
P5: 0 0 0 
"];
2 [label = "P1: 0 1 0 
P2: 0 0 -1 
P3: 0 0 0 
P4: 0 0 0 
P5: 0 0 0 
"];
3 [label = "P1: 0 1 0 
P2: 0 0 -1 
P3: 0 1 0 
P4: 0 0 0 
P5: 0 0 0 
"];
4 [label = "P1: 0 1 0 
P2: 0 0 -1 
P3: 0 1 0 
P4: 1 0 0 
P5: 0 0 0 
"];
5 [label = "P1: 0 2 0 
P2: 0 0 -1 
P3: 0 1 0 
P4: 1 0 0 
P5: 0 0 0 
"];
6 [label = "P1: 0 2 0 
P2: 0 0 -1 
P3: 0 2 0 
P4: 1 0 0 
P5: 0 0 0 
"];
7 [label = "P1: 0 2 0 
P2: -1 0 -1 
P3: 0 1 0 
P4: 1 0 0 
P5: 0 0 0 
"];
8 [label = "P1: 1 2 0 
P2: 0 0 -1 
P3: 1 1 0 
P4: 2 0 0 
P5: 0 0 0 
"];
9 [label = "P1: 0 3 0 
P2: -1 1 -1 
P3: 0 1 0 
P4: 1 0 0 
P5: 0 0 0 
"];
10 [label = "P1: 0 2 0 
P2: -1 0 -1 
P3: 0 1 0 
P4: 1 -1 0 
P5: 0 -1 0 
"];
11 [label = "P1: 0 3 0 
P2: -1 1 -1 
P3: 0 1 0 
P4: 0 0 0 
P5: 0 0 0 
"];
12 [label = "P1: 0 3 0 
P2: -1 1 -1 
P3: 0 2 0 
P4: 0 0 0 
P5: 0 0 0 
"];
13 [label = "P1: -1 3 0 
P2: -1 1 -1 
P3: -1 2 0 
P4: 0 0 0 
P5: 0 0 0 
"];
14 [label = "P1: 0 2 0 
P2: -1 0 -1 
P3: 0 1 0 
P4: 1 -1 0 
P5: 1 -1 0 
",  style="filled", fillcolor = "#FF9696"];
15 [label = "P1: 0 3 0 
P2: -1 1 -1 
P3: 0 0 0 
P4: 0 0 0 
P5: 0 0 0 
",  style="filled", fillcolor = "#FF9696"];
16 [label = "P1: -1 3 0 
P2: -1 1 -1 
P3: -1 3 0 
P4: 0 0 0 
P5: 0 0 0 
",  style="filled", fillcolor = "#FF9696"];
17 [label = "P3: 0 1 0 
P4: 1 -1 0 
P5: 1 -1 0 
"];
18 [label = "P3: -1 2 0 
",  style="filled", fillcolor = "#FF96FF"];
19 [label = "P4: 1 -1 0 
P5: 1 -1 0 
"];
20 [label = "P4: 1 -1 0 
", style="filled", fillcolor = "#9696FF"];
21 [label = "P5: 0 0 0 
",  style="filled", fillcolor = "#FF96FF"];
22 [label = "P1: 0 2 0 
P2: -1 0 -1 
"];
23 [label = "P2: -1 0 -1 
",  style="filled", fillcolor = "#FF96FF"];
24 [label = "P1: -1 3 0 
",  style="filled", fillcolor = "#FF96FF"];
edge [style=bold];
0 -- 1 [color="#1E96FF", penwidth=4.0];

1 -- 2 [color="#1E96FF", penwidth=4.0];

2 -- 3 [color="#1E96FF", penwidth=4.0];

3 -- 4 [color="#1E96FF", penwidth=4.0];

4 -- 5 [color="#1E96FF", penwidth=4.0];
4 -- 6 [color=black];

5 -- 7 [color="#1E96FF", penwidth=4.0];
5 -- 6 [color=black];
5 -- 8 [color=black];


7 -- 9 [color=black];
7 -- 10 [color="#1E96FF", penwidth=4.0];
7 -- 8 [color=black];


9 -- 10 [color=black];
9 -- 11 [color=black];

10 -- 12 [color=black];
10 -- 13 [color=black];
10 -- 14 [color="#1E96FF", penwidth=4.0];

11 -- 15 [color=black];
11 -- 12 [color=black];

12 -- 15 [color=black];
12 -- 13 [color=black];
12 -- 14 [color=black];

13 -- 14 [color=black];
13 -- 16 [color=black];

14 -- 17 [color="#1E96FF", penwidth=4.0];
14 -- 22 [color=black];



17 -- 19 [color="#1E96FF", penwidth=4.0];
17 -- 18 [color=black];

19 -- 21 [color=black];
19 -- 20 [color="#1E96FF", penwidth=4.0];

22 -- 23 [color=black];
22 -- 24 [color=black];

}
