graph G {
color = "black"
0 [label = "P1: 0 0 0 
P2: 0 0 0 
P3: 0 0 0 
P4: 0 0 0 
",  style="filled", fillcolor = "#96FF96"];
1 [label = "P1: 0 0 1 
P2: 0 0 0 
P3: 0 0 0 
P4: 0 0 0 
"];
2 [label = "P1: 0 0 1 
P2: -1 0 0 
P3: 0 0 0 
P4: 0 0 0 
"];
3 [label = "P1: 0 0 1 
P2: -1 0 0 
P3: 0 0 -1 
P4: 0 0 0 
"];
4 [label = "P1: 0 0 1 
P2: -2 0 0 
P3: 0 0 -1 
P4: 0 0 0 
"];
5 [label = "P1: 0 0 1 
P2: -2 0 0 
P3: 0 0 -1 
P4: 0 -1 0 
"];
6 [label = "P1: 0 0 1 
P2: -2 0 0 
P3: 0 0 -2 
P4: 0 -1 0 
"];
7 [label = "P1: 0 0 1 
P2: -2 0 0 
P3: 0 0 -2 
P4: 0 -2 0 
"];
8 [label = "P1: 0 2 2 
P2: -2 2 0 
P3: 0 2 -2 
P4: 0 0 0 
"];
9 [label = "P1: 0 0 3 
P2: -2 0 0 
P3: 0 0 -2 
P4: 0 -2 0 
"];
10 [label = "P1: 0 1 3 
P2: -2 2 0 
P3: 0 2 -2 
P4: 0 0 0 
"];
11 [label = "P1: 0 0 3 
P2: -2 0 0 
P3: 0 0 -2 
P4: 0 -1 0 
"];
12 [label = "P1: 0 1 3 
P2: -2 1 0 
P3: 0 1 -1 
P4: 0 0 0 
"];
13 [label = "P1: 0 1 3 
P2: -2 1 1 
P3: 0 1 -1 
P4: 0 0 0 
"];
14 [label = "P1: 0 0 3 
P2: -2 0 0 
P3: 0 0 -2 
P4: 0 -1 -1 
"];
15 [label = "P1: 0 -1 3 
P2: -2 0 0 
P3: 0 0 -2 
P4: 0 -1 -1 
"];
16 [label = "P1: 0 0 4 
P2: -2 0 1 
P3: 0 0 -1 
P4: 0 0 0 
"];
17 [label = "P1: 0 -1 3 
P2: -2 0 0 
P3: 0 0 -2 
P4: 0 0 -1 
"];
18 [label = "P1: 0 0 4 
P2: -2 0 1 
P3: 0 0 0 
P4: 0 0 0 
"];
19 [label = "P1: 0 0 4 
P2: -2 0 2 
P3: 0 0 0 
P4: 0 0 0 
"];
20 [label = "P1: 0 0 5 
P2: -2 0 2 
P3: 0 0 0 
P4: 0 0 0 
"];
21 [label = "P1: 0 -1 4 
P2: -2 0 1 
P3: 0 0 0 
P4: 0 0 0 
"];
22 [label = "P1: 0 -1 3 
P2: -2 0 0 
P3: 0 0 -2 
P4: 0 0 -2 
"];
23 [label = "P1: -1 -1 5 
P2: -3 0 2 
P3: 0 0 0 
P4: 0 0 0 
"];
24 [label = "P1: -2 -1 3 
P2: -4 0 0 
P3: 0 0 -2 
P4: 0 0 -2 
"];
25 [label = "P1: -2 0 5 
P2: -4 0 2 
P3: 0 0 0 
P4: 0 0 0 
"];
26 [label = "P1: -2 0 3 
P2: -4 1 0 
P3: 0 0 -2 
P4: 0 0 -2 
",  style="filled", fillcolor = "#FF9696"];
27 [label = "P1: -3 0 5 
P2: -4 0 2 
P3: 0 0 0 
P4: 0 0 0 
",  style="filled", fillcolor = "#FF9696"];
28 [label = "P1: -4 0 5 
P2: -4 0 2 
P3: 0 0 0 
P4: 0 0 0 
",  style="filled", fillcolor = "#FF9696"];
29 [label = "P1: -2 0 5 
P2: -3 0 2 
P3: 0 0 0 
P4: 0 0 0 
",  style="filled", fillcolor = "#FF9696"];
30 [label = "P1: -2 0 5 
P2: -2 0 2 
P3: 0 0 0 
P4: 0 0 0 
",  style="filled", fillcolor = "#FF9696"];
31 [label = "P1: -3 0 5 
P2: -5 0 2 
P3: 0 0 0 
P4: 0 0 0 
",  style="filled", fillcolor = "#FF9696"];
32 [label = "P1: -4 0 5 
P2: -6 0 2 
P3: 0 0 0 
P4: 0 0 0 
",  style="filled", fillcolor = "#FF9696"];
33 [label = "P1: -2 1 5 
P2: -4 1 2 
P3: 0 0 0 
P4: 0 0 0 
",  style="filled", fillcolor = "#FF9696"];
34 [label = "P1: -4 0 5 
P2: -5 0 2 
P3: 0 0 0 
P4: 0 0 0 
"];
35 [label = "P1: -3 0 5 
P2: -3 0 2 
P3: 0 0 0 
P4: 0 0 0 
"];
36 [label = "P1: -3 0 5 
P2: -5 1 2 
P3: 0 0 0 
P4: 0 0 0 
"];
37 [label = "P1: -3 0 5 
P2: -5 0 3 
P3: 0 0 0 
P4: 0 0 0 
"];
38 [label = "P1: -3 0 5 
P2: -5 0 4 
P3: 0 0 0 
P4: 0 0 0 
"];
39 [label = "P1: -4 -1 5 
P2: -6 0 2 
P3: 0 0 0 
P4: 0 0 0 
"];
40 [label = "P1: -4 0 5 
P2: -6 1 2 
P3: 0 0 0 
P4: 0 0 0 
"];
41 [label = "P1: -4 0 5 
P2: -6 0 3 
P3: 0 0 0 
P4: 0 0 0 
"];
42 [label = "P1: -4 0 5 
P2: -6 0 4 
P3: 0 0 0 
P4: 0 0 0 
"];
43 [label = "P1: -3 1 5 
P2: -4 1 2 
P3: 0 0 0 
P4: 0 0 0 
"];
44 [label = "P1: -4 1 5 
P2: -4 1 2 
P3: 0 0 0 
P4: 0 0 0 
"];
45 [label = "P1: -2 1 5 
P2: -3 1 2 
P3: 0 0 0 
P4: 0 0 0 
"];
46 [label = "P1: -2 1 5 
P2: -4 1 3 
P3: 0 0 0 
P4: 0 0 0 
"];
47 [label = "P1: -2 1 5 
P2: -4 1 4 
P3: 0 0 0 
P4: 0 0 0 
"];
48 [label = "P3: 0 0 -2 
P4: 0 0 -2 
"];
49 [label = "P3: 0 0 -3 
P4: 0 0 -2 
"];
50 [label = "P3: 0 1 -3 
P4: 0 0 -2 
"];
51 [label = "P3: 0 1 -3 
", style="filled", fillcolor = "#9696FF"];
52 [label = "P4: 0 0 0 
",  style="filled", fillcolor = "#FF96FF"];
53 [label = "P1: -2 0 3 
P2: -4 1 0 
"];
54 [label = "P1: -2 1 3 
P2: -4 1 0 
"];
55 [label = "P1: -3 1 3 
P2: -4 1 0 
"];
56 [label = "P1: -4 1 5 
P2: -4 1 2 
"];
57 [label = "P1: -2 1 4 
P2: -4 1 2 
"];
58 [label = "P1: -2 1 3 
P2: -4 1 2 
"];
59 [label = "P2: -4 1 0 
",  style="filled", fillcolor = "#FF96FF"];
60 [label = "P1: -3 1 5 
",  style="filled", fillcolor = "#FF96FF"];
edge [style=bold];
0 -- 1 [color="#1E96FF", penwidth=4.0];

1 -- 2 [color="#1E96FF", penwidth=4.0];

2 -- 3 [color="#1E96FF", penwidth=4.0];

3 -- 4 [color="#1E96FF", penwidth=4.0];

4 -- 5 [color="#1E96FF", penwidth=4.0];

5 -- 6 [color="#1E96FF", penwidth=4.0];

6 -- 7 [color="#1E96FF", penwidth=4.0];

7 -- 8 [color=black];
7 -- 9 [color="#1E96FF", penwidth=4.0];

8 -- 9 [color=black];

9 -- 10 [color=black];
9 -- 11 [color="#1E96FF", penwidth=4.0];

10 -- 11 [color=black];

11 -- 12 [color=black];
11 -- 13 [color=black];
11 -- 14 [color="#1E96FF", penwidth=4.0];

12 -- 13 [color=black];
12 -- 14 [color=black];

13 -- 14 [color=black];

14 -- 15 [color="#1E96FF", penwidth=4.0];
14 -- 16 [color=black];

15 -- 16 [color=black];
15 -- 17 [color="#1E96FF", penwidth=4.0];

16 -- 17 [color=black];
16 -- 18 [color=black];
16 -- 19 [color=black];
16 -- 20 [color=black];

17 -- 21 [color=black];
17 -- 22 [color="#1E96FF", penwidth=4.0];

18 -- 21 [color=black];
18 -- 19 [color=black];
18 -- 20 [color=black];

19 -- 20 [color=black];

20 -- 22 [color=black];

21 -- 22 [color=black];

22 -- 23 [color=black];
22 -- 24 [color="#1E96FF", penwidth=4.0];

23 -- 24 [color=black];

24 -- 25 [color=black];
24 -- 26 [color="#1E96FF", penwidth=4.0];

25 -- 27 [color=black];
25 -- 28 [color=black];
25 -- 29 [color=black];
25 -- 30 [color=black];
25 -- 26 [color=black];
25 -- 31 [color=black];
25 -- 32 [color=black];
25 -- 33 [color=black];

26 -- 33 [color=black];
26 -- 48 [color=black];
26 -- 53 [color=black];

27 -- 31 [color=black];

28 -- 32 [color=black];



31 -- 34 [color=black];
31 -- 35 [color=black];
31 -- 36 [color=black];
31 -- 37 [color=black];
31 -- 38 [color=black];

32 -- 39 [color=black];
32 -- 34 [color=black];
32 -- 40 [color=black];
32 -- 41 [color=black];
32 -- 42 [color=black];

33 -- 43 [color=black];
33 -- 44 [color=black];
33 -- 45 [color=black];
33 -- 46 [color=black];
33 -- 47 [color=black];















48 -- 49 [color="#1E96FF", penwidth=4.0];

49 -- 50 [color="#1E96FF", penwidth=4.0];

50 -- 52 [color=black];
50 -- 51 [color="#1E96FF", penwidth=4.0];

53 -- 54 [color=black];

54 -- 55 [color="#1E96FF", penwidth=4.0];
54 -- 56 [color=black];
54 -- 57 [color=black];
54 -- 58 [color=black];

55 -- 59 [color=black];
55 -- 60 [color=black];




}
