graph G {
color = "black"
0 [label = "P1: 0 0 0 
P2: 0 0 0 
P3: 0 0 0 
P4: 0 0 0 
P5: 0 0 0 
",  style="filled", fillcolor = "#96FF96"];
1 [label = "P1: -1 0 0 
P2: 0 0 0 
P3: 0 0 0 
P4: 0 0 0 
P5: 0 0 0 
"];
2 [label = "P1: -1 0 0 
P2: 0 0 -1 
P3: 0 0 0 
P4: 0 0 0 
P5: 0 0 0 
"];
3 [label = "P1: -1 0 0 
P2: 0 0 -1 
P3: 0 0 -1 
P4: 0 0 0 
P5: 0 0 0 
"];
4 [label = "P1: -1 0 0 
P2: 0 0 -1 
P3: 0 0 0 
P4: 0 1 0 
P5: 0 0 0 
"];
5 [label = "P1: -1 0 0 
P2: 0 0 -1 
P3: 0 0 -1 
P4: 0 1 0 
P5: 0 0 0 
"];
6 [label = "P1: -1 0 0 
P2: 0 0 -1 
P3: 0 0 0 
P4: -1 1 0 
P5: 0 0 0 
",  style="filled", fillcolor = "#FF9696"];
7 [label = "P4: -1 1 0 
",  style="filled", fillcolor = "#FF96FF"];
8 [label = "P1: -1 0 0 
P2: 0 0 -1 
P3: 0 0 0 
P5: 0 0 0 
"];
9 [label = "P1: -1 0 0 
P2: 0 0 0 
P3: 0 0 0 
P5: 0 0 0 
"];
10 [label = "P1: -1 0 0 
P2: 0 0 -1 
P3: 0 0 -1 
P5: 0 0 0 
"];
11 [label = "P1: -1 0 -1 
P2: 0 0 -1 
P3: 0 0 -1 
P5: 0 0 0 
"];
12 [label = "P5: 0 0 0 
",  style="filled", fillcolor = "#FF96FF"];
13 [label = "P1: -1 0 0 
P2: 0 0 -1 
P3: 0 0 0 
"];
14 [label = "P1: -2 0 0 
P2: 0 0 -1 
P3: 0 0 0 
"];
15 [label = "P1: -1 0 0 
P2: 0 0 0 
P3: 0 0 0 
"];
16 [label = "P3: 0 0 0 
",  style="filled", fillcolor = "#FF96FF"];
17 [label = "P1: -1 0 0 
P2: 0 0 -1 
"];
18 [label = "P1: -2 0 0 
P2: 0 0 -1 
"];
19 [label = "P1: -1 0 -1 
P2: 0 0 -1 
"];
20 [label = "P1: -2 0 -1 
P2: 0 0 -1 
"];
21 [label = "P2: 0 0 -1 
", style="filled", fillcolor = "#9696FF"];
22 [label = "P1: -1 0 -1 
",  style="filled", fillcolor = "#FF96FF"];
edge [style=bold];
0 -- 1 [color="#1E96FF", penwidth=4.0];

1 -- 2 [color="#1E96FF", penwidth=4.0];
1 -- 3 [color=black];

2 -- 3 [color=black];
2 -- 4 [color="#1E96FF", penwidth=4.0];

3 -- 5 [color=black];

4 -- 5 [color=black];
4 -- 6 [color="#1E96FF", penwidth=4.0];


6 -- 8 [color="#1E96FF", penwidth=4.0];
6 -- 7 [color=black];

8 -- 9 [color=black];
8 -- 10 [color=black];
8 -- 11 [color=black];
8 -- 12 [color=black];
8 -- 13 [color="#1E96FF", penwidth=4.0];




13 -- 14 [color=black];
13 -- 15 [color=black];
13 -- 16 [color=black];
13 -- 17 [color="#1E96FF", penwidth=4.0];



17 -- 18 [color=black];
17 -- 19 [color="#1E96FF", penwidth=4.0];

18 -- 20 [color=black];

19 -- 21 [color="#1E96FF", penwidth=4.0];
19 -- 22 [color=black];


}
