graph G {
color = "black"
0 [label = "P1: 0 0 0 
P2: 0 0 0 
P3: 0 0 0 
P4: 0 0 0 
",  style="filled", fillcolor = "#96FF96"];
1 [label = "P1: 1 0 0 
P2: 0 0 0 
P3: 0 0 0 
P4: 0 0 0 
"];
2 [label = "P1: 1 0 0 
P2: 0 1 0 
P3: 0 0 0 
P4: 0 0 0 
"];
3 [label = "P1: 1 0 0 
P2: 0 1 0 
P3: 0 0 1 
P4: 0 0 0 
"];
4 [label = "P1: 1 0 0 
P2: 0 1 1 
P3: 0 0 1 
P4: 0 0 0 
"];
5 [label = "P1: 1 0 0 
P2: 0 1 1 
P3: 0 0 2 
P4: 0 0 0 
"];
6 [label = "P1: 1 0 0 
P2: 0 2 1 
P3: 0 1 2 
P4: 0 0 0 
"];
7 [label = "P1: 1 0 0 
P2: 0 2 2 
P3: 0 1 2 
P4: 0 0 0 
"];
8 [label = "P1: 1 0 0 
P2: 0 2 2 
P3: 0 1 3 
P4: 0 0 0 
"];
9 [label = "P1: 1 0 0 
P2: -1 2 2 
P3: 0 1 2 
P4: 0 0 0 
",  style="filled", fillcolor = "#FF9696"];
10 [label = "P1: 0 0 0 
P2: -1 2 2 
P3: 0 1 2 
P4: 0 0 0 
",  style="filled", fillcolor = "#FF9696"];
11 [label = "P1: 1 0 0 
P2: -1 2 2 
P3: -1 1 2 
P4: 0 0 0 
",  style="filled", fillcolor = "#FF9696"];
12 [label = "P1: 0 0 0 
P2: -1 2 2 
P3: -1 1 2 
P4: 0 0 0 
"];
13 [label = "P1: 1 0 0 
P2: -1 2 2 
P3: 0 1 3 
P4: 0 0 0 
",  style="filled", fillcolor = "#FF9696"];
14 [label = "P1: 0 0 0 
P2: -1 2 2 
P3: 0 1 3 
P4: 0 0 0 
",  style="filled", fillcolor = "#FF9696"];
15 [label = "P1: 1 0 0 
P2: -1 2 2 
P3: -1 1 3 
P4: 0 0 0 
",  style="filled", fillcolor = "#FF9696"];
16 [label = "P1: 0 0 0 
P2: -1 2 2 
P3: -1 1 3 
P4: 0 0 0 
"];
17 [label = "P1: 1 0 0 
P2: -1 2 3 
P3: -1 1 3 
P4: 0 0 0 
"];
18 [label = "P2: -1 2 2 
",  style="filled", fillcolor = "#FF96FF"];
19 [label = "P1: 1 0 0 
P3: 0 1 2 
P4: 0 0 0 
"];
20 [label = "P1: 0 0 0 
P3: 0 1 2 
P4: 0 0 0 
"];
21 [label = "P3: 0 1 2 
",  style="filled", fillcolor = "#FF96FF"];
22 [label = "P1: 1 0 0 
P4: 0 0 0 
"];
23 [label = "P1: 0 0 0 
P4: 0 0 0 
"];
24 [label = "P1: 0 -1 0 
P4: 0 0 0 
"];
25 [label = "P1: 0 -1 0 
", style="filled", fillcolor = "#9696FF"];
26 [label = "P4: 0 0 0 
",  style="filled", fillcolor = "#FF96FF"];
edge [style=bold];
0 -- 1 [color="#1E96FF", penwidth=4.0];

1 -- 2 [color="#1E96FF", penwidth=4.0];

2 -- 3 [color="#1E96FF", penwidth=4.0];
2 -- 4 [color=black];

3 -- 4 [color=black];
3 -- 5 [color="#1E96FF", penwidth=4.0];

4 -- 5 [color=black];

5 -- 6 [color="#1E96FF", penwidth=4.0];

6 -- 7 [color="#1E96FF", penwidth=4.0];
6 -- 8 [color=black];

7 -- 9 [color="#1E96FF", penwidth=4.0];
7 -- 10 [color=black];
7 -- 8 [color=black];
7 -- 11 [color=black];
7 -- 12 [color=black];

8 -- 13 [color=black];
8 -- 14 [color=black];
8 -- 15 [color=black];
8 -- 16 [color=black];

9 -- 10 [color=black];
9 -- 11 [color=black];
9 -- 12 [color=black];
9 -- 19 [color="#1E96FF", penwidth=4.0];
9 -- 18 [color=black];

10 -- 12 [color=black];

11 -- 12 [color=black];
11 -- 15 [color=black];

12 -- 16 [color=black];

13 -- 14 [color=black];
13 -- 15 [color=black];
13 -- 16 [color=black];

14 -- 16 [color=black];

15 -- 16 [color=black];
15 -- 17 [color=black];



19 -- 20 [color=black];
19 -- 22 [color="#1E96FF", penwidth=4.0];
19 -- 21 [color=black];


22 -- 23 [color="#1E96FF", penwidth=4.0];

23 -- 24 [color="#1E96FF", penwidth=4.0];

24 -- 26 [color=black];
24 -- 25 [color="#1E96FF", penwidth=4.0];

}
