digraph G {
color = "black"
0[label = "Index: 0 
P0: 0 0 0 
P1: 0 0 0 
P2: 0 0 0 
P3: 0 0 0 
P4: 0 0 0 
P5: 0 0 0 
P6: 0 0 0 
P7: 0 0 0 
", style="filled", fillcolor = "green"]
1[label = "Index: 1 
P0: 1 0 0 
P1: 0 0 0 
P2: 0 0 0 
P3: 0 0 0 
P4: 0 0 0 
P5: 0 0 0 
P6: 0 0 0 
P7: 0 0 0 
", color = "orange"]
2[label = "Index: 2 
P0: 1 0 0 
P1: 0 1 0 
P2: 0 0 0 
P3: 0 0 0 
P4: 0 0 0 
P5: 0 0 0 
P6: 0 0 0 
P7: 0 0 0 
", color = "orange"]
3[label = "Index: 3 
P0: 1 0 0 
P1: 0 1 -1 
P2: 0 0 0 
P3: 0 0 0 
P4: 0 0 0 
P5: 0 0 0 
P6: 0 0 0 
P7: 0 0 0 
", color = "orange"]
4[label = "Index: 4 
P0: 1 0 0 
P1: 0 1 -1 
P2: 1 0 0 
P3: 0 0 0 
P4: 0 0 0 
P5: 0 0 0 
P6: 0 0 0 
P7: 0 0 0 
", color = "orange"]
5[label = "Index: 5 
P0: 1 0 0 
P1: 0 1 -1 
P2: 1 0 0 
P3: 0 0 -1 
P4: 0 0 0 
P5: 0 0 0 
P6: 0 0 0 
P7: 0 0 0 
", color = "orange"]
6[label = "Index: 6 
P0: 1 0 0 
P1: 0 1 -1 
P2: 1 0 0 
P3: 0 1 -1 
P4: 0 0 0 
P5: 0 0 0 
P6: 0 0 0 
P7: 0 0 0 
", color = "orange"]
7[label = "Index: 7 
P0: 1 0 0 
P1: 0 1 -1 
P2: 1 0 0 
P3: 0 1 -1 
P4: 1 0 0 
P5: 0 0 0 
P6: 0 0 0 
P7: 0 0 0 
"]
8[label = "Index: 8 
P0: 1 0 0 
P1: 0 1 -1 
P2: 1 0 0 
P3: 0 1 -1 
P4: 1 0 0 
P5: 1 0 0 
P6: 0 0 0 
P7: 0 0 0 
", color = "orange"]
9[label = "Index: 9 
P0: 1 0 0 
P1: 0 1 -1 
P2: 1 0 0 
P3: 0 1 -1 
P4: 1 0 0 
P5: 0 0 0 
P6: 0 -1 0 
P7: 0 0 0 
"]
10[label = "Index: 10 
P0: 1 0 0 
P1: 0 1 -1 
P2: 1 0 0 
P3: 0 1 -1 
P4: 1 0 0 
P5: 1 0 0 
P6: 0 -1 0 
P7: 0 0 0 
", style="filled", fillcolor = "red"]
11[label = "Index: 11 
P0: 1 0 0 
P1: 0 1 -1 
P2: 1 0 0 
P3: 0 1 -1 
P4: 1 0 0 
P5: 0 0 1 
P6: 0 -1 0 
P7: 0 0 0 
"]
12[label = "Index: 12 
P0: 1 0 0 
P1: 0 1 -1 
P2: 1 0 0 
P3: 0 1 -1 
P4: 1 0 0 
P5: 0 0 0 
P6: 0 -1 1 
P7: 0 0 0 
", color = "purple"]
13[label = "Index: 13 
P0: 1 0 0 
P1: 0 1 -1 
P2: 1 0 0 
P3: 0 1 -1 
P4: 1 0 0 
P5: 0 0 1 
P6: 0 -1 1 
P7: 0 0 0 
", color = "purple"]
14[label = "Index: 14 
P0: 1 1 0 
P1: 0 2 -1 
P2: 1 1 0 
P3: 0 2 -1 
P4: 1 1 0 
P5: 0 0 1 
P6: 0 -1 0 
P7: 0 0 0 
", color = "purple"]
15[label = "Index: 15 
P0: 1 0 0 
P1: 0 1 -1 
P2: 1 0 0 
P3: 0 1 -1 
P4: 1 0 0 
P5: 0 0 1 
P6: 0 -1 2 
P7: 0 0 0 
", color = "purple"]
16[label = "Index: 16 
P0: 1 0 0 
P1: 0 1 -1 
P2: 1 0 0 
P3: 0 1 -1 
P4: 0 0 0 
P5: 0 0 0 
P6: 0 -1 1 
P7: 0 0 0 
"]
17[label = "Index: 17 
P0: 1 0 0 
P1: 0 1 -1 
P2: 1 0 0 
P3: 0 1 -1 
P4: 1 0 0 
P5: 1 0 0 
P6: 0 -1 1 
P7: 0 0 0 
"]
18[label = "Index: 18 
P0: 1 0 0 
P1: 0 1 -1 
P2: 1 0 0 
P3: 0 1 -1 
P4: 0 0 0 
P5: 0 0 1 
P6: 0 -1 1 
P7: 0 0 0 
"]
19[label = "Index: 19 
P0: 1 1 0 
P1: 0 2 -1 
P2: 1 1 0 
P3: 0 2 -1 
P4: 1 1 0 
P5: 0 0 1 
P6: 0 -1 1 
P7: 0 0 0 
"]
20[label = "Index: 20 
P0: 1 0 0 
P1: 0 1 -1 
P2: 1 0 0 
P3: 0 1 -1 
P4: 1 0 0 
P5: 0 -1 1 
P6: 0 -1 1 
P7: 0 0 0 
"]
21[label = "Index: 21 
P0: 2 1 0 
P1: 0 2 -1 
P2: 1 1 0 
P3: 0 2 -1 
P4: 1 1 0 
P5: 0 0 1 
P6: 0 -1 0 
P7: 0 0 0 
"]
22[label = "Index: 22 
P0: 1 1 0 
P1: 0 2 -2 
P2: 1 1 0 
P3: 0 2 -1 
P4: 1 1 0 
P5: 0 0 1 
P6: 0 -1 0 
P7: 0 0 0 
"]
23[label = "Index: 23 
P0: 2 1 0 
P1: 0 2 -1 
P2: 2 1 0 
P3: 0 2 -1 
P4: 1 1 0 
P5: 0 0 1 
P6: 0 -1 0 
P7: 0 0 0 
"]
24[label = "Index: 24 
P0: 1 0 0 
P1: 0 1 -1 
P2: 1 0 0 
P3: 0 1 -1 
P4: 0 0 0 
P5: 0 0 1 
P6: 0 -1 2 
P7: 0 0 0 
"]
25[label = "Index: 25 
P0: 1 1 0 
P1: 0 2 -1 
P2: 1 1 0 
P3: 0 2 -1 
P4: 1 1 0 
P5: 0 0 1 
P6: 0 -1 2 
P7: 0 0 0 
"]
26[label = "Index: 26 
P6: 0 -1 0 
", color = "fuchsia"]
27[label = "Index: 27 
P0: 1 0 0 
P1: 0 1 -1 
P2: 1 0 0 
P3: 0 1 -1 
P4: 1 0 0 
P5: 1 0 0 
P7: 0 0 0 
", color = "red"]
28[label = "Index: 28 
P5: 1 0 0 
", color = "fuchsia"]
29[label = "Index: 29 
P0: 1 0 0 
P1: 0 1 -1 
P2: 1 0 0 
P3: 0 1 -1 
P4: 1 0 0 
P7: 0 0 0 
", color = "red"]
30[label = "Index: 30 
P4: 1 0 0 
", color = "fuchsia"]
31[label = "Index: 31 
P0: 1 0 0 
P1: 0 1 -1 
P2: 1 0 0 
P3: 0 1 -1 
P7: 0 0 0 
", color = "red"]
32[label = "Index: 32 
P1: 0 1 -1 
P3: 0 1 -1 
P7: 0 0 0 
", color = "red"]
33[label = "Index: 33 
P1: 0 1 -1 
", color = "fuchsia"]
34[label = "Index: 34 
P3: 0 1 -1 
P7: 0 0 0 
", color = "red"]
35[label = "Index: 35 
P3: 0 1 -1 
", style="filled", fillcolor = "blue"]
36[label = "Index: 36 
P7: 0 0 0 
", color = "fuchsia"]
37[label = "Index: 37 
P0: 1 0 0 
P2: 1 0 0 
", color = "blue"]
38[label = "Index: 38 
P2: 1 0 0 
", color = "fuchsia"]
39[label = "Index: 39 
P0: 1 0 0 
", color = "fuchsia"]
0 -> 1

1 -> 0
1 -> 2

2 -> 1
2 -> 3

3 -> 2
3 -> 4

4 -> 3
4 -> 5

5 -> 4
5 -> 6

6 -> 5
6 -> 7
6 -> 8

7 -> 6
7 -> 8
7 -> 9

8 -> 6
8 -> 7
8 -> 10

9 -> 7
9 -> 10
9 -> 11
9 -> 12
9 -> 13

10 -> 8
10 -> 9
10 -> 27
10 -> 26

11 -> 9
11 -> 14
11 -> 13
11 -> 15

12 -> 9
12 -> 16
12 -> 17
12 -> 13

13 -> 9
13 -> 11
13 -> 12
13 -> 18
13 -> 19
13 -> 20

14 -> 11
14 -> 21
14 -> 22
14 -> 23

15 -> 11
15 -> 24
15 -> 25

16 -> 12

17 -> 12

18 -> 13

19 -> 13

20 -> 13

21 -> 14

22 -> 14

23 -> 14

24 -> 15

25 -> 15

27 -> 29
27 -> 28

29 -> 31
29 -> 30

31 -> 32
31 -> 37

32 -> 34
32 -> 33

34 -> 36
34 -> 35

37 -> 38
37 -> 39

}
