digraph G {
color = "black"
0[label = "Index: 0 
P0: 0 0 0 
P1: 0 0 0 
P2: 0 0 0 
", style="filled", fillcolor = "green"]
1[label = "Index: 1 
P0: 0 0 -1 
P1: 0 0 0 
P2: 0 0 0 
"]
2[label = "Index: 2 
P0: 0 0 -2 
P1: 0 0 0 
P2: 0 0 0 
", color = "orange"]
3[label = "Index: 3 
P0: 0 0 -3 
P1: 0 0 0 
P2: 0 0 0 
"]
4[label = "Index: 4 
P0: 1 0 -2 
P1: 0 0 0 
P2: 0 0 0 
"]
5[label = "Index: 5 
P0: 2 0 -2 
P1: 0 0 0 
P2: 0 0 0 
", color = "orange"]
6[label = "Index: 6 
P0: 1 0 -3 
P1: 0 0 0 
P2: 0 0 0 
"]
7[label = "Index: 7 
P0: 2 0 -3 
P1: 0 0 0 
P2: 0 0 0 
"]
8[label = "Index: 8 
P0: 2 0 -2 
P1: 0 1 0 
P2: 0 0 0 
", color = "orange"]
9[label = "Index: 9 
P0: 2 0 -3 
P1: 0 1 0 
P2: 0 0 0 
"]
10[label = "Index: 10 
P0: 2 0 -2 
P1: -1 1 0 
P2: 0 0 0 
", style="filled", fillcolor = "red"]
11[label = "Index: 11 
P0: 2 0 -2 
P1: 0 1 1 
P2: 0 0 0 
", color = "purple"]
12[label = "Index: 12 
P0: 2 0 -2 
P1: 0 1 2 
P2: 0 0 0 
", color = "purple"]
13[label = "Index: 13 
P0: 2 0 -2 
P1: 0 1 3 
P2: 0 0 0 
"]
14[label = "Index: 14 
P0: 1 0 -2 
P1: -1 1 0 
P2: 0 0 0 
", color = "purple"]
15[label = "Index: 15 
P0: 2 0 -3 
P1: -1 1 0 
P2: 0 0 0 
", color = "purple"]
16[label = "Index: 16 
P0: 2 0 -3 
P1: 0 1 1 
P2: 0 0 0 
", color = "purple"]
17[label = "Index: 17 
P0: 2 0 -3 
P1: 0 1 2 
P2: 0 0 0 
", color = "purple"]
18[label = "Index: 18 
P0: 2 0 -3 
P1: 0 1 3 
P2: 0 0 0 
"]
19[label = "Index: 19 
P0: 1 0 -3 
P1: -1 1 0 
P2: 0 0 0 
", color = "purple"]
20[label = "Index: 20 
P0: 2 0 -2 
P1: -1 1 3 
P2: 0 0 0 
", color = "purple"]
21[label = "Index: 21 
P0: 1 0 -2 
P1: -1 1 3 
P2: 0 0 0 
", color = "purple"]
22[label = "Index: 22 
P0: 2 0 -3 
P1: -1 1 3 
P2: 0 0 0 
", color = "purple"]
23[label = "Index: 23 
P0: 1 0 -3 
P1: -1 1 3 
P2: 0 0 0 
", color = "purple"]
24[label = "Index: 24 
P1: -1 1 0 
", color = "fuchsia"]
25[label = "Index: 25 
P0: 2 0 -2 
P2: 0 0 0 
", color = "red"]
26[label = "Index: 26 
P0: 2 0 -2 
", style="filled", fillcolor = "blue"]
27[label = "Index: 27 
P2: 0 0 0 
", color = "fuchsia"]
0 -> 1
0 -> 2
0 -> 3

1 -> 0
1 -> 2
1 -> 3

2 -> 0
2 -> 1
2 -> 4
2 -> 5
2 -> 3

3 -> 0
3 -> 1
3 -> 2
3 -> 6
3 -> 7

4 -> 2
4 -> 5
4 -> 6

5 -> 2
5 -> 4
5 -> 7
5 -> 8

6 -> 3
6 -> 4
6 -> 7

7 -> 3
7 -> 5
7 -> 6
7 -> 9

8 -> 5
8 -> 9
8 -> 10
8 -> 11
8 -> 12
8 -> 13
8 -> 14

9 -> 7
9 -> 8
9 -> 15
9 -> 16
9 -> 17
9 -> 18
9 -> 19
9 -> 11

10 -> 8
10 -> 14
10 -> 15
10 -> 25
10 -> 24

11 -> 8
11 -> 9
11 -> 16
11 -> 13

12 -> 8
12 -> 17
12 -> 13

13 -> 8
13 -> 18
13 -> 20
13 -> 12
13 -> 11
13 -> 21
13 -> 17

14 -> 8
14 -> 10
14 -> 19

15 -> 9
15 -> 10
15 -> 19

16 -> 9
16 -> 11
16 -> 18

17 -> 9
17 -> 12
17 -> 13
17 -> 18

18 -> 9
18 -> 13
18 -> 22
18 -> 17
18 -> 16
18 -> 23

19 -> 9
19 -> 14
19 -> 15

20 -> 13
20 -> 21
20 -> 22

21 -> 13
21 -> 20
21 -> 23

22 -> 18
22 -> 20
22 -> 23

23 -> 18
23 -> 21
23 -> 22

25 -> 27
25 -> 26

}
