graph G {
color = "black"
0 [label = "P1: 0 0 0 
P2: 0 0 0 
P3: 0 0 0 
",  style="filled", fillcolor = "#96FF96"];
1 [label = "P1: 0 0 1 
P2: 0 0 0 
P3: 0 0 0 
"];
2 [label = "P1: 0 0 1 
P2: 0 1 0 
P3: 0 0 0 
"];
3 [label = "P1: 0 0 2 
P2: 0 1 0 
P3: 0 0 0 
"];
4 [label = "P1: 0 0 2 
P2: 0 1 0 
P3: 1 0 0 
"];
5 [label = "P1: 0 0 2 
P2: 0 1 1 
P3: 1 0 0 
"];
6 [label = "P1: -1 0 2 
P2: 0 1 1 
P3: 1 0 0 
"];
7 [label = "P1: -2 1 2 
P2: -1 2 1 
P3: 0 0 0 
"];
8 [label = "P1: -1 0 2 
P2: 0 1 1 
P3: 1 0 -1 
",  style="filled", fillcolor = "#FF9696"];
9 [label = "P1: -2 1 3 
P2: -1 2 2 
P3: 0 0 0 
",  style="filled", fillcolor = "#FF9696"];
10 [label = "P1: -2 0 3 
P2: -2 1 2 
P3: 0 0 0 
"];
11 [label = "P1: -2 1 3 
P2: -2 2 2 
P3: 0 0 0 
"];
12 [label = "P3: 0 0 0 
",  style="filled", fillcolor = "#FF96FF"];
13 [label = "P1: -1 0 2 
P2: 0 1 1 
"];
14 [label = "P1: 0 0 2 
P2: 0 1 1 
"];
15 [label = "P2: 0 1 1 
", style="filled", fillcolor = "#9696FF"];
16 [label = "P1: -1 0 3 
",  style="filled", fillcolor = "#FF96FF"];
edge [style=bold];
0 -- 1 [color="#1E96FF", penwidth=4.0];

1 -- 2 [color="#1E96FF", penwidth=4.0];

2 -- 3 [color="#1E96FF", penwidth=4.0];

3 -- 4 [color="#1E96FF", penwidth=4.0];

4 -- 5 [color="#1E96FF", penwidth=4.0];

5 -- 6 [color="#1E96FF", penwidth=4.0];

6 -- 7 [color=black];
6 -- 8 [color="#1E96FF", penwidth=4.0];

7 -- 9 [color=black];

8 -- 10 [color=black];
8 -- 12 [color=black];
8 -- 13 [color=black];

9 -- 11 [color=black];



13 -- 14 [color="#1E96FF", penwidth=4.0];

14 -- 15 [color="#1E96FF", penwidth=4.0];
14 -- 16 [color=black];

}
