digraph G {
color = "black"
0[label = "Index: 0 
P0: 0 0 0 
P1: 0 0 0 
P2: 0 0 0 
P3: 0 0 0 
", style="filled", fillcolor = "green"]
1[label = "Index: 1 
P0: 0 0 1 
P1: 0 0 0 
P2: 0 0 0 
P3: 0 0 0 
", color = "orange"]
2[label = "Index: 2 
P0: 0 0 1 
P1: -1 0 0 
P2: 0 0 0 
P3: 0 0 0 
", color = "orange"]
3[label = "Index: 3 
P0: 0 0 1 
P1: -1 0 0 
P2: 0 0 -1 
P3: 0 0 0 
", color = "orange"]
4[label = "Index: 4 
P0: 0 0 1 
P1: -2 0 0 
P2: 0 0 -1 
P3: 0 0 0 
", color = "orange"]
5[label = "Index: 5 
P0: 0 0 1 
P1: -2 0 0 
P2: 0 0 -2 
P3: 0 0 0 
", color = "orange"]
6[label = "Index: 6 
P0: 0 1 1 
P1: -2 1 0 
P2: 0 1 -2 
P3: 0 0 0 
", color = "orange"]
7[label = "Index: 7 
P0: 0 1 2 
P1: -2 1 0 
P2: 0 1 -2 
P3: 0 0 0 
"]
8[label = "Index: 8 
P0: 0 1 3 
P1: -2 1 0 
P2: 0 1 -2 
P3: 0 0 0 
", color = "orange"]
9[label = "Index: 9 
P0: 0 1 3 
P1: -2 0 0 
P2: 0 0 -2 
P3: 0 0 0 
", color = "orange"]
10[label = "Index: 10 
P0: 0 1 4 
P1: -2 0 1 
P2: 0 0 -1 
P3: 0 0 0 
"]
11[label = "Index: 11 
P0: 0 1 5 
P1: -2 0 2 
P2: 0 0 0 
P3: 0 0 0 
", color = "orange"]
12[label = "Index: 12 
P0: 0 0 4 
P1: -2 0 1 
P2: 0 0 -1 
P3: 0 0 0 
"]
13[label = "Index: 13 
P0: 0 0 5 
P1: -2 0 2 
P2: 0 0 0 
P3: 0 0 0 
", color = "orange"]
14[label = "Index: 14 
P0: 0 0 4 
P1: -2 0 1 
P2: 0 0 0 
P3: 0 0 0 
"]
15[label = "Index: 15 
P0: 0 0 4 
P1: -2 0 2 
P2: 0 0 0 
P3: 0 0 0 
"]
16[label = "Index: 16 
P0: -1 0 5 
P1: -2 0 2 
P2: 0 0 0 
P3: 0 0 0 
", style="filled", fillcolor = "red"]
17[label = "Index: 17 
P0: -2 0 5 
P1: -2 0 2 
P2: 0 0 0 
P3: 0 0 0 
", color = "purple"]
18[label = "Index: 18 
P0: -3 0 5 
P1: -2 0 2 
P2: 0 0 0 
P3: 0 0 0 
", color = "purple"]
19[label = "Index: 19 
P0: -1 0 5 
P1: -3 0 2 
P2: 0 0 0 
P3: 0 0 0 
", color = "purple"]
20[label = "Index: 20 
P0: -2 0 5 
P1: -4 0 2 
P2: 0 0 0 
P3: 0 0 0 
", color = "purple"]
21[label = "Index: 21 
P0: -3 0 5 
P1: -5 0 2 
P2: 0 0 0 
P3: 0 0 0 
", color = "purple"]
22[label = "Index: 22 
P0: -2 0 5 
P1: -3 0 2 
P2: 0 0 0 
P3: 0 0 0 
"]
23[label = "Index: 23 
P0: -3 0 5 
P1: -3 0 2 
P2: 0 0 0 
P3: 0 0 0 
"]
24[label = "Index: 24 
P0: -1 0 5 
P1: -3 0 3 
P2: 0 0 0 
P3: 0 0 0 
"]
25[label = "Index: 25 
P0: -3 0 5 
P1: -4 0 2 
P2: 0 0 0 
P3: 0 0 0 
"]
26[label = "Index: 26 
P0: -2 1 5 
P1: -4 0 2 
P2: 0 0 0 
P3: 0 0 0 
"]
27[label = "Index: 27 
P0: -2 0 5 
P1: -4 0 3 
P2: 0 0 0 
P3: 0 0 0 
"]
28[label = "Index: 28 
P0: -2 0 5 
P1: -4 0 4 
P2: 0 0 0 
P3: 0 0 0 
"]
29[label = "Index: 29 
P0: -3 1 5 
P1: -5 0 2 
P2: 0 0 0 
P3: 0 0 0 
"]
30[label = "Index: 30 
P0: -3 0 4 
P1: -5 0 2 
P2: 0 0 0 
P3: 0 0 0 
"]
31[label = "Index: 31 
P0: -3 0 3 
P1: -5 0 2 
P2: 0 0 0 
P3: 0 0 0 
"]
32[label = "Index: 32 
P0: -3 0 5 
P1: -5 -1 2 
P2: 0 0 0 
P3: 0 0 0 
"]
33[label = "Index: 33 
P0: -3 0 5 
P1: -5 0 3 
P2: 0 0 0 
P3: 0 0 0 
"]
34[label = "Index: 34 
P0: -3 0 5 
P1: -5 0 4 
P2: 0 0 0 
P3: 0 0 0 
"]
35[label = "Index: 35 
P0: -1 0 5 
", color = "fuchsia"]
36[label = "Index: 36 
P1: -2 0 2 
P2: 0 0 0 
P3: 0 0 0 
", color = "red"]
37[label = "Index: 37 
P1: -2 0 2 
", color = "fuchsia"]
38[label = "Index: 38 
P2: 0 0 0 
P3: 0 0 0 
", color = "red"]
39[label = "Index: 39 
P2: 0 0 0 
", style="filled", fillcolor = "blue"]
40[label = "Index: 40 
P3: 0 0 0 
", color = "fuchsia"]
0 -> 1

1 -> 0
1 -> 2

2 -> 1
2 -> 3

3 -> 2
3 -> 4

4 -> 3
4 -> 5

5 -> 4
5 -> 6

6 -> 5
6 -> 7
6 -> 8

7 -> 6
7 -> 8

8 -> 6
8 -> 7
8 -> 9

9 -> 8
9 -> 10
9 -> 11

10 -> 9
10 -> 12
10 -> 11

11 -> 9
11 -> 10
11 -> 13

12 -> 10
12 -> 14
12 -> 15
12 -> 13

13 -> 11
13 -> 12
13 -> 16
13 -> 17
13 -> 18
13 -> 15
13 -> 19
13 -> 20
13 -> 21
13 -> 14

14 -> 12
14 -> 13
14 -> 15

15 -> 12
15 -> 13
15 -> 14

16 -> 13
16 -> 19
16 -> 36
16 -> 35

17 -> 13
17 -> 20

18 -> 13
18 -> 21

19 -> 13
19 -> 22
19 -> 23
19 -> 16
19 -> 24

20 -> 13
20 -> 25
20 -> 26
20 -> 22
20 -> 17
20 -> 27
20 -> 28

21 -> 13
21 -> 29
21 -> 30
21 -> 31
21 -> 25
21 -> 23
21 -> 18
21 -> 32
21 -> 33
21 -> 34

22 -> 19
22 -> 20

23 -> 19
23 -> 21

24 -> 19

25 -> 20
25 -> 21

26 -> 20

27 -> 20

28 -> 20

29 -> 21

30 -> 21

31 -> 21

32 -> 21

33 -> 21

34 -> 21

36 -> 38
36 -> 37

38 -> 40
38 -> 39

}
