digraph G {
color = "black"
0[label = "Index: 0 
P0: 0 0 0 
P1: 0 0 0 
P2: 0 0 0 
P3: 0 0 0 
", style="filled", fillcolor = "green"]
1[label = "Index: 1 
P0: 0 0 1 
P1: 0 0 0 
P2: 0 0 0 
P3: 0 0 0 
", color = "orange"]
2[label = "Index: 2 
P0: 0 0 1 
P1: -1 0 0 
P2: 0 0 0 
P3: 0 0 0 
", color = "orange"]
3[label = "Index: 3 
P0: 0 0 1 
P1: -1 0 0 
P2: 0 0 -1 
P3: 0 0 0 
", color = "orange"]
4[label = "Index: 4 
P0: 0 0 1 
P1: -2 0 0 
P2: 0 0 -1 
P3: 0 0 0 
", color = "orange"]
5[label = "Index: 5 
P0: 0 1 1 
P1: -2 1 0 
P2: 0 1 -1 
P3: 0 0 0 
", color = "orange"]
6[label = "Index: 6 
P0: 0 1 1 
P1: -2 1 0 
P2: 0 1 -2 
P3: 0 0 0 
", color = "orange"]
7[label = "Index: 7 
P0: 0 2 1 
P1: -2 2 0 
P2: 0 2 -2 
P3: 0 0 0 
", color = "orange"]
8[label = "Index: 8 
P0: 0 2 2 
P1: -2 2 0 
P2: 0 2 -2 
P3: 0 0 0 
"]
9[label = "Index: 9 
P0: 0 2 3 
P1: -2 2 0 
P2: 0 2 -2 
P3: 0 0 0 
", color = "orange"]
10[label = "Index: 10 
P0: 0 1 3 
P1: -2 1 0 
P2: 0 1 -2 
P3: 0 0 0 
", color = "orange"]
11[label = "Index: 11 
P0: 0 1 3 
P1: -2 1 0 
P2: 0 1 -1 
P3: 0 0 0 
"]
12[label = "Index: 12 
P0: 0 1 3 
P1: -2 1 1 
P2: 0 1 -1 
P3: 0 0 0 
"]
13[label = "Index: 13 
P0: 0 1 4 
P1: -2 1 1 
P2: 0 1 -1 
P3: 0 0 0 
", color = "orange"]
14[label = "Index: 14 
P0: 0 0 4 
P1: -2 0 1 
P2: 0 0 -1 
P3: 0 0 0 
", color = "orange"]
15[label = "Index: 15 
P0: -1 0 4 
P1: -2 0 1 
P2: 0 0 -1 
P3: 0 0 0 
", style="filled", fillcolor = "red"]
16[label = "Index: 16 
P0: -2 0 4 
P1: -2 0 1 
P2: 0 0 -1 
P3: 0 0 0 
", color = "purple"]
17[label = "Index: 17 
P0: -1 0 4 
P1: -3 0 1 
P2: 0 0 -1 
P3: 0 0 0 
"]
18[label = "Index: 18 
P0: -2 0 4 
P1: -4 0 1 
P2: 0 0 -1 
P3: 0 0 0 
"]
19[label = "Index: 19 
P0: 0 0 4 
P1: -2 0 1 
P2: 0 0 0 
P3: 0 0 0 
"]
20[label = "Index: 20 
P0: 0 0 4 
P1: -2 0 2 
P2: 0 0 0 
P3: 0 0 0 
"]
21[label = "Index: 21 
P0: 0 0 5 
P1: -2 0 2 
P2: 0 0 0 
P3: 0 0 0 
", color = "purple"]
22[label = "Index: 22 
P0: -2 0 4 
P1: -3 0 1 
P2: 0 0 -1 
P3: 0 0 0 
", color = "purple"]
23[label = "Index: 23 
P0: -1 0 4 
P1: -3 0 1 
P2: 0 0 0 
P3: 0 0 0 
"]
24[label = "Index: 24 
P0: -1 0 4 
P1: -3 0 2 
P2: 0 0 0 
P3: 0 0 0 
"]
25[label = "Index: 25 
P0: -1 0 5 
P1: -3 0 2 
P2: 0 0 0 
P3: 0 0 0 
", color = "purple"]
26[label = "Index: 26 
P0: -2 1 4 
P1: -4 1 1 
P2: 0 0 -1 
P3: 0 0 0 
", color = "purple"]
27[label = "Index: 27 
P0: -2 0 4 
P1: -4 0 1 
P2: 0 1 -1 
P3: 0 0 0 
"]
28[label = "Index: 28 
P0: -2 0 4 
P1: -4 0 1 
P2: 0 0 0 
P3: 0 0 0 
", color = "purple"]
29[label = "Index: 29 
P0: -2 0 4 
P1: -4 0 2 
P2: 0 0 0 
P3: 0 0 0 
", color = "purple"]
30[label = "Index: 30 
P0: -2 1 4 
P1: -4 1 1 
P2: 0 1 -1 
P3: 0 0 0 
", color = "purple"]
31[label = "Index: 31 
P0: -2 0 5 
P1: -4 0 2 
P2: 0 0 0 
P3: 0 0 0 
", color = "purple"]
32[label = "Index: 32 
P0: -1 0 4 
P1: -2 0 1 
P2: 0 0 0 
P3: 0 0 0 
", color = "purple"]
33[label = "Index: 33 
P0: -2 0 4 
P1: -2 0 1 
P2: 0 0 0 
P3: 0 0 0 
", color = "purple"]
34[label = "Index: 34 
P0: -1 0 4 
P1: -2 0 2 
P2: 0 0 0 
P3: 0 0 0 
", color = "purple"]
35[label = "Index: 35 
P0: -2 0 4 
P1: -2 0 2 
P2: 0 0 0 
P3: 0 0 0 
", color = "purple"]
36[label = "Index: 36 
P0: -1 0 5 
P1: -2 0 2 
P2: 0 0 0 
P3: 0 0 0 
"]
37[label = "Index: 37 
P0: -2 0 5 
P1: -2 0 2 
P2: 0 0 0 
P3: 0 0 0 
"]
38[label = "Index: 38 
P0: -3 0 5 
P1: -2 0 2 
P2: 0 0 0 
P3: 0 0 0 
"]
39[label = "Index: 39 
P0: -4 0 5 
P1: -2 0 2 
P2: 0 0 0 
P3: 0 0 0 
"]
40[label = "Index: 40 
P0: -5 0 5 
P1: -2 0 2 
P2: 0 0 0 
P3: 0 0 0 
"]
41[label = "Index: 41 
P0: -6 0 5 
P1: -2 0 2 
P2: 0 0 0 
P3: 0 0 0 
"]
42[label = "Index: 42 
P0: -2 0 4 
P1: -3 0 1 
P2: 0 0 0 
P3: 0 0 0 
", color = "purple"]
43[label = "Index: 43 
P0: -2 0 4 
P1: -3 0 2 
P2: 0 0 0 
P3: 0 0 0 
", color = "purple"]
44[label = "Index: 44 
P0: -2 2 4 
P1: -4 2 1 
P2: 0 1 -1 
P3: 0 0 0 
", color = "purple"]
45[label = "Index: 45 
P0: -1 0 4 
", color = "fuchsia"]
46[label = "Index: 46 
P1: -2 0 1 
P2: 0 0 -1 
P3: 0 0 0 
", color = "red"]
47[label = "Index: 47 
P1: -2 0 1 
", color = "fuchsia"]
48[label = "Index: 48 
P2: 0 0 -1 
P3: 0 0 0 
", color = "orange"]
49[label = "Index: 49 
P2: 0 1 -1 
P3: 0 0 0 
", color = "red"]
50[label = "Index: 50 
P2: 0 0 0 
P3: 0 0 0 
"]
51[label = "Index: 51 
P2: 0 1 -1 
", style="filled", fillcolor = "blue"]
52[label = "Index: 52 
P3: 0 0 0 
", color = "fuchsia"]
0 -> 1

1 -> 0
1 -> 2

2 -> 1
2 -> 3

3 -> 2
3 -> 4

4 -> 3
4 -> 5

5 -> 4
5 -> 6

6 -> 5
6 -> 7

7 -> 6
7 -> 8
7 -> 9

8 -> 7
8 -> 9

9 -> 7
9 -> 8
9 -> 10

10 -> 9
10 -> 11
10 -> 12
10 -> 13

11 -> 10
11 -> 12
11 -> 13

12 -> 10
12 -> 11
12 -> 13

13 -> 10
13 -> 11
13 -> 12
13 -> 14

14 -> 13
14 -> 15
14 -> 16
14 -> 17
14 -> 18
14 -> 19
14 -> 20
14 -> 21

15 -> 14
15 -> 17
15 -> 46
15 -> 45

16 -> 14
16 -> 18

17 -> 14
17 -> 22
17 -> 15
17 -> 18
17 -> 23
17 -> 24
17 -> 25

18 -> 14
18 -> 17
18 -> 22
18 -> 16
18 -> 26
18 -> 27
18 -> 28
18 -> 29
18 -> 30
18 -> 31

19 -> 14
19 -> 32
19 -> 33
19 -> 20
19 -> 23
19 -> 28
19 -> 21

20 -> 14
20 -> 19
20 -> 34
20 -> 35
20 -> 21
20 -> 24
20 -> 29

21 -> 14
21 -> 19
21 -> 20
21 -> 36
21 -> 37
21 -> 38
21 -> 39
21 -> 40
21 -> 41

22 -> 17
22 -> 18

23 -> 17
23 -> 19
23 -> 42
23 -> 32
23 -> 24
23 -> 28
23 -> 25

24 -> 17
24 -> 20
24 -> 23
24 -> 43
24 -> 25
24 -> 34
24 -> 29

25 -> 17
25 -> 23
25 -> 24

26 -> 18

27 -> 18
27 -> 30
27 -> 44

28 -> 18
28 -> 19
28 -> 23
28 -> 42
28 -> 33
28 -> 29

29 -> 18
29 -> 20
29 -> 24
29 -> 28
29 -> 31
29 -> 43
29 -> 35

30 -> 18
30 -> 27

31 -> 18
31 -> 29

32 -> 19
32 -> 23

33 -> 19
33 -> 28

34 -> 20
34 -> 24

35 -> 20
35 -> 29

36 -> 21

37 -> 21

38 -> 21

39 -> 21

40 -> 21

41 -> 21

42 -> 23
42 -> 28

43 -> 24
43 -> 29

44 -> 27

46 -> 48
46 -> 47

48 -> 49
48 -> 50

49 -> 48
49 -> 52
49 -> 51

50 -> 48

}
