graph G {
color = "black"
0 [label = "P1: 0 0 0 
P2: 0 0 0 
P3: 0 0 0 
P4: 0 0 0 
",  style="filled", fillcolor = "#96FF96"];
1 [label = "P1: 0 0 1 
P2: 0 0 0 
P3: 0 0 0 
P4: 0 0 0 
"];
2 [label = "P1: 0 0 1 
P2: -1 0 0 
P3: 0 0 0 
P4: 0 0 0 
"];
3 [label = "P1: 0 0 1 
P2: -1 0 0 
P3: 0 0 -1 
P4: 0 0 0 
"];
4 [label = "P1: 0 0 1 
P2: -2 0 0 
P3: 0 0 -1 
P4: 0 0 0 
"];
5 [label = "P1: 0 0 1 
P2: -2 0 0 
P3: 0 0 -1 
P4: 0 -1 0 
"];
6 [label = "P1: 0 0 1 
P2: -2 0 0 
P3: 0 0 -2 
P4: 0 -1 0 
"];
7 [label = "P1: 0 0 1 
P2: -2 0 0 
P3: 0 0 -2 
P4: 0 -2 0 
"];
8 [label = "P1: 0 2 2 
P2: -2 2 0 
P3: 0 2 -2 
P4: 0 0 0 
"];
9 [label = "P1: 0 0 3 
P2: -2 0 0 
P3: 0 0 -2 
P4: 0 -2 0 
"];
10 [label = "P1: 0 2 1 
P2: -2 2 -1 
P3: 0 2 -2 
P4: 0 0 0 
"];
11 [label = "P1: 0 2 1 
P2: -2 2 -1 
P3: 0 2 -3 
P4: 0 0 0 
"];
12 [label = "P1: 0 2 2 
P2: -2 2 -1 
P3: 0 2 -2 
P4: 0 0 0 
"];
13 [label = "P1: 0 2 2 
P2: -2 2 -1 
P3: 0 2 -3 
P4: 0 0 0 
"];
14 [label = "P1: 0 -1 3 
P2: -2 0 0 
P3: 0 0 -2 
P4: 0 -2 0 
"];
15 [label = "P1: 0 1 3 
P2: -2 1 0 
P3: 0 1 -2 
P4: 0 0 0 
"];
16 [label = "P1: -1 -1 3 
P2: -3 0 0 
P3: 0 0 -2 
P4: 0 -2 0 
"];
17 [label = "P1: 0 1 3 
P2: -2 1 0 
P3: 0 1 -1 
P4: 0 0 0 
"];
18 [label = "P1: -1 0 3 
P2: -3 1 0 
P3: 0 1 -2 
P4: 0 0 0 
"];
19 [label = "P1: -1 1 2 
P2: -3 2 -1 
P3: 0 2 -3 
P4: 0 0 0 
"];
20 [label = "P1: -1 -1 3 
P2: -3 0 0 
P3: 0 0 -2 
P4: 0 -2 2 
"];
21 [label = "P1: -1 0 4 
P2: -3 1 1 
P3: 0 1 -1 
P4: 0 0 0 
"];
22 [label = "P1: -1 -1 3 
P2: -3 0 0 
P3: 0 0 -2 
P4: 0 -1 2 
"];
23 [label = "P1: -1 0 1 
P2: -3 1 -2 
P3: -1 1 -4 
P4: 0 0 0 
"];
24 [label = "P1: -1 -1 3 
P2: -3 0 0 
P3: 1 0 -2 
P4: 0 -1 2 
"];
25 [label = "P1: -1 1 1 
P2: -3 1 -2 
P3: -1 1 -4 
P4: 0 0 0 
"];
26 [label = "P1: -1 0 3 
P2: -3 0 0 
P3: 1 0 -2 
P4: 0 -1 2 
"];
27 [label = "P1: -1 0 1 
P2: -3 0 -2 
P3: 1 0 -4 
P4: 0 0 0 
"];
28 [label = "P1: -1 0 3 
P2: -3 0 0 
P3: 1 0 -1 
P4: 0 -1 2 
"];
29 [label = "P1: -1 1 1 
P2: -3 2 -2 
P3: 1 1 -3 
P4: 0 0 0 
"];
30 [label = "P1: -1 1 3 
P2: -3 1 0 
P3: 1 0 -1 
P4: 0 -1 2 
"];
31 [label = "P1: -1 1 3 
P2: -3 1 0 
P3: 1 0 -1 
P4: 1 -1 2 
"];
32 [label = "P1: -1 1 3 
P2: -3 1 0 
P3: 1 1 -1 
P4: 1 -1 2 
"];
33 [label = "P1: -2 2 1 
P2: -4 3 -2 
P3: 0 2 -3 
P4: 0 0 0 
"];
34 [label = "P1: -2 2 1 
P2: -4 2 -1 
P3: 0 1 -2 
P4: 0 0 0 
"];
35 [label = "P1: -2 2 1 
P2: -4 2 0 
P3: 0 1 -1 
P4: 0 0 0 
"];
36 [label = "P1: -2 3 1 
P2: -4 3 -2 
P3: 0 2 -3 
P4: 0 0 0 
"];
37 [label = "P1: -2 2 2 
P2: -4 2 -1 
P3: 0 1 -2 
P4: 0 0 0 
"];
38 [label = "P1: -2 2 3 
P2: -4 2 0 
P3: 0 1 -1 
P4: 0 0 0 
"];
39 [label = "P1: -1 1 3 
P2: -2 1 0 
P3: 1 1 -1 
P4: 1 -1 2 
"];
3939 [label = "P1: -1 1 -∞ 
P2: -2 1 0 
P3: 1 1 -1 
P4: 1 -1 2 
",  style="filled", fillcolor = "#FF9696"];
40 [label = "P1: -2 2 1 
P2: -4 2 -1 
P3: 0 2 -3 
P4: 0 0 0 
"];
41 [label = "P1: -2 2 2 
P2: -4 2 -1 
P3: 0 2 -3 
P4: 0 0 0 
"];
42 [label = "P1: -2 2 1 
P2: -4 2 -2 
P3: 0 2 -4 
P4: 0 0 0 
"];
43 [label = "P1: -2 2 2 
P2: -4 2 -1 
P3: 0 2 -2 
P4: 0 0 0 
"];
44 [label = "P1: -2 2 2 
P2: -4 3 -1 
P3: 0 2 -2 
P4: 0 0 0 
"];
45 [label = "P1: -2 3 1 
P2: -4 3 -1 
P3: 0 2 -2 
P4: 0 0 0 
"];
46 [label = "P1: -2 2 2 
P2: -4 2 0 
P3: 0 1 -1 
P4: 0 0 0 
"];
47 [label = "P1: -2 3 2 
P2: -4 3 -1 
P3: 0 2 -2 
P4: 0 0 0 
"];
48 [label = "P1: -2 2 1 
P2: -3 2 -1 
P3: 0 2 -3 
P4: 0 0 0 
"];
4848 [label = "P1: -2 2 -∞ 
P2: -3 2 -1 
P3: 0 2 -3 
P4: 0 0 0 
",  style="filled", fillcolor = "#FF9696"];
49 [label = "P1: -2 2 1 
P2: -2 2 -1 
P3: 0 2 -3 
P4: 0 0 0 
"];
4949 [label = "P1: -2 2 -∞ 
P2: -2 2 -1 
P3: 0 2 -3 
P4: 0 0 0 
",  style="filled", fillcolor = "#FF9696"];
50 [label = "P1: -2 2 2 
P2: -4 2 0 
P3: 0 2 -2 
P4: 0 0 0 
"];
51 [label = "P1: -2 2 2 
P2: -3 2 -1 
P3: 0 2 -3 
P4: 0 0 0 
"];
5151 [label = "P1: -2 2 -∞ 
P2: -3 2 -1 
P3: 0 2 -3 
P4: 0 0 0 
",  style="filled", fillcolor = "#FF9696"];
52 [label = "P1: -2 2 2 
P2: -2 2 -1 
P3: 0 2 -3 
P4: 0 0 0 
"];
5252 [label = "P1: -2 2 -∞ 
P2: -2 2 -1 
P3: 0 2 -3 
P4: 0 0 0 
",  style="filled", fillcolor = "#FF9696"];
53 [label = "P1: -2 2 3 
P2: -4 2 0 
P3: 0 2 -2 
P4: 0 0 0 
"];
54 [label = "P1: -2 2 1 
P2: -3 2 -2 
P3: 0 2 -4 
P4: 0 0 0 
"];
5454 [label = "P1: -2 2 -∞ 
P2: -3 2 -2 
P3: 0 2 -4 
P4: 0 0 0 
",  style="filled", fillcolor = "#FF9696"];
55 [label = "P1: -2 2 2 
P2: -3 2 -1 
P3: 0 2 -2 
P4: 0 0 0 
"];
5555 [label = "P1: -2 2 -∞ 
P2: -3 2 -1 
P3: 0 2 -2 
P4: 0 0 0 
",  style="filled", fillcolor = "#FF9696"];
56 [label = "P1: -2 2 2 
P2: -2 2 -1 
P3: 0 2 -2 
P4: 0 0 0 
"];
5656 [label = "P1: -2 2 -∞ 
P2: -2 2 -1 
P3: 0 2 -2 
P4: 0 0 0 
",  style="filled", fillcolor = "#FF9696"];
57 [label = "P1: -2 2 2 
P2: -3 2 0 
P3: 0 2 -2 
P4: 0 0 0 
"];
5757 [label = "P1: -2 2 -∞ 
P2: -3 2 0 
P3: 0 2 -2 
P4: 0 0 0 
",  style="filled", fillcolor = "#FF9696"];
58 [label = "P1: -2 2 2 
P2: -2 2 0 
P3: 0 2 -2 
P4: 0 0 0 
"];
5858 [label = "P1: -2 2 -∞ 
P2: -2 2 0 
P3: 0 2 -2 
P4: 0 0 0 
",  style="filled", fillcolor = "#FF9696"];
59 [label = "P1: -2 2 3 
P2: -3 2 0 
P3: 0 2 -2 
P4: 0 0 0 
"];
5959 [label = "P1: -2 2 -∞ 
P2: -3 2 0 
P3: 0 2 -2 
P4: 0 0 0 
",  style="filled", fillcolor = "#FF9696"];
60 [label = "P1: -2 2 3 
P2: -2 2 0 
P3: 0 2 -2 
P4: 0 0 0 
"];
6060 [label = "P1: -2 2 -∞ 
P2: -2 2 0 
P3: 0 2 -2 
P4: 0 0 0 
",  style="filled", fillcolor = "#FF9696"];
edge [style=bold];
0 -- 1 [color="#1E96FF", penwidth=4.0];

1 -- 2 [color="#1E96FF", penwidth=4.0];

2 -- 3 [color="#1E96FF", penwidth=4.0];

3 -- 4 [color="#1E96FF", penwidth=4.0];

4 -- 5 [color="#1E96FF", penwidth=4.0];

5 -- 6 [color="#1E96FF", penwidth=4.0];

6 -- 7 [color="#1E96FF", penwidth=4.0];

7 -- 8 [color=black];
7 -- 9 [color="#1E96FF", penwidth=4.0];
7 -- 10 [color=black];
7 -- 11 [color=black];

8 -- 9 [color=black];
8 -- 12 [color=black];
8 -- 10 [color=black];
8 -- 13 [color=black];
8 -- 11 [color=black];

9 -- 14 [color="#1E96FF", penwidth=4.0];
9 -- 12 [color=black];
9 -- 15 [color=black];
9 -- 13 [color=black];

10 -- 12 [color=black];
10 -- 11 [color=black];

11 -- 13 [color=black];
11 -- 12 [color=black];

12 -- 13 [color=black];


14 -- 16 [color="#1E96FF", penwidth=4.0];
14 -- 15 [color=black];

15 -- 17 [color=black];

16 -- 18 [color=black];
16 -- 19 [color=black];
16 -- 20 [color="#1E96FF", penwidth=4.0];


18 -- 21 [color=black];

19 -- 20 [color=black];

20 -- 22 [color="#1E96FF", penwidth=4.0];


22 -- 23 [color=black];
22 -- 24 [color="#1E96FF", penwidth=4.0];

23 -- 25 [color=black];
23 -- 24 [color=black];

24 -- 26 [color="#1E96FF", penwidth=4.0];
24 -- 27 [color=black];


26 -- 28 [color="#1E96FF", penwidth=4.0];
26 -- 27 [color=black];


28 -- 29 [color=black];
28 -- 30 [color="#1E96FF", penwidth=4.0];

29 -- 30 [color=black];

30 -- 31 [color="#1E96FF", penwidth=4.0];

31 -- 32 [color="#1E96FF", penwidth=4.0];
31 -- 33 [color=black];
31 -- 34 [color=black];
31 -- 35 [color=black];
31 -- 36 [color=black];
31 -- 37 [color=black];
31 -- 38 [color=black];

32 -- 39 [color="#1E96FF", penwidth=4.0];
32 -- 33 [color=black];
32 -- 40 [color=black];
32 -- 36 [color=black];
32 -- 41 [color=black];
32 -- 42 [color=black];
32 -- 43 [color=black];

33 -- 36 [color=black];
33 -- 44 [color=black];

34 -- 37 [color=black];
34 -- 35 [color=black];
34 -- 45 [color=black];
34 -- 46 [color=black];

35 -- 46 [color=black];
35 -- 38 [color=black];

36 -- 45 [color=black];
36 -- 47 [color=black];

37 -- 43 [color=black];
37 -- 44 [color=black];
37 -- 46 [color=black];
37 -- 47 [color=black];
37 -- 38 [color=black];

38 -- 46 [color=black];


39 -- 3939 [color="#1E96FF", penwidth=4.0];
40 -- 41 [color=black];
40 -- 48 [color=black];
40 -- 49 [color=black];
40 -- 43 [color=black];
40 -- 42 [color=black];
40 -- 50 [color=black];

41 -- 51 [color=black];
41 -- 52 [color=black];
41 -- 43 [color=black];
41 -- 50 [color=black];
41 -- 42 [color=black];
41 -- 53 [color=black];

42 -- 54 [color=black];
42 -- 53 [color=black];

43 -- 55 [color=black];
43 -- 56 [color=black];
43 -- 44 [color=black];
43 -- 50 [color=black];
43 -- 47 [color=black];
