digraph G {
color = "black"
0[label = "Index: 0 
P0: 0 0 0 
P1: 0 0 0 
P2: 0 0 0 
P3: 0 0 0 
P4: 0 0 0 
", style="filled", fillcolor = "green"]
1[label = "Index: 1 
P0: -1 0 0 
P1: 0 0 0 
P2: 0 0 0 
P3: 0 0 0 
P4: 0 0 0 
"]
2[label = "Index: 2 
P0: -2 0 0 
P1: 0 0 0 
P2: 0 0 0 
P3: 0 0 0 
P4: 0 0 0 
", color = "orange"]
3[label = "Index: 3 
P0: -2 0 0 
P1: 0 -1 0 
P2: 0 0 0 
P3: 0 0 0 
P4: 0 0 0 
"]
4[label = "Index: 4 
P0: -2 0 0 
P1: 0 -1 0 
P2: 0 -1 0 
P3: 0 0 0 
P4: 0 0 0 
", color = "orange"]
5[label = "Index: 5 
P0: -2 0 0 
P1: 0 -1 0 
P2: 0 -1 0 
P3: 0 -1 0 
P4: 0 0 0 
"]
6[label = "Index: 6 
P0: -1 0 0 
P1: 1 -1 0 
P2: 1 -1 0 
P3: 1 0 0 
P4: 0 0 0 
", color = "orange"]
7[label = "Index: 7 
P0: 0 0 0 
P1: 2 -1 0 
P2: 2 -1 0 
P3: 2 0 0 
P4: 0 0 0 
"]
8[label = "Index: 8 
P0: -1 0 0 
P1: 1 -1 0 
P2: 1 -1 0 
P3: 1 -1 0 
P4: 0 0 0 
"]
9[label = "Index: 9 
P0: 0 0 0 
P1: 2 -1 0 
P2: 2 -1 0 
P3: 2 -1 0 
P4: 0 0 0 
"]
10[label = "Index: 10 
P0: -1 0 0 
P1: 1 -1 -1 
P2: 1 -1 -1 
P3: 1 0 -1 
P4: 0 0 0 
", style="filled", fillcolor = "red"]
11[label = "Index: 11 
P0: -1 0 -1 
P1: 1 -1 -1 
P2: 1 -1 -1 
P3: 1 0 -1 
P4: 0 0 0 
"]
12[label = "Index: 12 
P0: 0 0 0 
P1: 2 -1 0 
P2: 2 0 0 
P3: 2 0 0 
P4: 0 0 0 
"]
13[label = "Index: 13 
P0: 0 0 0 
P1: 2 0 0 
P2: 2 0 0 
P3: 2 0 0 
P4: 0 0 0 
"]
14[label = "Index: 14 
P0: 0 0 0 
P1: 2 -1 -1 
P2: 2 -1 -1 
P3: 2 0 -1 
P4: 0 0 0 
", color = "purple"]
15[label = "Index: 15 
P0: 0 0 0 
P1: 2 -1 -2 
P2: 2 -1 -2 
P3: 2 0 -2 
P4: 0 0 0 
", color = "purple"]
16[label = "Index: 16 
P0: 0 0 0 
P1: 2 -1 -3 
P2: 2 -1 -3 
P3: 2 0 -3 
P4: 0 0 0 
", color = "purple"]
17[label = "Index: 17 
P0: 0 0 0 
P1: 2 -1 -4 
P2: 2 -1 -4 
P3: 2 0 -4 
P4: 0 0 0 
", color = "purple"]
18[label = "Index: 18 
P0: 0 0 0 
P1: 2 -1 -5 
P2: 2 -1 -5 
P3: 2 0 -5 
P4: 0 0 0 
", color = "purple"]
19[label = "Index: 19 
P0: 0 0 0 
P1: 2 -1 -6 
P2: 2 -1 -6 
P3: 2 0 -6 
P4: 0 0 0 
", color = "purple"]
20[label = "Index: 20 
P0: -1 0 0 
P1: 1 -1 -1 
P2: 1 -1 -1 
P3: 1 -1 -1 
P4: 0 0 0 
", color = "purple"]
21[label = "Index: 21 
P0: -1 0 -1 
P1: 1 -1 -1 
P2: 1 -1 -1 
P3: 1 -1 -1 
P4: 0 0 0 
"]
22[label = "Index: 22 
P0: 0 0 0 
P1: 2 -1 -1 
P2: 2 -1 -1 
P3: 2 -1 -1 
P4: 0 0 0 
", color = "purple"]
23[label = "Index: 23 
P0: 0 0 0 
P1: 2 -1 -2 
P2: 2 -1 -2 
P3: 2 -1 -2 
P4: 0 0 0 
", color = "purple"]
24[label = "Index: 24 
P0: 0 0 0 
P1: 2 -1 -3 
P2: 2 -1 -3 
P3: 2 -1 -3 
P4: 0 0 0 
", color = "purple"]
25[label = "Index: 25 
P0: 0 0 0 
P1: 2 -1 -4 
P2: 2 -1 -4 
P3: 2 -1 -4 
P4: 0 0 0 
", color = "purple"]
26[label = "Index: 26 
P0: 0 0 0 
P1: 2 -1 -5 
P2: 2 -1 -5 
P3: 2 -1 -5 
P4: 0 0 0 
", color = "purple"]
27[label = "Index: 27 
P0: 0 0 0 
P1: 2 -1 -6 
P2: 2 -1 -6 
P3: 2 -1 -6 
P4: 0 0 0 
", color = "purple"]
28[label = "Index: 28 
P0: 0 0 0 
P1: 2 -1 -1 
P2: 2 0 -1 
P3: 2 0 -1 
P4: 0 0 0 
", color = "purple"]
29[label = "Index: 29 
P0: 0 0 0 
P1: 2 0 -1 
P2: 2 0 -1 
P3: 2 0 -1 
P4: 0 0 0 
", color = "purple"]
30[label = "Index: 30 
P0: -1 0 0 
", color = "fuchsia"]
31[label = "Index: 31 
P1: 1 -1 -1 
P2: 1 -1 -1 
P3: 1 0 -1 
P4: 0 0 0 
", color = "red"]
32[label = "Index: 32 
P1: 1 -1 -1 
", color = "fuchsia"]
33[label = "Index: 33 
P2: 1 -1 -1 
P3: 1 0 -1 
P4: 0 0 0 
", color = "red"]
34[label = "Index: 34 
P2: 1 -1 -1 
", color = "fuchsia"]
35[label = "Index: 35 
P3: 1 0 -1 
P4: 0 0 0 
", color = "red"]
36[label = "Index: 36 
P3: 1 0 -1 
", style="filled", fillcolor = "blue"]
37[label = "Index: 37 
P4: 0 0 0 
", color = "fuchsia"]
0 -> 1
0 -> 2

1 -> 0
1 -> 2

2 -> 0
2 -> 1
2 -> 3
2 -> 4
2 -> 5

3 -> 2
3 -> 4
3 -> 5

4 -> 2
4 -> 3
4 -> 5
4 -> 6
4 -> 7

5 -> 2
5 -> 3
5 -> 4
5 -> 8
5 -> 9

6 -> 4
6 -> 8
6 -> 10
6 -> 7
6 -> 11

7 -> 4
7 -> 6
7 -> 12
7 -> 13
7 -> 9
7 -> 14
7 -> 15
7 -> 16
7 -> 17
7 -> 18
7 -> 19

8 -> 5
8 -> 6
8 -> 20
8 -> 9
8 -> 21

9 -> 5
9 -> 7
9 -> 8
9 -> 12
9 -> 13
9 -> 22
9 -> 23
9 -> 24
9 -> 25
9 -> 26
9 -> 27

10 -> 6
10 -> 11
10 -> 31
10 -> 30

11 -> 6
11 -> 10
11 -> 21

12 -> 7
12 -> 9
12 -> 13
12 -> 28

13 -> 7
13 -> 9
13 -> 12
13 -> 29

14 -> 7

15 -> 7

16 -> 7

17 -> 7

18 -> 7

19 -> 7

20 -> 8
20 -> 21

21 -> 8
21 -> 11
21 -> 20

22 -> 9

23 -> 9

24 -> 9

25 -> 9

26 -> 9

27 -> 9

28 -> 12

29 -> 13

31 -> 33
31 -> 32

33 -> 35
33 -> 34

35 -> 37
35 -> 36

}
